    1.49900E+02    1.90385E-02    9.81142E-01
    1.50000E+02    1.90650E-02    9.81116E-01
    1.50100E+02    1.90877E-02    9.81093E-01
    1.50200E+02    1.90591E-02    9.81121E-01
    1.50300E+02    1.90767E-02    9.81104E-01
    1.50400E+02    1.90641E-02    9.81116E-01
    1.50500E+02    1.90696E-02    9.81111E-01
    1.50600E+02    1.90789E-02    9.81102E-01
    1.50700E+02    1.90900E-02    9.81091E-01
    1.50800E+02    1.91017E-02    9.81080E-01
    1.50900E+02    1.91144E-02    9.81067E-01
    1.51000E+02    1.91277E-02    9.81054E-01
    1.51100E+02    1.91439E-02    9.81038E-01
    1.51200E+02    1.91561E-02    9.81026E-01
    1.51300E+02    1.91712E-02    9.81011E-01
    1.51400E+02    1.91863E-02    9.80997E-01
    1.51500E+02    1.92019E-02    9.80981E-01
    1.51600E+02    1.92188E-02    9.80965E-01
    1.51700E+02    1.92348E-02    9.80949E-01
    1.51800E+02    1.92514E-02    9.80933E-01
    1.51900E+02    1.92692E-02    9.80915E-01
    1.52000E+02    1.92870E-02    9.80898E-01
    1.52100E+02    1.93060E-02    9.80879E-01
    1.52200E+02    1.93202E-02    9.80865E-01
    1.52300E+02    1.93412E-02    9.80845E-01
    1.52400E+02    1.93632E-02    9.80823E-01
    1.52500E+02    1.93884E-02    9.80798E-01
    1.52600E+02    1.94113E-02    9.80776E-01
    1.52700E+02    1.94378E-02    9.80750E-01
    1.52800E+02    1.94671E-02    9.80721E-01
    1.52900E+02    1.95007E-02    9.80688E-01
    1.53000E+02    1.95438E-02    9.80646E-01
    1.53100E+02    1.95876E-02    9.80603E-01
    1.53200E+02    1.96366E-02    9.80555E-01
    1.53300E+02    1.97026E-02    9.80490E-01
    1.53400E+02    1.97981E-02    9.80397E-01
    1.53500E+02    1.99487E-02    9.80249E-01
    1.53600E+02    2.02194E-02    9.79984E-01
    1.53700E+02    2.13012E-02    9.78924E-01
    1.53800E+02    2.12548E-02    9.78969E-01
    1.53900E+02    2.30255E-02    9.77238E-01
    1.54000E+02    2.67816E-02    9.73574E-01
    1.54100E+02    2.48356E-02    9.75470E-01
    1.54200E+02    2.14617E-02    9.78767E-01
    1.54300E+02    2.06265E-02    9.79585E-01
    1.54400E+02    2.02806E-02    9.79924E-01
    1.54500E+02    2.01201E-02    9.80081E-01
    1.54600E+02    2.00396E-02    9.80160E-01
    1.54700E+02    2.00001E-02    9.80199E-01
    1.54800E+02    1.99798E-02    9.80219E-01
    1.54900E+02    1.99710E-02    9.80227E-01
    1.55000E+02    1.99751E-02    9.80223E-01
    1.55100E+02    1.99825E-02    9.80216E-01
    1.55200E+02    1.99947E-02    9.80204E-01
    1.55300E+02    2.00104E-02    9.80188E-01
    1.55400E+02    2.00302E-02    9.80169E-01
    1.55500E+02    2.00537E-02    9.80146E-01
    1.55600E+02    2.00816E-02    9.80119E-01
    1.55700E+02    2.01163E-02    9.80085E-01
    1.55800E+02    2.01655E-02    9.80036E-01
    1.55900E+02    2.02578E-02    9.79946E-01
    1.56000E+02    2.04363E-02    9.79771E-01
    1.56100E+02    2.20618E-02    9.78180E-01
    1.56200E+02    2.05278E-02    9.79681E-01
    1.56300E+02    2.03574E-02    9.79848E-01
    1.56400E+02    2.03434E-02    9.79862E-01
    1.56500E+02    2.04631E-02    9.79745E-01
    1.56600E+02    2.03645E-02    9.79841E-01
    1.56700E+02    2.03823E-02    9.79824E-01
    1.56800E+02    2.03891E-02    9.79817E-01
    1.56900E+02    2.04126E-02    9.79794E-01
    1.57000E+02    2.04538E-02    9.79754E-01
    1.57100E+02    2.04741E-02    9.79734E-01
    1.57200E+02    2.05257E-02    9.79684E-01
    1.57300E+02    2.06295E-02    9.79582E-01
    1.57400E+02    2.05708E-02    9.79639E-01
    1.57500E+02    2.05903E-02    9.79620E-01
    1.57600E+02    2.06190E-02    9.79592E-01
    1.57700E+02    2.06504E-02    9.79561E-01
    1.57800E+02    2.06827E-02    9.79530E-01
    1.57900E+02    2.07165E-02    9.79497E-01
    1.58000E+02    2.07515E-02    9.79462E-01
    1.58100E+02    2.07880E-02    9.79427E-01
    1.58200E+02    2.08259E-02    9.79389E-01
    1.58300E+02    2.08686E-02    9.79348E-01
    1.58400E+02    2.09186E-02    9.79299E-01
    1.58500E+02    2.10471E-02    9.79173E-01
    1.58600E+02    2.10527E-02    9.79167E-01
    1.58700E+02    2.10242E-02    9.79195E-01
    1.58800E+02    2.10543E-02    9.79166E-01
    1.58900E+02    2.10883E-02    9.79133E-01
    1.59000E+02    2.11273E-02    9.79094E-01
    1.59100E+02    2.11764E-02    9.79046E-01
    1.59200E+02    2.12283E-02    9.78995E-01
    1.59300E+02    2.12608E-02    9.78964E-01
    1.59400E+02    2.12928E-02    9.78932E-01
    1.59500E+02    2.13580E-02    9.78868E-01
    1.59600E+02    2.13833E-02    9.78844E-01
    1.59700E+02    2.14126E-02    9.78815E-01
    1.59800E+02    2.14563E-02    9.78772E-01
    1.59900E+02    2.15140E-02    9.78716E-01
    1.60000E+02    2.15559E-02    9.78675E-01
    1.60100E+02    2.15910E-02    9.78640E-01
    1.60200E+02    2.16368E-02    9.78596E-01
    1.60300E+02    2.16766E-02    9.78557E-01
    1.60400E+02    2.17356E-02    9.78499E-01
    1.60500E+02    2.17747E-02    9.78461E-01
    1.60600E+02    2.18169E-02    9.78419E-01
    1.60700E+02    2.18640E-02    9.78373E-01
    1.60800E+02    2.19121E-02    9.78326E-01
    1.60900E+02    2.19617E-02    9.78278E-01
    1.61000E+02    2.20131E-02    9.78227E-01
    1.61100E+02    2.20658E-02    9.78176E-01
    1.61200E+02    2.21224E-02    9.78121E-01
    1.61300E+02    2.21842E-02    9.78060E-01
    1.61400E+02    2.22256E-02    9.78020E-01
    1.61500E+02    2.22780E-02    9.77968E-01
    1.61600E+02    2.23323E-02    9.77915E-01
    1.61700E+02    2.23890E-02    9.77860E-01
    1.61800E+02    2.24456E-02    9.77804E-01
    1.61900E+02    2.25047E-02    9.77747E-01
    1.62000E+02    2.25634E-02    9.77689E-01
    1.62100E+02    2.26235E-02    9.77631E-01
    1.62200E+02    2.26853E-02    9.77570E-01
    1.62300E+02    2.27540E-02    9.77503E-01
    1.62400E+02    2.28116E-02    9.77447E-01
    1.62500E+02    2.28760E-02    9.77384E-01
    1.62600E+02    2.29428E-02    9.77318E-01
    1.62700E+02    2.30097E-02    9.77253E-01
    1.62800E+02    2.30800E-02    9.77184E-01
    1.62900E+02    2.31529E-02    9.77113E-01
    1.63000E+02    2.32281E-02    9.77040E-01
    1.63100E+02    2.33118E-02    9.76958E-01
    1.63200E+02    2.34310E-02    9.76841E-01
    1.63300E+02    2.35237E-02    9.76751E-01
    1.63400E+02    2.35533E-02    9.76722E-01
    1.63500E+02    2.36309E-02    9.76646E-01
    1.63600E+02    2.37221E-02    9.76557E-01
    1.63700E+02    2.38121E-02    9.76469E-01
    1.63800E+02    2.39125E-02    9.76371E-01
    1.63900E+02    2.40218E-02    9.76264E-01
    1.64000E+02    2.41443E-02    9.76145E-01
    1.64100E+02    2.42722E-02    9.76020E-01
    1.64200E+02    2.44240E-02    9.75872E-01
    1.64300E+02    2.46041E-02    9.75696E-01
    1.64400E+02    2.48289E-02    9.75477E-01
    1.64500E+02    2.51310E-02    9.75182E-01
    1.64600E+02    2.55860E-02    9.74739E-01
    1.64700E+02    2.64216E-02    9.73924E-01
    1.64800E+02    2.82859E-02    9.72110E-01
    1.64900E+02    3.48802E-02    9.65721E-01
    1.65000E+02    3.55650E-02    9.65060E-01
    1.65100E+02    2.88274E-02    9.71584E-01
    1.65200E+02    2.75843E-02    9.72793E-01
    1.65300E+02    2.74822E-02    9.72892E-01
    1.65400E+02    2.79761E-02    9.72412E-01
    1.65500E+02    2.92885E-02    9.71136E-01
    1.65600E+02    3.25125E-02    9.68010E-01
    1.65700E+02    4.35073E-02    9.57426E-01
    1.65800E+02    8.57981E-02    9.17780E-01
    1.65900E+02    3.83574E-02    9.62369E-01
    1.66000E+02    3.13702E-02    9.69117E-01
    1.66100E+02    2.90505E-02    9.71367E-01
    1.66200E+02    2.83064E-02    9.72090E-01
    1.66300E+02    2.74822E-02    9.72892E-01
    1.66400E+02    2.71592E-02    9.73206E-01
    1.66500E+02    2.70310E-02    9.73331E-01
    1.66600E+02    2.71159E-02    9.73248E-01
    1.66700E+02    2.69263E-02    9.73433E-01
    1.66800E+02    2.69238E-02    9.73435E-01
    1.66900E+02    2.69665E-02    9.73394E-01
    1.67000E+02    2.70413E-02    9.73321E-01
    1.67100E+02    2.71536E-02    9.73212E-01
    1.67200E+02    2.72976E-02    9.73072E-01
    1.67300E+02    2.75249E-02    9.72850E-01
    1.67400E+02    2.79347E-02    9.72452E-01
    1.67500E+02    2.92134E-02    9.71209E-01
    1.67600E+02    3.14553E-02    9.69034E-01
    1.67700E+02    2.85747E-02    9.71830E-01
    1.67800E+02    2.81466E-02    9.72246E-01
    1.67900E+02    2.80680E-02    9.72322E-01
    1.68000E+02    2.80955E-02    9.72295E-01
    1.68100E+02    2.81704E-02    9.72223E-01
    1.68200E+02    2.82684E-02    9.72127E-01
    1.68300E+02    2.83835E-02    9.72016E-01
    1.68400E+02    2.85082E-02    9.71894E-01
    1.68500E+02    2.86430E-02    9.71763E-01
    1.68600E+02    2.87881E-02    9.71622E-01
    1.68700E+02    2.89446E-02    9.71470E-01
    1.68800E+02    2.91319E-02    9.71288E-01
    1.68900E+02    2.94655E-02    9.70964E-01
    1.69000E+02    2.98927E-02    9.70550E-01
    1.69100E+02    2.96557E-02    9.70780E-01
    1.69200E+02    2.97396E-02    9.70698E-01
    1.69300E+02    2.98874E-02    9.70555E-01
    1.69400E+02    3.00463E-02    9.70401E-01
    1.69500E+02    3.02216E-02    9.70231E-01
    1.69600E+02    3.04135E-02    9.70044E-01
    1.69700E+02    3.06000E-02    9.69863E-01
    1.69800E+02    3.08332E-02    9.69637E-01
    1.69900E+02    3.10393E-02    9.69437E-01
    1.70000E+02    3.13000E-02    9.69185E-01
    1.70100E+02    3.13777E-02    9.69109E-01
    1.70200E+02    3.15775E-02    9.68916E-01
    1.70300E+02    3.19100E-02    9.68594E-01
    1.70400E+02    3.19973E-02    9.68509E-01
    1.70500E+02    3.22100E-02    9.68303E-01
    1.70600E+02    3.24343E-02    9.68086E-01
    1.70700E+02    3.26672E-02    9.67861E-01
    1.70800E+02    3.29078E-02    9.67628E-01
    1.70900E+02    3.31588E-02    9.67385E-01
    1.71000E+02    3.34293E-02    9.67123E-01
    1.71100E+02    3.37138E-02    9.66848E-01
    1.71200E+02    3.40160E-02    9.66556E-01
    1.71300E+02    3.43934E-02    9.66191E-01
    1.71400E+02    3.56193E-02    9.65008E-01
    1.71500E+02    3.49803E-02    9.65624E-01
    1.71600E+02    3.51090E-02    9.65500E-01
    1.71700E+02    3.53433E-02    9.65274E-01
    1.71800E+02    3.56232E-02    9.65004E-01
    1.71900E+02    3.59220E-02    9.64716E-01
    1.72000E+02    3.62342E-02    9.64414E-01
    1.72100E+02    3.65547E-02    9.64105E-01
    1.72200E+02    3.68866E-02    9.63785E-01
    1.72300E+02    3.72284E-02    9.63456E-01
    1.72400E+02    3.75811E-02    9.63116E-01
    1.72500E+02    3.79451E-02    9.62766E-01
    1.72600E+02    3.83210E-02    9.62404E-01
    1.72700E+02    3.87118E-02    9.62028E-01
    1.72800E+02    3.91307E-02    9.61625E-01
    1.72900E+02    3.95359E-02    9.61235E-01
    1.73000E+02    3.99746E-02    9.60814E-01
    1.73100E+02    4.04501E-02    9.60357E-01
    1.73200E+02    4.09909E-02    9.59838E-01
    1.73300E+02    4.17427E-02    9.59117E-01
    1.73400E+02    4.28591E-02    9.58046E-01
    1.73500E+02    4.62845E-02    9.54770E-01
    1.73600E+02    4.34770E-02    9.57455E-01
    1.73700E+02    4.34919E-02    9.57440E-01
    1.73800E+02    4.38440E-02    9.57103E-01
    1.73900E+02    4.43038E-02    9.56663E-01
    1.74000E+02    4.48224E-02    9.56167E-01
    1.74100E+02    4.53719E-02    9.55642E-01
    1.74200E+02    4.59582E-02    9.55082E-01
    1.74300E+02    4.65596E-02    9.54508E-01
    1.74400E+02    4.71946E-02    9.53902E-01
    1.74500E+02    4.78705E-02    9.53257E-01
    1.74600E+02    4.85637E-02    9.52597E-01
    1.74700E+02    4.92976E-02    9.51898E-01
    1.74800E+02    5.00954E-02    9.51139E-01
    1.74900E+02    5.09922E-02    9.50286E-01
    1.75000E+02    5.21017E-02    9.49232E-01
    1.75100E+02    5.39789E-02    9.47452E-01
    1.75200E+02    5.95458E-02    9.42192E-01
    1.75300E+02    5.63682E-02    9.45191E-01
    1.75400E+02    6.04774E-02    9.41315E-01
    1.75500E+02    6.04219E-02    9.41367E-01
    1.75600E+02    5.80118E-02    9.43639E-01
    1.75700E+02    5.81685E-02    9.43491E-01
    1.75800E+02    5.88315E-02    9.42866E-01
    1.75900E+02    5.97053E-02    9.42042E-01
    1.76000E+02    6.06805E-02    9.41124E-01
    1.76100E+02    6.17390E-02    9.40128E-01
    1.76200E+02    6.28726E-02    9.39063E-01
    1.76300E+02    6.40655E-02    9.37944E-01
    1.76400E+02    6.54961E-02    9.36603E-01
    1.76500E+02    6.66068E-02    9.35563E-01
    1.76600E+02    6.79358E-02    9.34320E-01
    1.76700E+02    6.93426E-02    9.33007E-01
    1.76800E+02    7.08257E-02    9.31624E-01
    1.76900E+02    7.23699E-02    9.30187E-01
    1.77000E+02    7.39877E-02    9.28683E-01
    1.77100E+02    7.56629E-02    9.27129E-01
    1.77200E+02    7.74197E-02    9.25501E-01
    1.77300E+02    7.92604E-02    9.23799E-01
    1.77400E+02    8.11986E-02    9.22011E-01
    1.77500E+02    8.32095E-02    9.20158E-01
    1.77600E+02    8.53252E-02    9.18214E-01
    1.77700E+02    8.75469E-02    9.16176E-01
    1.77800E+02    8.98804E-02    9.14040E-01
    1.77900E+02    9.23352E-02    9.11799E-01
    1.78000E+02    9.48932E-02    9.09470E-01
    1.78100E+02    9.75917E-02    9.07019E-01
    1.78200E+02    1.00433E-01    9.04445E-01
    1.78300E+02    1.03428E-01    9.01741E-01
    1.78400E+02    1.06596E-01    8.98888E-01
    1.78500E+02    1.09996E-01    8.95838E-01
    1.78600E+02    1.13718E-01    8.92510E-01
    1.78700E+02    1.17201E-01    8.89406E-01
    1.78800E+02    1.21023E-01    8.86013E-01
    1.78900E+02    1.25135E-01    8.82378E-01
    1.79000E+02    1.29502E-01    8.78533E-01
    1.79100E+02    1.34132E-01    8.74475E-01
    1.79200E+02    1.39044E-01    8.70190E-01
    1.79300E+02    1.44261E-01    8.65662E-01
    1.79400E+02    1.49798E-01    8.60882E-01
    1.79500E+02    1.55694E-01    8.55821E-01
    1.79600E+02    1.61966E-01    8.50470E-01
    1.79700E+02    1.68655E-01    8.44800E-01
    1.79800E+02    1.75796E-01    8.38789E-01
    1.79900E+02    1.83480E-01    8.32368E-01
    1.80000E+02    1.92698E-01    8.24731E-01
    1.80100E+02    2.00270E-01    8.18510E-01
    1.80200E+02    2.09457E-01    8.11024E-01
    1.80300E+02    2.19367E-01    8.03027E-01
    1.80400E+02    2.30012E-01    7.94524E-01
    1.80500E+02    2.41431E-01    7.85503E-01
    1.80600E+02    2.53701E-01    7.75924E-01
    1.80700E+02    2.66879E-01    7.65765E-01
    1.80800E+02    2.81045E-01    7.54994E-01
    1.80900E+02    2.96291E-01    7.43571E-01
    1.81000E+02    3.12734E-01    7.31444E-01
    1.81100E+02    3.30364E-01    7.18662E-01
    1.81200E+02    3.49341E-01    7.05153E-01
    1.81300E+02    3.69789E-01    6.90880E-01
    1.81400E+02    3.91814E-01    6.75830E-01
    1.81500E+02    4.15469E-01    6.60031E-01
    1.81600E+02    4.40884E-01    6.43467E-01
    1.81700E+02    4.68155E-01    6.26157E-01
    1.81800E+02    4.97359E-01    6.08134E-01
    1.81900E+02    5.28532E-01    5.89470E-01
    1.82000E+02    5.61757E-01    5.70206E-01
    1.82100E+02    5.97038E-01    5.50440E-01
    1.82200E+02    6.34625E-01    5.30134E-01
    1.82300E+02    6.72926E-01    5.10213E-01
    1.82400E+02    7.13195E-01    4.90076E-01
    1.82500E+02    7.54523E-01    4.70235E-01
    1.82600E+02    7.96485E-01    4.50911E-01
    1.82700E+02    8.38262E-01    4.32462E-01
    1.82800E+02    8.78918E-01    4.15232E-01
    1.82900E+02    9.17278E-01    3.99605E-01
    1.83000E+02    9.51821E-01    3.86037E-01
    1.83100E+02    9.80836E-01    3.74997E-01
    1.83200E+02    1.00222E+00    3.67065E-01
    1.83300E+02    1.01278E+00    3.63207E-01
    1.83400E+02    1.00745E+00    3.65150E-01
    1.83500E+02    9.90227E-01    3.71492E-01
    1.83600E+02    9.64718E-01    3.81091E-01
    1.83700E+02    9.33155E-01    3.93311E-01
    1.83800E+02    8.97559E-01    4.07563E-01
    1.83900E+02    8.59145E-01    4.23524E-01
    1.84000E+02    8.19431E-01    4.40682E-01
    1.84100E+02    7.79838E-01    4.58480E-01
    1.84200E+02    7.42434E-01    4.75954E-01
    1.84300E+02    7.14037E-01    4.89663E-01
    1.84400E+02    7.04330E-01    4.94440E-01
    1.84500E+02    6.31953E-01    5.31553E-01
    1.84600E+02    5.91766E-01    5.53349E-01
    1.84700E+02    5.61027E-01    5.70623E-01
    1.84800E+02    5.28342E-01    5.89582E-01
    1.84900E+02    4.93753E-01    6.10331E-01
    1.85000E+02    4.64782E-01    6.28272E-01
    1.85100E+02    4.38388E-01    6.45075E-01
    1.85200E+02    4.13984E-01    6.61012E-01
    1.85300E+02    3.91456E-01    6.76072E-01
    1.85400E+02    3.70493E-01    6.90394E-01
    1.85500E+02    3.51558E-01    7.03591E-01
    1.85600E+02    3.33659E-01    7.16298E-01
    1.85700E+02    3.15931E-01    7.29110E-01
    1.85800E+02    3.00078E-01    7.40760E-01
    1.85900E+02    2.85397E-01    7.51716E-01
    1.86000E+02    2.71763E-01    7.62035E-01
    1.86100E+02    2.59080E-01    7.71761E-01
    1.86200E+02    2.47258E-01    7.80939E-01
    1.86300E+02    2.36241E-01    7.89590E-01
    1.86400E+02    2.25965E-01    7.97746E-01
    1.86500E+02    2.16360E-01    8.05445E-01
    1.86600E+02    2.07335E-01    8.12747E-01
    1.86700E+02    1.98913E-01    8.19621E-01
    1.86800E+02    1.91035E-01    8.26104E-01
    1.86900E+02    1.83655E-01    8.32223E-01
    1.87000E+02    1.76765E-01    8.37977E-01
    1.87100E+02    1.70593E-01    8.43164E-01
    1.87200E+02    1.64361E-01    8.48436E-01
    1.87300E+02    1.58323E-01    8.53574E-01
    1.87400E+02    1.52842E-01    8.58265E-01
    1.87500E+02    1.47706E-01    8.62685E-01
    1.87600E+02    1.42905E-01    8.66836E-01
    1.87700E+02    1.38332E-01    8.70809E-01
    1.87800E+02    1.34088E-01    8.74513E-01
    1.87900E+02    1.30397E-01    8.77747E-01
    1.88000E+02    1.26077E-01    8.81547E-01
    1.88100E+02    1.22350E-01    8.84839E-01
    1.88200E+02    1.18855E-01    8.87937E-01
    1.88300E+02    1.15550E-01    8.90876E-01
    1.88400E+02    1.12416E-01    8.93672E-01
    1.88500E+02    1.09430E-01    8.96345E-01
    1.88600E+02    1.06596E-01    8.98889E-01
    1.88700E+02    1.03905E-01    9.01311E-01
    1.88800E+02    1.01367E-01    9.03602E-01
    1.88900E+02    9.91665E-02    9.05592E-01
    1.89000E+02    9.66137E-02    9.07907E-01
    1.89100E+02    9.43558E-02    9.09959E-01
    1.89200E+02    9.22135E-02    9.11910E-01
    1.89300E+02    9.01951E-02    9.13753E-01
    1.89400E+02    8.82280E-02    9.15552E-01
    1.89500E+02    8.63683E-02    9.17256E-01
    1.89600E+02    8.45956E-02    9.18884E-01
    1.89700E+02    8.29016E-02    9.20442E-01
    1.89800E+02    8.12647E-02    9.21950E-01
    1.89900E+02    7.97023E-02    9.23391E-01
    1.90000E+02    7.82063E-02    9.24774E-01
    1.90100E+02    7.67716E-02    9.26101E-01
    1.90200E+02    7.53984E-02    9.27374E-01
    1.90300E+02    7.40908E-02    9.28587E-01
    1.90400E+02    7.28452E-02    9.29745E-01
    1.90500E+02    7.17420E-02    9.30771E-01
    1.90600E+02    7.08340E-02    9.31617E-01
    1.90700E+02    6.93549E-02    9.32995E-01
    1.90800E+02    6.82171E-02    9.34058E-01
    1.90900E+02    6.71519E-02    9.35053E-01
    1.91000E+02    6.61371E-02    9.36003E-01
    1.91100E+02    6.51656E-02    9.36912E-01
    1.91200E+02    6.42282E-02    9.37791E-01
    1.91300E+02    6.33271E-02    9.38636E-01
    1.91400E+02    6.24612E-02    9.39449E-01
    1.91500E+02    6.16279E-02    9.40233E-01
    1.91600E+02    6.08281E-02    9.40985E-01
    1.91700E+02    6.00687E-02    9.41700E-01
    1.91800E+02    5.94458E-02    9.42287E-01
    1.91900E+02    5.86082E-02    9.43076E-01
    1.92000E+02    5.78959E-02    9.43748E-01
    1.92100E+02    5.72265E-02    9.44380E-01
    1.92200E+02    5.66073E-02    9.44965E-01
    1.92300E+02    5.60111E-02    9.45529E-01
    1.92400E+02    5.53863E-02    9.46120E-01
    1.92500E+02    5.48121E-02    9.46663E-01
    1.92600E+02    5.42816E-02    9.47165E-01
    1.92700E+02    5.38033E-02    9.47618E-01
    1.92800E+02    5.33253E-02    9.48072E-01
    1.92900E+02    5.29357E-02    9.48441E-01
    1.93000E+02    5.26407E-02    9.48721E-01
    1.93100E+02    5.25791E-02    9.48779E-01
    1.93200E+02    5.30892E-02    9.48295E-01
    1.93300E+02    5.69988E-02    9.44595E-01
    1.93400E+02    5.68301E-02    9.44755E-01
    1.93500E+02    5.18639E-02    9.49458E-01
    1.93600E+02    5.04527E-02    9.50799E-01
    1.93700E+02    4.96821E-02    9.51532E-01
    1.93800E+02    4.91250E-02    9.52062E-01
    1.93900E+02    4.86641E-02    9.52501E-01
    1.94000E+02    4.82555E-02    9.52890E-01
    1.94100E+02    4.78788E-02    9.53249E-01
    1.94200E+02    4.75317E-02    9.53580E-01
    1.94300E+02    4.72163E-02    9.53881E-01
    1.94400E+02    4.69195E-02    9.54164E-01
    1.94500E+02    4.66704E-02    9.54402E-01
    1.94600E+02    4.64724E-02    9.54591E-01
    1.94700E+02    4.63431E-02    9.54714E-01
    1.94800E+02    4.63141E-02    9.54742E-01
    1.94900E+02    4.64500E-02    9.54612E-01
    1.95000E+02    4.68757E-02    9.54206E-01
    1.95100E+02    4.78857E-02    9.53243E-01
    1.95200E+02    5.03166E-02    9.50928E-01
    1.95300E+02    5.73622E-02    9.44252E-01
    1.95400E+02    9.59819E-02    9.08480E-01
    1.95500E+02    7.10903E-02    9.31378E-01
    1.95600E+02    5.51448E-02    9.46348E-01
    1.95700E+02    6.00743E-02    9.41695E-01
    1.95800E+02    4.98675E-02    9.51356E-01
    1.95900E+02    4.56877E-02    9.55340E-01
    1.96000E+02    4.40266E-02    9.56929E-01
    1.96100E+02    4.30708E-02    9.57844E-01
    1.96200E+02    4.24233E-02    9.58464E-01
    1.96300E+02    4.19076E-02    9.58958E-01
    1.96400E+02    4.15330E-02    9.59318E-01
    1.96500E+02    4.11340E-02    9.59700E-01
    1.96600E+02    4.08125E-02    9.60009E-01
    1.96700E+02    4.05274E-02    9.60283E-01
    1.96800E+02    4.02692E-02    9.60531E-01
    1.96900E+02    4.00307E-02    9.60760E-01
    1.97000E+02    3.97980E-02    9.60984E-01
    1.97100E+02    3.95890E-02    9.61184E-01
    1.97200E+02    3.93854E-02    9.61380E-01
    1.97300E+02    3.91913E-02    9.61567E-01
    1.97400E+02    3.90189E-02    9.61733E-01
    1.97500E+02    3.89157E-02    9.61832E-01
    1.97600E+02    3.87822E-02    9.61960E-01
    1.97700E+02    3.85457E-02    9.62188E-01
    1.97800E+02    3.83564E-02    9.62370E-01
    1.97900E+02    3.82114E-02    9.62509E-01
    1.98000E+02    3.82959E-02    9.62428E-01
    1.98100E+02    3.79198E-02    9.62790E-01
    1.98200E+02    3.77574E-02    9.62947E-01
    1.98300E+02    3.76195E-02    9.63079E-01
    1.98400E+02    3.74922E-02    9.63202E-01
    1.98500E+02    3.73726E-02    9.63317E-01
    1.98600E+02    3.72637E-02    9.63422E-01
    1.98700E+02    3.71613E-02    9.63521E-01
    1.98800E+02    3.70748E-02    9.63604E-01
    1.98900E+02    3.70108E-02    9.63666E-01
    1.99000E+02    3.69931E-02    9.63683E-01
    1.99100E+02    3.70913E-02    9.63588E-01
    1.99200E+02    3.78660E-02    9.62842E-01
    1.99300E+02    3.85312E-02    9.62202E-01
    1.99400E+02    4.23949E-02    9.58491E-01
    1.99500E+02    3.74527E-02    9.63240E-01
    1.99600E+02    3.66973E-02    9.63968E-01
    1.99700E+02    3.63585E-02    9.64295E-01
    1.99800E+02    3.61651E-02    9.64481E-01
    1.99900E+02    3.60265E-02    9.64615E-01
    2.00000E+02    3.59176E-02    9.64720E-01
    2.00100E+02    3.58159E-02    9.64818E-01
    2.00200E+02    3.57288E-02    9.64902E-01
    2.00300E+02    3.56504E-02    9.64978E-01
    2.00400E+02    3.55788E-02    9.65047E-01
    2.00500E+02    3.55132E-02    9.65110E-01
    2.00600E+02    3.54530E-02    9.65168E-01
    2.00700E+02    3.53980E-02    9.65221E-01
    2.00800E+02    3.53503E-02    9.65267E-01
    2.00900E+02    3.53077E-02    9.65308E-01
    2.01000E+02    3.52696E-02    9.65345E-01
    2.01100E+02    3.52369E-02    9.65377E-01
    2.01200E+02    3.52114E-02    9.65401E-01
    2.01300E+02    3.51966E-02    9.65416E-01
    2.01400E+02    3.52169E-02    9.65396E-01
    2.01500E+02    3.52262E-02    9.65387E-01
    2.01600E+02    3.51723E-02    9.65439E-01
    2.01700E+02    3.51698E-02    9.65441E-01
    2.01800E+02    3.51815E-02    9.65430E-01
    2.01900E+02    3.52039E-02    9.65409E-01
    2.02000E+02    3.52370E-02    9.65377E-01
    2.02100E+02    3.52794E-02    9.65336E-01
    2.02200E+02    3.53411E-02    9.65276E-01
    2.02300E+02    3.53975E-02    9.65222E-01
    2.02400E+02    3.54712E-02    9.65150E-01
    2.02500E+02    3.55488E-02    9.65076E-01
    2.02600E+02    3.56435E-02    9.64984E-01
    2.02700E+02    3.57420E-02    9.64889E-01
    2.02800E+02    3.58495E-02    9.64785E-01
    2.02900E+02    3.59572E-02    9.64682E-01
    2.03000E+02    3.60646E-02    9.64578E-01
    2.03100E+02    3.61712E-02    9.64475E-01
    2.03200E+02    3.62770E-02    9.64373E-01
    2.03300E+02    3.64152E-02    9.64240E-01
    2.03400E+02    3.68723E-02    9.63799E-01
    2.03500E+02    3.68807E-02    9.63791E-01
    2.03600E+02    3.62409E-02    9.64408E-01
    2.03700E+02    3.59929E-02    9.64647E-01
    2.03800E+02    3.57964E-02    9.64837E-01
    2.03900E+02    3.56052E-02    9.65021E-01
    2.04000E+02    3.54550E-02    9.65166E-01
    2.04100E+02    3.52083E-02    9.65404E-01
    2.04200E+02    3.50176E-02    9.65588E-01
    2.04300E+02    3.48384E-02    9.65762E-01
    2.04400E+02    3.46696E-02    9.65925E-01
    2.04500E+02    3.45107E-02    9.66078E-01
    2.04600E+02    3.43638E-02    9.66220E-01
    2.04700E+02    3.42266E-02    9.66353E-01
    2.04800E+02    3.41046E-02    9.66470E-01
    2.04900E+02    3.39939E-02    9.66577E-01
    2.05000E+02    3.38857E-02    9.66682E-01
    2.05100E+02    3.38092E-02    9.66756E-01
    2.05200E+02    3.39250E-02    9.66644E-01
    2.05300E+02    3.36624E-02    9.66898E-01
    2.05400E+02    3.35701E-02    9.66987E-01
    2.05500E+02    3.35432E-02    9.67013E-01
    2.05600E+02    3.35091E-02    9.67046E-01
    2.05700E+02    3.34866E-02    9.67068E-01
    2.05800E+02    3.35396E-02    9.67017E-01
    2.05900E+02    3.37458E-02    9.66817E-01
    2.06000E+02    3.44389E-02    9.66147E-01
    2.06100E+02    3.85726E-02    9.62162E-01
    2.06200E+02    3.59245E-02    9.64713E-01
    2.06300E+02    3.39511E-02    9.66619E-01
    2.06400E+02    3.34306E-02    9.67122E-01
    2.06500E+02    3.35589E-02    9.66998E-01
    2.06600E+02    3.30523E-02    9.67488E-01
    2.06700E+02    3.29359E-02    9.67601E-01
    2.06800E+02    3.28653E-02    9.67669E-01
    2.06900E+02    3.28167E-02    9.67716E-01
    2.07000E+02    3.27809E-02    9.67751E-01
    2.07100E+02    3.27569E-02    9.67774E-01
    2.07200E+02    3.27447E-02    9.67786E-01
    2.07300E+02    3.27494E-02    9.67781E-01
    2.07400E+02    3.27984E-02    9.67734E-01
    2.07500E+02    3.30482E-02    9.67492E-01
    2.07600E+02    3.28073E-02    9.67725E-01
    2.07700E+02    3.28211E-02    9.67712E-01
    2.07800E+02    3.28785E-02    9.67656E-01
    2.07900E+02    3.29775E-02    9.67560E-01
    2.08000E+02    3.31339E-02    9.67409E-01
    2.08100E+02    3.33824E-02    9.67169E-01
    2.08200E+02    3.37918E-02    9.66773E-01
    2.08300E+02    3.45336E-02    9.66056E-01
    2.08400E+02    3.60661E-02    9.64577E-01
    2.08500E+02    4.00867E-02    9.60706E-01
    2.08600E+02    5.86279E-02    9.43058E-01
    2.08700E+02    5.28259E-02    9.48545E-01
    2.08800E+02    3.91106E-02    9.61644E-01
    2.08900E+02    3.56891E-02    9.64940E-01
    2.09000E+02    3.43085E-02    9.66273E-01
    2.09100E+02    3.36162E-02    9.66943E-01
    2.09200E+02    3.32148E-02    9.67331E-01
    2.09300E+02    3.29779E-02    9.67560E-01
    2.09400E+02    3.28713E-02    9.67663E-01
    2.09500E+02    3.31078E-02    9.67434E-01
    2.09600E+02    3.27627E-02    9.67768E-01
    2.09700E+02    3.25797E-02    9.67945E-01
    2.09800E+02    3.25236E-02    9.68000E-01
    2.09900E+02    3.25136E-02    9.68009E-01
    2.10000E+02    3.25519E-02    9.67972E-01
    2.10100E+02    3.26736E-02    9.67854E-01
    2.10200E+02    3.35069E-02    9.67048E-01
    2.10300E+02    3.32551E-02    9.67292E-01
    2.10400E+02    3.54823E-02    9.65140E-01
    2.10500E+02    3.41547E-02    9.66422E-01
    2.10600E+02    3.43911E-02    9.66194E-01
    2.10700E+02    3.70917E-02    9.63588E-01
    2.10800E+02    5.69548E-02    9.44637E-01
    2.10900E+02    3.66423E-02    9.64021E-01
    2.11000E+02    3.39669E-02    9.66603E-01
    2.11100E+02    3.31017E-02    9.67440E-01
    2.11200E+02    3.27061E-02    9.67823E-01
    2.11300E+02    3.24689E-02    9.68053E-01
    2.11400E+02    3.23301E-02    9.68187E-01
    2.11500E+02    3.22387E-02    9.68275E-01
    2.11600E+02    3.21744E-02    9.68338E-01
    2.11700E+02    3.21272E-02    9.68383E-01
    2.11800E+02    3.20919E-02    9.68418E-01
    2.11900E+02    3.20644E-02    9.68444E-01
    2.12000E+02    3.20442E-02    9.68464E-01
    2.12100E+02    3.20321E-02    9.68475E-01
    2.12200E+02    3.20173E-02    9.68490E-01
    2.12300E+02    3.20070E-02    9.68500E-01
    2.12400E+02    3.20013E-02    9.68505E-01
    2.12500E+02    3.20006E-02    9.68506E-01
    2.12600E+02    3.20101E-02    9.68497E-01
    2.12700E+02    3.20235E-02    9.68484E-01
    2.12800E+02    3.20395E-02    9.68468E-01
    2.12900E+02    3.20674E-02    9.68441E-01
    2.13000E+02    3.20184E-02    9.68489E-01
    2.13100E+02    3.20144E-02    9.68493E-01
    2.13200E+02    3.20208E-02    9.68486E-01
    2.13300E+02    3.20329E-02    9.68475E-01
    2.13400E+02    3.20463E-02    9.68462E-01
    2.13500E+02    3.20633E-02    9.68445E-01
    2.13600E+02    3.20863E-02    9.68423E-01
    2.13700E+02    3.21138E-02    9.68396E-01
    2.13800E+02    3.21496E-02    9.68362E-01
    2.13900E+02    3.21936E-02    9.68319E-01
    2.14000E+02    3.22503E-02    9.68264E-01
    2.14100E+02    3.23244E-02    9.68192E-01
    2.14200E+02    3.24248E-02    9.68095E-01
    2.14300E+02    3.25652E-02    9.67959E-01
    2.14400E+02    3.27720E-02    9.67759E-01
    2.14500E+02    3.30986E-02    9.67443E-01
    2.14600E+02    3.36639E-02    9.66896E-01
    2.14700E+02    3.47873E-02    9.65811E-01
    2.14800E+02    3.76169E-02    9.63082E-01
    2.14900E+02    4.93203E-02    9.51876E-01
    2.15000E+02    5.29457E-02    9.48431E-01
    2.15100E+02    3.82155E-02    9.62506E-01
    2.15200E+02    3.50290E-02    9.65577E-01
    2.15300E+02    3.38023E-02    9.66763E-01
    2.15400E+02    3.32080E-02    9.67337E-01
    2.15500E+02    3.28748E-02    9.67660E-01
    2.15600E+02    3.26729E-02    9.67855E-01
    2.15700E+02    3.25456E-02    9.67978E-01
    2.15800E+02    3.24618E-02    9.68059E-01
    2.15900E+02    3.24337E-02    9.68087E-01
    2.16000E+02    3.27232E-02    9.67806E-01
    2.16100E+02    3.24734E-02    9.68048E-01
    2.16200E+02    3.23185E-02    9.68198E-01
    2.16300E+02    3.22693E-02    9.68246E-01
    2.16400E+02    3.22587E-02    9.68256E-01
    2.16500E+02    3.22261E-02    9.68288E-01
    2.16600E+02    3.22148E-02    9.68299E-01
    2.16700E+02    3.22099E-02    9.68303E-01
    2.16800E+02    3.22139E-02    9.68299E-01
    2.16900E+02    3.22420E-02    9.68272E-01
    2.17000E+02    3.22133E-02    9.68300E-01
    2.17100E+02    3.22144E-02    9.68299E-01
    2.17200E+02    3.22230E-02    9.68291E-01
    2.17300E+02    3.22381E-02    9.68276E-01
    2.17400E+02    3.22713E-02    9.68244E-01
    2.17500E+02    3.24966E-02    9.68026E-01
    2.17600E+02    3.22996E-02    9.68217E-01
    2.17700E+02    3.22803E-02    9.68235E-01
    2.17800E+02    3.22922E-02    9.68224E-01
    2.17900E+02    3.23268E-02    9.68190E-01
    2.18000E+02    3.24187E-02    9.68101E-01
    2.18100E+02    3.31129E-02    9.67429E-01
    2.18200E+02    3.25343E-02    9.67989E-01
    2.18300E+02    3.23794E-02    9.68139E-01
    2.18400E+02    3.23464E-02    9.68171E-01
    2.18500E+02    3.23413E-02    9.68176E-01
    2.18600E+02    3.23506E-02    9.68167E-01
    2.18700E+02    3.23499E-02    9.68168E-01
    2.18800E+02    3.23575E-02    9.68160E-01
    2.18900E+02    3.23700E-02    9.68148E-01
    2.19000E+02    3.23911E-02    9.68128E-01
    2.19100E+02    3.24508E-02    9.68070E-01
    2.19200E+02    3.24684E-02    9.68053E-01
    2.19300E+02    3.26431E-02    9.67884E-01
    2.19400E+02    3.25016E-02    9.68021E-01
    2.19500E+02    3.24650E-02    9.68056E-01
    2.19600E+02    3.24721E-02    9.68049E-01
    2.19700E+02    3.24842E-02    9.68038E-01
    2.19800E+02    3.25091E-02    9.68014E-01
    2.19900E+02    3.25968E-02    9.67929E-01
    2.20000E+02    3.26069E-02    9.67919E-01
    2.20100E+02    3.25493E-02    9.67975E-01
    2.20200E+02    3.25504E-02    9.67974E-01
    2.20300E+02    3.25626E-02    9.67962E-01
    2.20400E+02    3.25771E-02    9.67948E-01
    2.20500E+02    3.25958E-02    9.67930E-01
    2.20600E+02    3.26256E-02    9.67901E-01
    2.20700E+02    3.27661E-02    9.67765E-01
    2.20800E+02    3.26852E-02    9.67843E-01
    2.20900E+02    3.26646E-02    9.67863E-01
    2.21000E+02    3.26759E-02    9.67852E-01
    2.21100E+02    3.26934E-02    9.67835E-01
    2.21200E+02    3.27226E-02    9.67807E-01
    2.21300E+02    3.28439E-02    9.67690E-01
    2.21400E+02    3.27766E-02    9.67755E-01
    2.21500E+02    3.27661E-02    9.67765E-01
    2.21600E+02    3.27776E-02    9.67754E-01
    2.21700E+02    3.27948E-02    9.67737E-01
    2.21800E+02    3.28127E-02    9.67720E-01
    2.21900E+02    3.28313E-02    9.67702E-01
    2.22000E+02    3.28514E-02    9.67682E-01
    2.22100E+02    3.28732E-02    9.67661E-01
    2.22200E+02    3.28960E-02    9.67639E-01
    2.22300E+02    3.29246E-02    9.67612E-01
    2.22400E+02    3.29981E-02    9.67540E-01
    2.22500E+02    3.29873E-02    9.67551E-01
    2.22600E+02    3.29874E-02    9.67551E-01
    2.22700E+02    3.30070E-02    9.67532E-01
    2.22800E+02    3.30297E-02    9.67510E-01
    2.22900E+02    3.30561E-02    9.67484E-01
    2.23000E+02    3.31007E-02    9.67441E-01
    2.23100E+02    3.31398E-02    9.67403E-01
    2.23200E+02    3.32213E-02    9.67325E-01
    2.23300E+02    3.32700E-02    9.67277E-01
    2.23400E+02    3.32626E-02    9.67284E-01
    2.23500E+02    3.32376E-02    9.67309E-01
    2.23600E+02    3.32602E-02    9.67287E-01
    2.23700E+02    3.32941E-02    9.67254E-01
    2.23800E+02    3.33484E-02    9.67202E-01
    2.23900E+02    3.36928E-02    9.66869E-01
    2.24000E+02    3.34160E-02    9.67136E-01
    2.24100E+02    3.34289E-02    9.67124E-01
    2.24200E+02    3.34610E-02    9.67093E-01
    2.24300E+02    3.35000E-02    9.67055E-01
    2.24400E+02    3.35469E-02    9.67010E-01
    2.24500E+02    3.36012E-02    9.66957E-01
    2.24600E+02    3.36759E-02    9.66885E-01
    2.24700E+02    3.38212E-02    9.66744E-01
    2.24800E+02    3.41121E-02    9.66463E-01
    2.24900E+02    3.41130E-02    9.66462E-01
    2.25000E+02    3.39873E-02    9.66584E-01
    2.25100E+02    3.39667E-02    9.66604E-01
    2.25200E+02    3.40294E-02    9.66543E-01
    2.25300E+02    3.40807E-02    9.66493E-01
    2.25400E+02    3.41787E-02    9.66399E-01
    2.25500E+02    3.43138E-02    9.66268E-01
    2.25600E+02    3.45101E-02    9.66079E-01
    2.25700E+02    3.48355E-02    9.65764E-01
    2.25800E+02    3.55081E-02    9.65115E-01
    2.25900E+02    3.69568E-02    9.63718E-01
    2.26000E+02    4.26739E-02    9.58224E-01
    2.26100E+02    4.37304E-02    9.57212E-01
    2.26200E+02    3.69929E-02    9.63683E-01
    2.26300E+02    3.55253E-02    9.65098E-01
    2.26400E+02    3.49668E-02    9.65637E-01
    2.26500E+02    3.46966E-02    9.65898E-01
    2.26600E+02    3.45477E-02    9.66042E-01
    2.26700E+02    3.44598E-02    9.66127E-01
    2.26800E+02    3.44127E-02    9.66173E-01
    2.26900E+02    3.43914E-02    9.66193E-01
    2.27000E+02    3.43468E-02    9.66236E-01
    2.27100E+02    3.43321E-02    9.66251E-01
    2.27200E+02    3.43261E-02    9.66256E-01
    2.27300E+02    3.43290E-02    9.66254E-01
    2.27400E+02    3.43340E-02    9.66249E-01
    2.27500E+02    3.43452E-02    9.66238E-01
    2.27600E+02    3.43594E-02    9.66224E-01
    2.27700E+02    3.43832E-02    9.66201E-01
    2.27800E+02    3.44111E-02    9.66174E-01
    2.27900E+02    3.44318E-02    9.66154E-01
    2.28000E+02    3.44517E-02    9.66135E-01
    2.28100E+02    3.44766E-02    9.66111E-01
    2.28200E+02    3.45081E-02    9.66080E-01
    2.28300E+02    3.45507E-02    9.66039E-01
    2.28400E+02    3.45840E-02    9.66007E-01
    2.28500E+02    3.46392E-02    9.65954E-01
    2.28600E+02    3.46877E-02    9.65907E-01
    2.28700E+02    3.47453E-02    9.65851E-01
    2.28800E+02    3.48115E-02    9.65787E-01
    2.28900E+02    3.48899E-02    9.65712E-01
    2.29000E+02    3.49898E-02    9.65615E-01
    2.29100E+02    3.51323E-02    9.65478E-01
    2.29200E+02    3.53004E-02    9.65315E-01
    2.29300E+02    3.56138E-02    9.65013E-01
    2.29400E+02    3.62967E-02    9.64354E-01
    2.29500E+02    3.86768E-02    9.62062E-01
    2.29600E+02    4.39415E-02    9.57010E-01
    2.29700E+02    3.72379E-02    9.63447E-01
    2.29800E+02    3.62198E-02    9.64428E-01
    2.29900E+02    3.59352E-02    9.64703E-01
    2.30000E+02    3.58857E-02    9.64751E-01
    2.30100E+02    3.58985E-02    9.64738E-01
    2.30200E+02    3.59766E-02    9.64663E-01
    2.30300E+02    3.61188E-02    9.64526E-01
    2.30400E+02    3.63003E-02    9.64351E-01
    2.30500E+02    3.65415E-02    9.64118E-01
    2.30600E+02    3.68772E-02    9.63795E-01
    2.30700E+02    3.73512E-02    9.63338E-01
    2.30800E+02    3.80622E-02    9.62653E-01
    2.30900E+02    3.92236E-02    9.61536E-01
    2.31000E+02    4.13996E-02    9.59446E-01
    2.31100E+02    4.63932E-02    9.54667E-01
    2.31200E+02    6.32750E-02    9.38685E-01
    2.31300E+02    1.18039E-01    8.88661E-01
    2.31400E+02    5.42043E-02    9.47239E-01
    2.31500E+02    4.44309E-02    9.56542E-01
    2.31600E+02    4.11265E-02    9.59708E-01
    2.31700E+02    3.96722E-02    9.61104E-01
    2.31800E+02    3.89570E-02    9.61792E-01
    2.31900E+02    3.86200E-02    9.62116E-01
    2.32000E+02    3.86690E-02    9.62069E-01
    2.32100E+02    3.84156E-02    9.62313E-01
    2.32200E+02    3.84545E-02    9.62275E-01
    2.32300E+02    3.85825E-02    9.62152E-01
    2.32400E+02    3.88047E-02    9.61939E-01
    2.32500E+02    3.92352E-02    9.61525E-01
    2.32600E+02    3.94242E-02    9.61343E-01
    2.32700E+02    3.99180E-02    9.60868E-01
    2.32800E+02    4.01901E-02    9.60607E-01
    2.32900E+02    4.06643E-02    9.60151E-01
    2.33000E+02    4.13918E-02    9.59453E-01
    2.33100E+02    4.19434E-02    9.58924E-01
    2.33200E+02    4.27877E-02    9.58115E-01
    2.33300E+02    4.38959E-02    9.57054E-01
    2.33400E+02    4.51425E-02    9.55861E-01
    2.33500E+02    4.66007E-02    9.54468E-01
    2.33600E+02    4.86113E-02    9.52551E-01
    2.33700E+02    5.13970E-02    9.49902E-01
    2.33800E+02    5.56469E-02    9.45873E-01
    2.33900E+02    6.43679E-02    9.37660E-01
    2.34000E+02    6.34761E-02    9.38497E-01
    2.34100E+02    5.56554E-02    9.45865E-01
    2.34200E+02    5.17963E-02    9.49522E-01
    2.34300E+02    4.92157E-02    9.51976E-01
    2.34400E+02    4.73395E-02    9.53764E-01
    2.34500E+02    4.59461E-02    9.55093E-01
    2.34600E+02    4.48641E-02    9.56127E-01
    2.34700E+02    4.40268E-02    9.56928E-01
    2.34800E+02    4.34069E-02    9.57522E-01
    2.34900E+02    4.30339E-02    9.57879E-01
    2.35000E+02    4.29101E-02    9.57998E-01
    2.35100E+02    4.31846E-02    9.57735E-01
    2.35200E+02    4.33829E-02    9.57545E-01
    2.35300E+02    4.43587E-02    9.56611E-01
    2.35400E+02    4.65121E-02    9.54553E-01
    2.35500E+02    5.15873E-02    9.49721E-01
    2.35600E+02    6.72381E-02    9.34973E-01
    2.35700E+02    1.89396E-01    8.27458E-01
    2.35800E+02    7.42876E-02    9.28405E-01
    2.35900E+02    5.37151E-02    9.47702E-01
    2.36000E+02    4.67866E-02    9.54291E-01
    2.36100E+02    4.39635E-02    9.56989E-01
    2.36200E+02    4.24946E-02    9.58396E-01
    2.36300E+02    4.17896E-02    9.59072E-01
    2.36400E+02    4.14647E-02    9.59383E-01
    2.36500E+02    4.15043E-02    9.59345E-01
    2.36600E+02    4.21243E-02    9.58751E-01
    2.36700E+02    4.27803E-02    9.58122E-01
    2.36800E+02    4.45357E-02    9.56441E-01
    2.36900E+02    4.83497E-02    9.52801E-01
    2.37000E+02    5.83026E-02    9.43364E-01
    2.37100E+02    1.04069E-01    9.01163E-01
    2.37200E+02    9.61414E-02    9.08336E-01
    2.37300E+02    5.69976E-02    9.44596E-01
    2.37400E+02    4.75872E-02    9.53527E-01
    2.37500E+02    4.39408E-02    9.57011E-01
    2.37600E+02    4.23817E-02    9.58504E-01
    2.37700E+02    4.11147E-02    9.59719E-01
    2.37800E+02    4.05194E-02    9.60291E-01
    2.37900E+02    4.01878E-02    9.60609E-01
    2.38000E+02    4.00380E-02    9.60753E-01
    2.38100E+02    4.00505E-02    9.60741E-01
    2.38200E+02    4.02607E-02    9.60539E-01
    2.38300E+02    4.08611E-02    9.59962E-01
    2.38400E+02    4.35600E-02    9.57375E-01
    2.38500E+02    4.25776E-02    9.58316E-01
    2.38600E+02    4.23700E-02    9.58515E-01
    2.38700E+02    4.37443E-02    9.57199E-01
    2.38800E+02    4.60949E-02    9.54951E-01
    2.38900E+02    5.20423E-02    9.49289E-01
    2.39000E+02    7.15426E-02    9.30957E-01
    2.39100E+02    2.02300E-01    8.16850E-01
    2.39200E+02    6.73563E-02    9.34862E-01
    2.39300E+02    5.19777E-02    9.49350E-01
    2.39400E+02    4.69211E-02    9.54163E-01
    2.39500E+02    4.48238E-02    9.56166E-01
    2.39600E+02    4.42721E-02    9.56694E-01
    2.39700E+02    4.29372E-02    9.57972E-01
    2.39800E+02    4.28631E-02    9.58042E-01
    2.39900E+02    4.31392E-02    9.57778E-01
    2.40000E+02    4.26823E-02    9.58216E-01
    2.40100E+02    4.20447E-02    9.58827E-01
    2.40200E+02    4.18294E-02    9.59033E-01
    2.40300E+02    4.16961E-02    9.59161E-01
    2.40400E+02    4.11745E-02    9.59662E-01
    2.40500E+02    4.09536E-02    9.59874E-01
    2.40600E+02    4.04819E-02    9.60327E-01
    2.40700E+02    4.04119E-02    9.60394E-01
    2.40800E+02    4.02427E-02    9.60556E-01
    2.40900E+02    4.08639E-02    9.59960E-01
    2.41000E+02    4.01530E-02    9.60642E-01
    2.41100E+02    4.03550E-02    9.60448E-01
    2.41200E+02    4.29539E-02    9.57956E-01
    2.41300E+02    4.16279E-02    9.59227E-01
    2.41400E+02    4.05666E-02    9.60245E-01
    2.41500E+02    4.06937E-02    9.60123E-01
    2.41600E+02    4.08402E-02    9.59983E-01
    2.41700E+02    4.12868E-02    9.59554E-01
    2.41800E+02    4.20304E-02    9.58841E-01
    2.41900E+02    4.32714E-02    9.57651E-01
    2.42000E+02    4.55496E-02    9.55472E-01
    2.42100E+02    5.04201E-02    9.50830E-01
    2.42200E+02    6.43211E-02    9.37704E-01
    2.42300E+02    1.52421E-01    8.58626E-01
    2.42400E+02    7.76584E-02    9.25280E-01
    2.42500E+02    5.42093E-02    9.47234E-01
    2.42600E+02    4.75860E-02    9.53528E-01
    2.42700E+02    4.49399E-02    9.56055E-01
    2.42800E+02    4.38108E-02    9.57135E-01
    2.42900E+02    4.35485E-02    9.57386E-01
    2.43000E+02    4.41477E-02    9.56813E-01
    2.43100E+02    4.53592E-02    9.55654E-01
    2.43200E+02    4.84149E-02    9.52738E-01
    2.43300E+02    5.69290E-02    9.44661E-01
    2.43400E+02    9.33940E-02    9.10835E-01
    2.43500E+02    9.88486E-02    9.05880E-01
    2.43600E+02    5.76059E-02    9.44022E-01
    2.43700E+02    4.84621E-02    9.52693E-01
    2.43800E+02    4.51125E-02    9.55890E-01
    2.43900E+02    4.38762E-02    9.57072E-01
    2.44000E+02    4.43121E-02    9.56655E-01
    2.44100E+02    4.93931E-02    9.51807E-01
    2.44200E+02    5.15603E-02    9.49746E-01
    2.44300E+02    4.33866E-02    9.57541E-01
    2.44400E+02    4.16787E-02    9.59178E-01
    2.44500E+02    4.05815E-02    9.60231E-01
    2.44600E+02    4.01347E-02    9.60660E-01
    2.44700E+02    3.98253E-02    9.60957E-01
    2.44800E+02    3.97280E-02    9.61051E-01
    2.44900E+02    3.96049E-02    9.61169E-01
    2.45000E+02    3.95189E-02    9.61252E-01
    2.45100E+02    3.94189E-02    9.61348E-01
    2.45200E+02    3.93551E-02    9.61409E-01
    2.45300E+02    3.93201E-02    9.61443E-01
    2.45400E+02    3.93008E-02    9.61461E-01
    2.45500E+02    3.92969E-02    9.61465E-01
    2.45600E+02    3.93128E-02    9.61450E-01
    2.45700E+02    3.93625E-02    9.61402E-01
    2.45800E+02    3.97457E-02    9.61034E-01
    2.45900E+02    3.93831E-02    9.61382E-01
    2.46000E+02    3.93863E-02    9.61379E-01
    2.46100E+02    3.94266E-02    9.61341E-01
    2.46200E+02    3.94980E-02    9.61272E-01
    2.46300E+02    3.96408E-02    9.61135E-01
    2.46400E+02    3.98444E-02    9.60939E-01
    2.46500E+02    4.16564E-02    9.59199E-01
    2.46600E+02    4.01663E-02    9.60630E-01
    2.46700E+02    3.99494E-02    9.60838E-01
    2.46800E+02    3.99914E-02    9.60798E-01
    2.46900E+02    4.01080E-02    9.60686E-01
    2.47000E+02    4.02780E-02    9.60522E-01
    2.47100E+02    4.05340E-02    9.60277E-01
    2.47200E+02    4.07849E-02    9.60036E-01
    2.47300E+02    4.11978E-02    9.59639E-01
    2.47400E+02    4.17848E-02    9.59076E-01
    2.47500E+02    4.27932E-02    9.58110E-01
    2.47600E+02    4.48620E-02    9.56129E-01
    2.47700E+02    5.16575E-02    9.49654E-01
    2.47800E+02    5.74769E-02    9.44144E-01
    2.47900E+02    5.06570E-02    9.50605E-01
    2.48000E+02    5.50927E-02    9.46397E-01
    2.48100E+02    7.62419E-02    9.26592E-01
    2.48200E+02    1.57147E-01    8.54578E-01
    2.48300E+02    6.50182E-02    9.37050E-01
    2.48400E+02    5.13832E-02    9.49915E-01
    2.48500E+02    4.67917E-02    9.54286E-01
    2.48600E+02    4.47592E-02    9.56228E-01
    2.48700E+02    4.38524E-02    9.57095E-01
    2.48800E+02    4.32530E-02    9.57669E-01
    2.48900E+02    4.30362E-02    9.57877E-01
    2.49000E+02    4.30894E-02    9.57826E-01
    2.49100E+02    4.33519E-02    9.57574E-01
    2.49200E+02    4.38659E-02    9.57082E-01
    2.49300E+02    4.47776E-02    9.56210E-01
    2.49400E+02    4.63553E-02    9.54703E-01
    2.49500E+02    4.92581E-02    9.51935E-01
    2.49600E+02    5.54673E-02    9.46043E-01
    2.49700E+02    7.38498E-02    9.28811E-01
    2.49800E+02    1.55206E-01    8.56239E-01
    2.49900E+02    1.06645E-01    8.98845E-01
    2.50000E+02    1.18394E-01    8.88346E-01
    2.50100E+02    6.49811E-02    9.37085E-01
    2.50200E+02    5.34765E-02    9.47928E-01
    2.50300E+02    4.89315E-02    9.52246E-01
    2.50400E+02    4.57975E-02    9.55235E-01
    2.50500E+02    4.43192E-02    9.56649E-01
    2.50600E+02    4.33367E-02    9.57589E-01
    2.50700E+02    4.28433E-02    9.58062E-01
    2.50800E+02    4.22752E-02    9.58606E-01
    2.50900E+02    4.18878E-02    9.58977E-01
    2.51000E+02    4.16323E-02    9.59222E-01
    2.51100E+02    4.14498E-02    9.59398E-01
    2.51200E+02    4.14273E-02    9.59419E-01
    2.51300E+02    4.11918E-02    9.59645E-01
    2.51400E+02    4.10921E-02    9.59741E-01
    2.51500E+02    4.10209E-02    9.59809E-01
    2.51600E+02    4.09679E-02    9.59860E-01
    2.51700E+02    4.09300E-02    9.59896E-01
    2.51800E+02    4.09027E-02    9.59923E-01
    2.51900E+02    4.08882E-02    9.59936E-01
    2.52000E+02    4.08953E-02    9.59930E-01
    2.52100E+02    4.10938E-02    9.59739E-01
    2.52200E+02    4.09091E-02    9.59916E-01
    2.52300E+02    4.09716E-02    9.59856E-01
    2.52400E+02    4.09974E-02    9.59832E-01
    2.52500E+02    4.12189E-02    9.59619E-01
    2.52600E+02    4.12173E-02    9.59621E-01
    2.52700E+02    4.17496E-02    9.59110E-01
    2.52800E+02    4.15097E-02    9.59340E-01
    2.52900E+02    4.10979E-02    9.59735E-01
    2.53000E+02    4.10427E-02    9.59788E-01
    2.53100E+02    4.10362E-02    9.59794E-01
    2.53200E+02    4.10530E-02    9.59778E-01
    2.53300E+02    4.11378E-02    9.59697E-01
    2.53400E+02    4.14528E-02    9.59395E-01
    2.53500E+02    4.11422E-02    9.59693E-01
    2.53600E+02    4.11783E-02    9.59658E-01
    2.53700E+02    4.15561E-02    9.59296E-01
    2.53800E+02    4.14411E-02    9.59406E-01
    2.53900E+02    4.13344E-02    9.59508E-01
    2.54000E+02    4.13263E-02    9.59516E-01
    2.54100E+02    4.14084E-02    9.59437E-01
    2.54200E+02    4.16784E-02    9.59178E-01
    2.54300E+02    4.31974E-02    9.57722E-01
    2.54400E+02    4.16918E-02    9.59165E-01
    2.54500E+02    4.15439E-02    9.59307E-01
    2.54600E+02    4.15461E-02    9.59305E-01
    2.54700E+02    4.17082E-02    9.59150E-01
    2.54800E+02    4.16494E-02    9.59206E-01
    2.54900E+02    4.22092E-02    9.58669E-01
    2.55000E+02    4.17029E-02    9.59155E-01
    2.55100E+02    4.16938E-02    9.59163E-01
    2.55200E+02    4.17297E-02    9.59129E-01
    2.55300E+02    4.17339E-02    9.59125E-01
    2.55400E+02    4.17512E-02    9.59108E-01
    2.55500E+02    4.17745E-02    9.59086E-01
    2.55600E+02    4.18012E-02    9.59060E-01
    2.55700E+02    4.18321E-02    9.59031E-01
    2.55800E+02    4.18843E-02    9.58981E-01
    2.55900E+02    4.19041E-02    9.58962E-01
    2.56000E+02    4.19640E-02    9.58904E-01
    2.56100E+02    4.20121E-02    9.58858E-01
    2.56200E+02    4.19981E-02    9.58872E-01
    2.56300E+02    4.20372E-02    9.58834E-01
    2.56400E+02    4.21133E-02    9.58761E-01
    2.56500E+02    4.21850E-02    9.58692E-01
    2.56600E+02    4.22395E-02    9.58640E-01
    2.56700E+02    4.23964E-02    9.58490E-01
    2.56800E+02    4.24044E-02    9.58482E-01
    2.56900E+02    4.28673E-02    9.58038E-01
    2.57000E+02    4.24739E-02    9.58415E-01
    2.57100E+02    4.24955E-02    9.58395E-01
    2.57200E+02    4.25746E-02    9.58319E-01
    2.57300E+02    4.26748E-02    9.58223E-01
    2.57400E+02    4.28250E-02    9.58079E-01
    2.57500E+02    4.29787E-02    9.57932E-01
    2.57600E+02    4.31941E-02    9.57725E-01
    2.57700E+02    4.34290E-02    9.57501E-01
    2.57800E+02    4.38180E-02    9.57128E-01
    2.57900E+02    4.42647E-02    9.56701E-01
    2.58000E+02    4.52753E-02    9.55734E-01
    2.58100E+02    4.77401E-02    9.53382E-01
    2.58200E+02    6.89269E-02    9.33395E-01
    2.58300E+02    4.98962E-02    9.51328E-01
    2.58400E+02    4.94475E-02    9.51755E-01
    2.58500E+02    5.28787E-02    9.48495E-01
    2.58600E+02    6.44419E-02    9.37591E-01
    2.58700E+02    1.42207E-01    8.67442E-01
    2.58800E+02    7.35331E-02    9.29105E-01
    2.58900E+02    5.47986E-02    9.46676E-01
    2.59000E+02    4.92530E-02    9.51940E-01
    2.59100E+02    4.68671E-02    9.54214E-01
    2.59200E+02    4.56580E-02    9.55369E-01
    2.59300E+02    4.49195E-02    9.56074E-01
    2.59400E+02    4.44849E-02    9.56490E-01
    2.59500E+02    4.43500E-02    9.56619E-01
    2.59600E+02    4.39482E-02    9.57004E-01
    2.59700E+02    4.37811E-02    9.57163E-01
    2.59800E+02    4.36734E-02    9.57267E-01
    2.59900E+02    4.36117E-02    9.57326E-01
    2.60000E+02    4.36336E-02    9.57305E-01
    2.60100E+02    4.35684E-02    9.57367E-01
    2.60200E+02    4.34975E-02    9.57435E-01
    2.60300E+02    4.34806E-02    9.57451E-01
    2.60400E+02    4.34901E-02    9.57442E-01
    2.60500E+02    4.35327E-02    9.57401E-01
    2.60600E+02    4.35816E-02    9.57354E-01
    2.60700E+02    4.36623E-02    9.57277E-01
    2.60800E+02    4.43865E-02    9.56584E-01
    2.60900E+02    4.37750E-02    9.57169E-01
    2.61000E+02    4.36618E-02    9.57278E-01
    2.61100E+02    4.37235E-02    9.57219E-01
    2.61200E+02    4.37073E-02    9.57234E-01
    2.61300E+02    4.37496E-02    9.57194E-01
    2.61400E+02    4.37986E-02    9.57147E-01
    2.61500E+02    4.38512E-02    9.57096E-01
    2.61600E+02    4.39207E-02    9.57030E-01
    2.61700E+02    4.40186E-02    9.56936E-01
    2.61800E+02    4.41096E-02    9.56849E-01
    2.61900E+02    4.41889E-02    9.56773E-01
    2.62000E+02    4.43178E-02    9.56650E-01
    2.62100E+02    4.44444E-02    9.56529E-01
    2.62200E+02    4.46008E-02    9.56379E-01
    2.62300E+02    4.48272E-02    9.56163E-01
    2.62400E+02    4.51628E-02    9.55842E-01
    2.62500E+02    4.57198E-02    9.55310E-01
    2.62600E+02    4.64657E-02    9.54597E-01
    2.62700E+02    4.83891E-02    9.52763E-01
    2.62800E+02    5.59485E-02    9.45588E-01
    2.62900E+02    5.96314E-02    9.42112E-01
    2.63000E+02    4.98926E-02    9.51332E-01
    2.63100E+02    4.85652E-02    9.52595E-01
    2.63200E+02    5.03136E-02    9.50931E-01
    2.63300E+02    4.95219E-02    9.51684E-01
    2.63400E+02    5.15820E-02    9.49726E-01
    2.63500E+02    5.69634E-02    9.44629E-01
    2.63600E+02    7.50108E-02    9.27733E-01
    2.63700E+02    1.94761E-01    8.23032E-01
    2.63800E+02    7.18929E-02    9.30631E-01
    2.63900E+02    6.26860E-02    9.39238E-01
    2.64000E+02    5.21271E-02    9.49208E-01
    2.64100E+02    4.93067E-02    9.51889E-01
    2.64200E+02    4.79959E-02    9.53138E-01
    2.64300E+02    4.73047E-02    9.53797E-01
    2.64400E+02    4.69257E-02    9.54158E-01
    2.64500E+02    4.68202E-02    9.54259E-01
    2.64600E+02    4.69793E-02    9.54107E-01
    2.64700E+02    4.75274E-02    9.53584E-01
    2.64800E+02    4.93054E-02    9.51890E-01
    2.64900E+02    6.01475E-02    9.41626E-01
    2.65000E+02    5.20362E-02    9.49294E-01
    2.65100E+02    4.79613E-02    9.53171E-01
    2.65200E+02    4.68414E-02    9.54239E-01
    2.65300E+02    4.63709E-02    9.54688E-01
    2.65400E+02    4.61445E-02    9.54904E-01
    2.65500E+02    4.60382E-02    9.55006E-01
    2.65600E+02    4.60119E-02    9.55031E-01
    2.65700E+02    4.59875E-02    9.55054E-01
    2.65800E+02    4.60076E-02    9.55035E-01
    2.65900E+02    4.60457E-02    9.54998E-01
    2.66000E+02    4.60983E-02    9.54948E-01
    2.66100E+02    4.61948E-02    9.54856E-01
    2.66200E+02    4.63409E-02    9.54716E-01
    2.66300E+02    4.63890E-02    9.54671E-01
    2.66400E+02    4.65318E-02    9.54534E-01
    2.66500E+02    4.67357E-02    9.54340E-01
    2.66600E+02    4.70251E-02    9.54063E-01
    2.66700E+02    4.74534E-02    9.53655E-01
    2.66800E+02    4.81217E-02    9.53018E-01
    2.66900E+02    4.92909E-02    9.51904E-01
    2.67000E+02    5.14783E-02    9.49824E-01
    2.67100E+02    5.68150E-02    9.44769E-01
    2.67200E+02    7.69026E-02    9.25980E-01
    2.67300E+02    9.96356E-02    9.05167E-01
    2.67400E+02    6.04698E-02    9.41322E-01
    2.67500E+02    5.27805E-02    9.48588E-01
    2.67600E+02    4.99389E-02    9.51288E-01
    2.67700E+02    4.85737E-02    9.52587E-01
    2.67800E+02    4.78200E-02    9.53305E-01
    2.67900E+02    4.73669E-02    9.53737E-01
    2.68000E+02    4.70826E-02    9.54009E-01
    2.68100E+02    4.69256E-02    9.54158E-01
    2.68200E+02    4.71299E-02    9.53963E-01
    2.68300E+02    4.67181E-02    9.54356E-01
    2.68400E+02    4.66513E-02    9.54420E-01
    2.68500E+02    4.67008E-02    9.54373E-01
    2.68600E+02    4.70977E-02    9.53994E-01
    2.68700E+02    4.74203E-02    9.53686E-01
    2.68800E+02    4.66400E-02    9.54431E-01
    2.68900E+02    4.65221E-02    9.54543E-01
    2.69000E+02    4.64814E-02    9.54582E-01
    2.69100E+02    4.64748E-02    9.54589E-01
    2.69200E+02    4.64769E-02    9.54587E-01
    2.69300E+02    4.64875E-02    9.54577E-01
    2.69400E+02    4.65051E-02    9.54560E-01
    2.69500E+02    4.65427E-02    9.54524E-01
    2.69600E+02    4.65600E-02    9.54507E-01
    2.69700E+02    4.65826E-02    9.54486E-01
    2.69800E+02    4.66162E-02    9.54454E-01
    2.69900E+02    4.66525E-02    9.54419E-01
    2.70000E+02    4.66942E-02    9.54379E-01
    2.70100E+02    4.67601E-02    9.54316E-01
    2.70200E+02    4.67751E-02    9.54302E-01
    2.70300E+02    4.68280E-02    9.54252E-01
    2.70400E+02    4.69120E-02    9.54171E-01
    2.70500E+02    4.70113E-02    9.54077E-01
    2.70600E+02    4.70115E-02    9.54076E-01
    2.70700E+02    4.71627E-02    9.53932E-01
    2.70800E+02    4.72389E-02    9.53860E-01
    2.70900E+02    4.74520E-02    9.53656E-01
    2.71000E+02    4.76676E-02    9.53451E-01
    2.71100E+02    5.00415E-02    9.51190E-01
    2.71200E+02    4.76785E-02    9.53440E-01
    2.71300E+02    4.76456E-02    9.53472E-01
    2.71400E+02    4.75087E-02    9.53602E-01
    2.71500E+02    4.75466E-02    9.53566E-01
    2.71600E+02    4.76254E-02    9.53491E-01
    2.71700E+02    4.77429E-02    9.53379E-01
    2.71800E+02    4.79439E-02    9.53187E-01
    2.71900E+02    4.87390E-02    9.52430E-01
    2.72000E+02    4.83755E-02    9.52776E-01
    2.72100E+02    4.83377E-02    9.52812E-01
    2.72200E+02    4.85145E-02    9.52643E-01
    2.72300E+02    4.87903E-02    9.52381E-01
    2.72400E+02    4.91841E-02    9.52006E-01
    2.72500E+02    4.97584E-02    9.51459E-01
    2.72600E+02    5.06501E-02    9.50611E-01
    2.72700E+02    5.21983E-02    9.49141E-01
    2.72800E+02    5.52030E-02    9.46293E-01
    2.72900E+02    6.28167E-02    9.39116E-01
    2.73000E+02    9.58900E-02    9.08564E-01
    2.73100E+02    9.74533E-02    9.07145E-01
    2.73200E+02    6.32912E-02    9.38670E-01
    2.73300E+02    5.57105E-02    9.45813E-01
    2.73400E+02    5.27372E-02    9.48629E-01
    2.73500E+02    5.13646E-02    9.49932E-01
    2.73600E+02    5.06606E-02    9.50601E-01
    2.73700E+02    5.03018E-02    9.50942E-01
    2.73800E+02    5.02108E-02    9.51029E-01
    2.73900E+02    5.04127E-02    9.50837E-01
    2.74000E+02    5.06456E-02    9.50616E-01
    2.74100E+02    5.11945E-02    9.50094E-01
    2.74200E+02    5.25087E-02    9.48846E-01
    2.74300E+02    5.57268E-02    9.45798E-01
    2.74400E+02    6.71246E-02    9.35079E-01
    2.74500E+02    9.70147E-02    9.07543E-01
    2.74600E+02    6.00631E-02    9.41705E-01
    2.74700E+02    5.38702E-02    9.47555E-01
    2.74800E+02    5.16823E-02    9.49630E-01
    2.74900E+02    5.06817E-02    9.50581E-01
    2.75000E+02    5.01887E-02    9.51050E-01
    2.75100E+02    4.98405E-02    9.51381E-01
    2.75200E+02    4.97254E-02    9.51491E-01
    2.75300E+02    4.94839E-02    9.51721E-01
    2.75400E+02    4.93859E-02    9.51814E-01
    2.75500E+02    4.93182E-02    9.51878E-01
    2.75600E+02    4.92845E-02    9.51910E-01
    2.75700E+02    4.92858E-02    9.51909E-01
    2.75800E+02    4.93035E-02    9.51892E-01
    2.75900E+02    4.93516E-02    9.51846E-01
    2.76000E+02    4.93685E-02    9.51830E-01
    2.76100E+02    4.94398E-02    9.51762E-01
    2.76200E+02    4.95330E-02    9.51674E-01
    2.76300E+02    4.96695E-02    9.51544E-01
    2.76400E+02    4.98558E-02    9.51367E-01
    2.76500E+02    5.01478E-02    9.51089E-01
    2.76600E+02    5.06557E-02    9.50606E-01
    2.76700E+02    5.17036E-02    9.49610E-01
    2.76800E+02    5.46058E-02    9.46858E-01
    2.76900E+02    7.17607E-02    9.30754E-01
    2.77000E+02    5.85881E-02    9.43095E-01
    2.77100E+02    5.29288E-02    9.48448E-01
    2.77200E+02    5.12875E-02    9.50006E-01
    2.77300E+02    5.06413E-02    9.50620E-01
    2.77400E+02    5.03714E-02    9.50876E-01
    2.77500E+02    5.02394E-02    9.51002E-01
    2.77600E+02    5.01187E-02    9.51116E-01
    2.77700E+02    5.00641E-02    9.51168E-01
    2.77800E+02    5.00815E-02    9.51152E-01
    2.77900E+02    5.02377E-02    9.51003E-01
    2.78000E+02    5.01709E-02    9.51067E-01
    2.78100E+02    5.02118E-02    9.51028E-01
    2.78200E+02    5.01878E-02    9.51051E-01
    2.78300E+02    5.02801E-02    9.50963E-01
    2.78400E+02    5.05560E-02    9.50701E-01
    2.78500E+02    5.15987E-02    9.49710E-01
    2.78600E+02    5.07674E-02    9.50500E-01
    2.78700E+02    5.05891E-02    9.50669E-01
    2.78800E+02    5.06386E-02    9.50622E-01
    2.78900E+02    5.07781E-02    9.50490E-01
    2.79000E+02    5.10076E-02    9.50271E-01
    2.79100E+02    5.13898E-02    9.49908E-01
    2.79200E+02    5.21460E-02    9.49190E-01
    2.79300E+02    5.41677E-02    9.47273E-01
    2.79400E+02    5.79698E-02    9.43678E-01
    2.79500E+02    7.57859E-02    9.27015E-01
    2.79600E+02    5.62287E-02    9.45323E-01
    2.79700E+02    5.37471E-02    9.47672E-01
    2.79800E+02    5.41711E-02    9.47270E-01
    2.79900E+02    6.38676E-02    9.38129E-01
    2.80000E+02    5.32440E-02    9.48149E-01
    2.80100E+02    5.19479E-02    9.49378E-01
    2.80200E+02    5.15315E-02    9.49774E-01
    2.80300E+02    5.13510E-02    9.49945E-01
    2.80400E+02    5.12688E-02    9.50023E-01
    2.80500E+02    5.12383E-02    9.50052E-01
    2.80600E+02    5.12456E-02    9.50045E-01
    2.80700E+02    5.12928E-02    9.50000E-01
    2.80800E+02    5.14189E-02    9.49881E-01
    2.80900E+02    5.19508E-02    9.49376E-01
    2.81000E+02    5.44353E-02    9.47020E-01
    2.81100E+02    5.17908E-02    9.49528E-01
    2.81200E+02    5.17432E-02    9.49573E-01
    2.81300E+02    5.15818E-02    9.49726E-01
    2.81400E+02    5.17145E-02    9.49600E-01
    2.81500E+02    5.24024E-02    9.48947E-01
    2.81600E+02    5.19283E-02    9.49397E-01
    2.81700E+02    5.17415E-02    9.49574E-01
    2.81800E+02    5.17791E-02    9.49539E-01
    2.81900E+02    5.19671E-02    9.49360E-01
    2.82000E+02    5.22396E-02    9.49101E-01
    2.82100E+02    5.20780E-02    9.49255E-01
    2.82200E+02    5.21509E-02    9.49186E-01
    2.82300E+02    5.23228E-02    9.49022E-01
    2.82400E+02    5.24231E-02    9.48927E-01
    2.82500E+02    5.27445E-02    9.48622E-01
    2.82600E+02    5.33964E-02    9.48004E-01
    2.82700E+02    5.51012E-02    9.46389E-01
    2.82800E+02    6.36898E-02    9.38296E-01
    2.82900E+02    5.95536E-02    9.42185E-01
    2.83000E+02    5.46447E-02    9.46821E-01
    2.83100E+02    5.34816E-02    9.47923E-01
    2.83200E+02    5.30531E-02    9.48330E-01
    2.83300E+02    5.28480E-02    9.48524E-01
    2.83400E+02    5.27973E-02    9.48572E-01
    2.83500E+02    5.27445E-02    9.48622E-01
    2.83600E+02    5.27427E-02    9.48624E-01
    2.83700E+02    5.27702E-02    9.48598E-01
    2.83800E+02    5.28160E-02    9.48554E-01
    2.83900E+02    5.28766E-02    9.48497E-01
    2.84000E+02    5.29686E-02    9.48410E-01
    2.84100E+02    5.30316E-02    9.48350E-01
    2.84200E+02    5.31218E-02    9.48264E-01
    2.84300E+02    5.32633E-02    9.48130E-01
    2.84400E+02    5.38348E-02    9.47589E-01
    2.84500E+02    5.34968E-02    9.47909E-01
    2.84600E+02    5.37180E-02    9.47699E-01
    2.84700E+02    5.37415E-02    9.47677E-01
    2.84800E+02    5.39405E-02    9.47488E-01
    2.84900E+02    5.41262E-02    9.47313E-01
    2.85000E+02    5.43231E-02    9.47126E-01
    2.85100E+02    5.46032E-02    9.46861E-01
    2.85200E+02    5.49583E-02    9.46525E-01
    2.85300E+02    5.54144E-02    9.46093E-01
    2.85400E+02    5.60214E-02    9.45519E-01
    2.85500E+02    5.68681E-02    9.44719E-01
    2.85600E+02    5.81716E-02    9.43488E-01
    2.85700E+02    6.00246E-02    9.41741E-01
    2.85800E+02    6.34470E-02    9.38524E-01
    2.85900E+02    7.06545E-02    9.31784E-01
    2.86000E+02    9.15730E-02    9.12495E-01
    2.86100E+02    1.84852E-01    8.31227E-01
    2.86200E+02    1.38918E-01    8.70299E-01
    2.86300E+02    1.34630E-01    8.74040E-01
    2.86400E+02    7.58016E-02    9.27000E-01
    2.86500E+02    6.55207E-02    9.36580E-01
    2.86600E+02    6.13493E-02    9.40495E-01
    2.86700E+02    5.92018E-02    9.42517E-01
    2.86800E+02    5.79536E-02    9.43694E-01
    2.86900E+02    5.71923E-02    9.44412E-01
    2.87000E+02    5.67611E-02    9.44820E-01
    2.87100E+02    5.63015E-02    9.45254E-01
    2.87200E+02    5.60519E-02    9.45490E-01
    2.87300E+02    5.58946E-02    9.45639E-01
    2.87400E+02    5.58025E-02    9.45726E-01
    2.87500E+02    5.57645E-02    9.45762E-01
    2.87600E+02    5.57674E-02    9.45759E-01
    2.87700E+02    5.58113E-02    9.45718E-01
    2.87800E+02    5.58992E-02    9.45634E-01
    2.87900E+02    5.60348E-02    9.45506E-01
    2.88000E+02    5.62287E-02    9.45323E-01
    2.88100E+02    5.64999E-02    9.45067E-01
    2.88200E+02    5.68838E-02    9.44704E-01
    2.88300E+02    5.75093E-02    9.44113E-01
    2.88400E+02    5.82091E-02    9.43453E-01
    2.88500E+02    5.93993E-02    9.42330E-01
    2.88600E+02    6.14949E-02    9.40358E-01
    2.88700E+02    6.56308E-02    9.36477E-01
    2.88800E+02    7.58261E-02    9.26977E-01
    2.88900E+02    1.16308E-01    8.90201E-01
    2.89000E+02    1.40881E-01    8.68592E-01
    2.89100E+02    7.98102E-02    9.23292E-01
    2.89200E+02    6.71471E-02    9.35058E-01
    2.89300E+02    6.23647E-02    9.39540E-01
    2.89400E+02    6.00641E-02    9.41704E-01
    2.89500E+02    5.87882E-02    9.42906E-01
    2.89600E+02    5.80195E-02    9.43632E-01
    2.89700E+02    5.75397E-02    9.44084E-01
    2.89800E+02    5.73029E-02    9.44308E-01
    2.89900E+02    5.71451E-02    9.44457E-01
    2.90000E+02    5.70141E-02    9.44581E-01
    2.90100E+02    5.67450E-02    9.44835E-01
    2.90200E+02    5.66564E-02    9.44919E-01
    2.90300E+02    5.66231E-02    9.44950E-01
    2.90400E+02    5.66333E-02    9.44940E-01
    2.90500E+02    5.67129E-02    9.44865E-01
    2.90600E+02    5.68003E-02    9.44783E-01
    2.90700E+02    5.70014E-02    9.44593E-01
    2.90800E+02    5.75002E-02    9.44122E-01
    2.90900E+02    5.93440E-02    9.42382E-01
    2.91000E+02    6.36884E-02    9.38297E-01
    2.91100E+02    5.82800E-02    9.43386E-01
    2.91200E+02    5.74949E-02    9.44127E-01
    2.91300E+02    5.74217E-02    9.44196E-01
    2.91400E+02    5.73168E-02    9.44295E-01
    2.91500E+02    5.72076E-02    9.44398E-01
    2.91600E+02    5.73680E-02    9.44246E-01
    2.91700E+02    5.98120E-02    9.41942E-01
    2.91800E+02    5.74390E-02    9.44179E-01
    2.91900E+02    5.73635E-02    9.44251E-01
    2.92000E+02    5.74205E-02    9.44197E-01
    2.92100E+02    5.75297E-02    9.44094E-01
    2.92200E+02    5.76792E-02    9.43953E-01
    2.92300E+02    5.78735E-02    9.43769E-01
    2.92400E+02    5.81438E-02    9.43514E-01
    2.92500E+02    5.86961E-02    9.42993E-01
    2.92600E+02    5.90461E-02    9.42663E-01
    2.92700E+02    5.95611E-02    9.42178E-01
    2.92800E+02    6.06255E-02    9.41176E-01
    2.92900E+02    6.26490E-02    9.39273E-01
    2.93000E+02    6.73598E-02    9.34859E-01
    2.93100E+02    8.41533E-02    9.19290E-01
    2.93200E+02    1.11664E-01    8.94345E-01
    2.93300E+02    7.27682E-02    9.29816E-01
    2.93400E+02    6.69359E-02    9.35255E-01
    2.93500E+02    7.06620E-02    9.31777E-01
    2.93600E+02    6.89515E-02    9.33372E-01
    2.93700E+02    6.23749E-02    9.39531E-01
    2.93800E+02    6.06187E-02    9.41182E-01
    2.93900E+02    5.98249E-02    9.41929E-01
    2.94000E+02    5.94118E-02    9.42319E-01
    2.94100E+02    5.91757E-02    9.42541E-01
    2.94200E+02    5.90438E-02    9.42665E-01
    2.94300E+02    5.89651E-02    9.42740E-01
    2.94400E+02    5.89310E-02    9.42772E-01
    2.94500E+02    5.89325E-02    9.42770E-01
    2.94600E+02    5.90320E-02    9.42677E-01
    2.94700E+02    5.89567E-02    9.42748E-01
    2.94800E+02    5.90031E-02    9.42704E-01
    2.94900E+02    5.90439E-02    9.42665E-01
    2.95000E+02    5.90982E-02    9.42614E-01
    2.95100E+02    5.91554E-02    9.42560E-01
    2.95200E+02    5.92503E-02    9.42471E-01
    2.95300E+02    5.94796E-02    9.42255E-01
    2.95400E+02    5.95587E-02    9.42180E-01
    2.95500E+02    5.95879E-02    9.42153E-01
    2.95600E+02    5.95629E-02    9.42176E-01
    2.95700E+02    5.96518E-02    9.42093E-01
    2.95800E+02    5.98516E-02    9.41904E-01
    2.95900E+02    5.98752E-02    9.41882E-01
    2.96000E+02    6.00539E-02    9.41714E-01
    2.96100E+02    6.03554E-02    9.41430E-01
    2.96200E+02    6.02456E-02    9.41533E-01
    2.96300E+02    6.03792E-02    9.41408E-01
    2.96400E+02    6.08324E-02    9.40981E-01
    2.96500E+02    6.06837E-02    9.41121E-01
    2.96600E+02    6.08359E-02    9.40978E-01
    2.96700E+02    6.10309E-02    9.40794E-01
    2.96800E+02    6.12959E-02    9.40545E-01
    2.96900E+02    6.15221E-02    9.40332E-01
    2.97000E+02    6.18863E-02    9.39990E-01
    2.97100E+02    6.27102E-02    9.39216E-01
    2.97200E+02    6.42662E-02    9.37755E-01
    2.97300E+02    6.29275E-02    9.39012E-01
    2.97400E+02    6.32299E-02    9.38728E-01
    2.97500E+02    6.33603E-02    9.38605E-01
    2.97600E+02    6.37445E-02    9.38245E-01
    2.97700E+02    6.42465E-02    9.37774E-01
    2.97800E+02    6.48550E-02    9.37203E-01
    2.97900E+02    6.55947E-02    9.36510E-01
    2.98000E+02    6.65077E-02    9.35656E-01
    2.98100E+02    6.76779E-02    9.34561E-01
    2.98200E+02    6.92548E-02    9.33089E-01
    2.98300E+02    7.17165E-02    9.30795E-01
    2.98400E+02    7.59594E-02    9.26854E-01
    2.98500E+02    7.96859E-02    9.23406E-01
    2.98600E+02    7.40299E-02    9.28644E-01
    2.98700E+02    7.06667E-02    9.31772E-01
    2.98800E+02    6.94871E-02    9.32872E-01
    2.98900E+02    6.80088E-02    9.34252E-01
    2.99000E+02    6.71428E-02    9.35062E-01
    2.99100E+02    6.65238E-02    9.35641E-01
    2.99200E+02    6.60779E-02    9.36058E-01
    2.99300E+02    6.58141E-02    9.36305E-01
    2.99400E+02    6.59596E-02    9.36169E-01
    2.99500E+02    6.82680E-02    9.34010E-01
    2.99600E+02    6.54245E-02    9.36670E-01
    2.99700E+02    6.52381E-02    9.36844E-01
    2.99800E+02    6.48874E-02    9.37173E-01
    2.99900E+02    6.48327E-02    9.37224E-01
    3.00000E+02    6.48786E-02    9.37181E-01
    3.00100E+02    6.50885E-02    9.36985E-01
    3.00200E+02    6.52888E-02    9.36797E-01
    3.00300E+02    6.56591E-02    9.36450E-01
    3.00400E+02    6.64404E-02    9.35719E-01
    3.00500E+02    6.82133E-02    9.34061E-01
    3.00600E+02    7.39921E-02    9.28679E-01
    3.00700E+02    9.70669E-02    9.07495E-01
    3.00800E+02    7.18549E-02    9.30666E-01
    3.00900E+02    6.86100E-02    9.33691E-01
    3.01000E+02    6.78228E-02    9.34426E-01
    3.01100E+02    6.77821E-02    9.34464E-01
    3.01200E+02    6.82633E-02    9.34015E-01
    3.01300E+02    6.93427E-02    9.33007E-01
    3.01400E+02    7.12903E-02    9.31192E-01
    3.01500E+02    7.49529E-02    9.27787E-01
    3.01600E+02    8.29300E-02    9.20416E-01
    3.01700E+02    1.06329E-01    8.99129E-01
    3.01800E+02    2.72043E-01    7.61822E-01
    3.01900E+02    1.20649E-01    8.86345E-01
    3.02000E+02    8.69653E-02    9.16709E-01
    3.02100E+02    7.70073E-02    9.25883E-01
    3.02200E+02    7.28064E-02    9.29781E-01
    3.02300E+02    7.07412E-02    9.31703E-01
    3.02400E+02    6.96967E-02    9.32677E-01
    3.02500E+02    6.93235E-02    9.33025E-01
    3.02600E+02    6.92943E-02    9.33052E-01
    3.02700E+02    6.96874E-02    9.32685E-01
    3.02800E+02    7.08209E-02    9.31629E-01
    3.02900E+02    7.34174E-02    9.29213E-01
    3.03000E+02    8.01203E-02    9.23005E-01
    3.03100E+02    1.05308E-01    9.00047E-01
    3.03200E+02    1.30238E-01    8.77887E-01
    3.03300E+02    8.38551E-02    9.19564E-01
    3.03400E+02    7.46221E-02    9.28094E-01
    3.03500E+02    7.13202E-02    9.31164E-01
    3.03600E+02    6.99763E-02    9.32416E-01
    3.03700E+02    6.87383E-02    9.33571E-01
    3.03800E+02    6.81975E-02    9.34076E-01
    3.03900E+02    6.79300E-02    9.34326E-01
    3.04000E+02    6.77570E-02    9.34488E-01
    3.04100E+02    6.76915E-02    9.34549E-01
    3.04200E+02    6.77098E-02    9.34532E-01
    3.04300E+02    6.77941E-02    9.34453E-01
    3.04400E+02    6.79458E-02    9.34311E-01
    3.04500E+02    6.81750E-02    9.34097E-01
    3.04600E+02    6.85151E-02    9.33779E-01
    3.04700E+02    6.90693E-02    9.33262E-01
    3.04800E+02    7.05381E-02    9.31892E-01
    3.04900E+02    6.95320E-02    9.32830E-01
    3.05000E+02    6.88936E-02    9.33426E-01
    3.05100E+02    6.86125E-02    9.33688E-01
    3.05200E+02    6.83868E-02    9.33899E-01
    3.05300E+02    6.82589E-02    9.34019E-01
    3.05400E+02    6.81861E-02    9.34087E-01
    3.05500E+02    6.81467E-02    9.34123E-01
    3.05600E+02    6.81365E-02    9.34133E-01
    3.05700E+02    6.81464E-02    9.34124E-01
    3.05800E+02    6.81730E-02    9.34099E-01
    3.05900E+02    6.82303E-02    9.34045E-01
    3.06000E+02    6.83045E-02    9.33976E-01
    3.06100E+02    6.83344E-02    9.33948E-01
    3.06200E+02    6.83985E-02    9.33888E-01
    3.06300E+02    6.84734E-02    9.33818E-01
    3.06400E+02    6.85637E-02    9.33734E-01
    3.06500E+02    6.86404E-02    9.33662E-01
    3.06600E+02    6.87329E-02    9.33576E-01
    3.06700E+02    6.88350E-02    9.33481E-01
    3.06800E+02    6.89486E-02    9.33375E-01
    3.06900E+02    6.91372E-02    9.33199E-01
    3.07000E+02    6.91966E-02    9.33143E-01
    3.07100E+02    6.92786E-02    9.33067E-01
    3.07200E+02    6.94029E-02    9.32951E-01
    3.07300E+02    6.96074E-02    9.32760E-01
    3.07400E+02    6.98169E-02    9.32565E-01
    3.07500E+02    7.01235E-02    9.32279E-01
    3.07600E+02    7.00378E-02    9.32359E-01
    3.07700E+02    7.01120E-02    9.32289E-01
    3.07800E+02    7.02299E-02    9.32179E-01
    3.07900E+02    7.03686E-02    9.32050E-01
    3.08000E+02    7.05030E-02    9.31925E-01
    3.08100E+02    7.06490E-02    9.31789E-01
    3.08200E+02    7.08089E-02    9.31640E-01
    3.08300E+02    7.09865E-02    9.31474E-01
    3.08400E+02    7.12139E-02    9.31263E-01
    3.08500E+02    7.16961E-02    9.30814E-01
    3.08600E+02    7.22788E-02    9.30272E-01
    3.08700E+02    7.17997E-02    9.30717E-01
    3.08800E+02    7.20011E-02    9.30530E-01
    3.08900E+02    7.22179E-02    9.30328E-01
    3.09000E+02    7.22093E-02    9.30336E-01
    3.09100E+02    7.23818E-02    9.30176E-01
    3.09200E+02    7.26350E-02    9.29940E-01
    3.09300E+02    7.28837E-02    9.29709E-01
    3.09400E+02    7.32737E-02    9.29346E-01
    3.09500E+02    7.33659E-02    9.29261E-01
    3.09600E+02    7.37054E-02    9.28945E-01
    3.09700E+02    7.42066E-02    9.28480E-01
    3.09800E+02    7.50694E-02    9.27679E-01
    3.09900E+02    7.68198E-02    9.26057E-01
    3.10000E+02    8.31864E-02    9.20180E-01
    3.10100E+02    8.89254E-02    9.14914E-01
    3.10200E+02    7.82423E-02    9.24740E-01
    3.10300E+02    7.64013E-02    9.26444E-01
    3.10400E+02    7.57234E-02    9.27073E-01
    3.10500E+02    7.55351E-02    9.27247E-01
    3.10600E+02    7.55153E-02    9.27266E-01
    3.10700E+02    7.55836E-02    9.27202E-01
    3.10800E+02    7.57025E-02    9.27092E-01
    3.10900E+02    7.58535E-02    9.26952E-01
    3.11000E+02    7.60325E-02    9.26786E-01
    3.11100E+02    7.62848E-02    9.26552E-01
    3.11200E+02    7.64459E-02    9.26403E-01
    3.11300E+02    7.66095E-02    9.26252E-01
    3.11400E+02    7.68150E-02    9.26061E-01
    3.11500E+02    7.70443E-02    9.25849E-01
    3.11600E+02    7.73606E-02    9.25556E-01
    3.11700E+02    7.75857E-02    9.25348E-01
    3.11800E+02    7.77565E-02    9.25190E-01
    3.11900E+02    7.79650E-02    9.24997E-01
    3.12000E+02    7.82171E-02    9.24764E-01
    3.12100E+02    7.84800E-02    9.24521E-01
    3.12200E+02    7.87535E-02    9.24268E-01
    3.12300E+02    7.90391E-02    9.24004E-01
    3.12400E+02    7.93420E-02    9.23724E-01
    3.12500E+02    7.97028E-02    9.23391E-01
    3.12600E+02    8.00382E-02    9.23081E-01
    3.12700E+02    8.02807E-02    9.22857E-01
    3.12800E+02    8.06114E-02    9.22552E-01
    3.12900E+02    8.12258E-02    9.21986E-01
    3.13000E+02    8.13000E-02    9.21917E-01
    3.13100E+02    8.16187E-02    9.21623E-01
    3.13200E+02    8.19079E-02    9.21357E-01
    3.13300E+02    8.22624E-02    9.21030E-01
    3.13400E+02    8.26551E-02    9.20669E-01
    3.13500E+02    8.31084E-02    9.20251E-01
    3.13600E+02    8.37113E-02    9.19697E-01
    3.13700E+02    8.38250E-02    9.19592E-01
    3.13800E+02    8.42201E-02    9.19229E-01
    3.13900E+02    8.47016E-02    9.18786E-01
    3.14000E+02    8.57372E-02    9.17835E-01
    3.14100E+02    8.55076E-02    9.18046E-01
    3.14200E+02    8.58883E-02    9.17697E-01
    3.14300E+02    8.63317E-02    9.17290E-01
    3.14400E+02    8.68065E-02    9.16855E-01
    3.14500E+02    8.73099E-02    9.16393E-01
    3.14600E+02    8.78418E-02    9.15906E-01
    3.14700E+02    8.84092E-02    9.15386E-01
    3.14800E+02    8.90190E-02    9.14828E-01
    3.14900E+02    8.96812E-02    9.14223E-01
    3.15000E+02    9.04145E-02    9.13552E-01
    3.15100E+02    9.12703E-02    9.12771E-01
    3.15200E+02    9.21819E-02    9.11939E-01
    3.15300E+02    9.33089E-02    9.10912E-01
    3.15400E+02    9.47609E-02    9.09590E-01
    3.15500E+02    9.68006E-02    9.07737E-01
    3.15600E+02    1.00107E-01    9.04740E-01
    3.15700E+02    1.06923E-01    8.98595E-01
    3.15800E+02    1.29475E-01    8.78557E-01
    3.15900E+02    1.79609E-01    8.35597E-01
    3.16000E+02    1.19781E-01    8.87115E-01
    3.16100E+02    1.14872E-01    8.91480E-01
    3.16200E+02    1.24727E-01    8.82738E-01
    3.16300E+02    1.93916E-01    8.23727E-01
    3.16400E+02    1.44018E-01    8.65872E-01
    3.16500E+02    1.17409E-01    8.89221E-01
    3.16600E+02    1.12292E-01    8.93783E-01
    3.16700E+02    1.17409E-01    8.89221E-01
    3.16800E+02    1.07736E-01    8.97865E-01
    3.16900E+02    1.06596E-01    8.98889E-01
    3.17000E+02    1.07117E-01    8.98420E-01
    3.17100E+02    1.09782E-01    8.96029E-01
    3.17200E+02    1.27582E-01    8.80221E-01
    3.17300E+02    1.10489E-01    8.95396E-01
    3.17400E+02    1.09145E-01    8.96601E-01
    3.17500E+02    1.09316E-01    8.96447E-01
    3.17600E+02    1.09958E-01    8.95872E-01
    3.17700E+02    1.10835E-01    8.95087E-01
    3.17800E+02    1.11837E-01    8.94190E-01
    3.17900E+02    1.12922E-01    8.93220E-01
    3.18000E+02    1.14115E-01    8.92155E-01
    3.18100E+02    1.15431E-01    8.90982E-01
    3.18200E+02    1.16747E-01    8.89810E-01
    3.18300E+02    1.18180E-01    8.88536E-01
    3.18400E+02    1.19712E-01    8.87176E-01
    3.18500E+02    1.21353E-01    8.85721E-01
    3.18600E+02    1.23001E-01    8.84263E-01
    3.18700E+02    1.24797E-01    8.82676E-01
    3.18800E+02    1.26703E-01    8.80996E-01
    3.18900E+02    1.28722E-01    8.79218E-01
    3.19000E+02    1.30874E-01    8.77328E-01
    3.19100E+02    1.33188E-01    8.75300E-01
    3.19200E+02    1.35746E-01    8.73065E-01
    3.19300E+02    1.38435E-01    8.70720E-01
    3.19400E+02    1.41491E-01    8.68063E-01
    3.19500E+02    1.44684E-01    8.65295E-01
    3.19600E+02    1.48648E-01    8.61873E-01
    3.19700E+02    1.53853E-01    8.57398E-01
    3.19800E+02    1.62109E-01    8.50348E-01
    3.19900E+02    1.81901E-01    8.33684E-01
    3.20000E+02    3.21643E-01    7.24957E-01
    3.20100E+02    1.87092E-01    8.29367E-01
    3.20200E+02    1.76008E-01    8.38611E-01
    3.20300E+02    1.75345E-01    8.39168E-01
    3.20400E+02    1.77560E-01    8.37310E-01
    3.20500E+02    1.80903E-01    8.34516E-01
    3.20600E+02    1.85021E-01    8.31086E-01
    3.20700E+02    1.89520E-01    8.27356E-01
    3.20800E+02    1.94383E-01    8.23343E-01
    3.20900E+02    1.99501E-01    8.19139E-01
    3.21000E+02    2.04828E-01    8.14787E-01
    3.21100E+02    2.10362E-01    8.10291E-01
    3.21200E+02    2.15826E-01    8.05876E-01
    3.21300E+02    2.21455E-01    8.01352E-01
    3.21400E+02    2.27257E-01    7.96716E-01
    3.21500E+02    2.33368E-01    7.91862E-01
    3.21600E+02    2.39631E-01    7.86918E-01
    3.21700E+02    2.46379E-01    7.81626E-01
    3.21800E+02    2.53645E-01    7.75967E-01
    3.21900E+02    2.61649E-01    7.69781E-01
    3.22000E+02    2.72725E-01    7.61302E-01
    3.22100E+02    2.79829E-01    7.55913E-01
    3.22200E+02    2.89150E-01    7.48900E-01
    3.22300E+02    2.99421E-01    7.41247E-01
    3.22400E+02    3.10922E-01    7.32771E-01
    3.22500E+02    3.23476E-01    7.23629E-01
    3.22600E+02    3.37139E-01    7.13809E-01
    3.22700E+02    3.52151E-01    7.03174E-01
    3.22800E+02    3.68049E-01    6.92083E-01
    3.22900E+02    3.85523E-01    6.80095E-01
    3.23000E+02    4.04521E-01    6.67296E-01
    3.23100E+02    4.25155E-01    6.53669E-01
    3.23200E+02    4.47569E-01    6.39180E-01
    3.23300E+02    4.71896E-01    6.23818E-01
    3.23400E+02    4.98300E-01    6.07562E-01
    3.23500E+02    5.26971E-01    5.90391E-01
    3.23600E+02    5.58279E-01    5.72193E-01
    3.23700E+02    5.97125E-01    5.50392E-01
    3.23800E+02    6.27360E-01    5.34000E-01
    3.23900E+02    6.65098E-01    5.14223E-01
    3.24000E+02    7.05713E-01    4.93756E-01
    3.24100E+02    7.48853E-01    4.72908E-01
    3.24200E+02    7.94349E-01    4.51875E-01
    3.24300E+02    8.41628E-01    4.31008E-01
    3.24400E+02    8.90020E-01    4.10648E-01
    3.24500E+02    9.38986E-01    3.91024E-01
    3.24600E+02    9.87392E-01    3.72547E-01
    3.24700E+02    1.03381E+00    3.55649E-01
    3.24800E+02    1.07652E+00    3.40779E-01
    3.24900E+02    1.11340E+00    3.28439E-01
    3.25000E+02    1.14194E+00    3.19200E-01
    3.25100E+02    1.15941E+00    3.13670E-01
    3.25200E+02    1.16065E+00    3.13284E-01
    3.25300E+02    1.14524E+00    3.18147E-01
    3.25400E+02    1.11860E+00    3.26736E-01
    3.25500E+02    1.08328E+00    3.38484E-01
    3.25600E+02    1.04202E+00    3.52741E-01
    3.25700E+02    9.96741E-01    3.69080E-01
    3.25800E+02    9.49364E-01    3.86987E-01
    3.25900E+02    9.01269E-01    4.06054E-01
    3.26000E+02    8.53634E-01    4.25865E-01
    3.26100E+02    8.07088E-01    4.46156E-01
    3.26200E+02    7.62358E-01    4.66565E-01
    3.26300E+02    7.20218E-01    4.86646E-01
    3.26400E+02    6.81689E-01    5.05762E-01
    3.26500E+02    6.47357E-01    5.23427E-01
    3.26600E+02    6.13143E-01    5.41646E-01
    3.26700E+02    5.89078E-01    5.54839E-01
    3.26800E+02    5.87969E-01    5.55454E-01
    3.26900E+02    8.30122E-01    4.35996E-01
    3.27000E+02    5.33284E-01    5.86675E-01
    3.27100E+02    4.77669E-01    6.20228E-01
    3.27200E+02    4.44958E-01    6.40851E-01
    3.27300E+02    4.19516E-01    6.57365E-01
    3.27400E+02    3.97854E-01    6.71760E-01
    3.27500E+02    3.78858E-01    6.84643E-01
    3.27600E+02    3.62328E-01    6.96054E-01
    3.27700E+02    3.49742E-01    7.04870E-01
    3.27800E+02    3.47577E-01    7.06398E-01
    3.27900E+02    3.30736E-01    7.18395E-01
    3.28000E+02    3.07382E-01    7.35370E-01
    3.28100E+02    2.93107E-01    7.45942E-01
    3.28200E+02    2.81283E-01    7.54815E-01
    3.28300E+02    2.70700E-01    7.62845E-01
    3.28400E+02    2.61047E-01    7.70245E-01
    3.28500E+02    2.52218E-01    7.77076E-01
    3.28600E+02    2.43895E-01    7.83570E-01
    3.28700E+02    2.36180E-01    7.89639E-01
    3.28800E+02    2.29041E-01    7.95296E-01
    3.28900E+02    2.22349E-01    8.00636E-01
    3.29000E+02    2.16120E-01    8.05639E-01
    3.29100E+02    2.10366E-01    8.10288E-01
    3.29200E+02    2.04823E-01    8.14792E-01
    3.29300E+02    1.99792E-01    8.18901E-01
    3.29400E+02    1.94816E-01    8.22986E-01
    3.29500E+02    1.90256E-01    8.26747E-01
    3.29600E+02    1.86088E-01    8.30201E-01
    3.29700E+02    1.82118E-01    8.33503E-01
    3.29800E+02    1.79186E-01    8.35950E-01
    3.29900E+02    1.74593E-01    8.39799E-01
    3.30000E+02    1.71078E-01    8.42756E-01
    3.30100E+02    1.67835E-01    8.45494E-01
    3.30200E+02    1.64787E-01    8.48074E-01
    3.30300E+02    1.61907E-01    8.50520E-01
    3.30400E+02    1.59184E-01    8.52839E-01
    3.30500E+02    1.56603E-01    8.55043E-01
    3.30600E+02    1.54170E-01    8.57127E-01
    3.30700E+02    1.51858E-01    8.59110E-01
    3.30800E+02    1.49669E-01    8.60993E-01
    3.30900E+02    1.47606E-01    8.62771E-01
    3.31000E+02    1.45684E-01    8.64431E-01
    3.31100E+02    1.43838E-01    8.66028E-01
    3.31200E+02    1.42045E-01    8.67582E-01
    3.31300E+02    1.40392E-01    8.69018E-01
    3.31400E+02    1.38849E-01    8.70360E-01
    3.31500E+02    1.37431E-01    8.71595E-01
    3.31600E+02    1.36133E-01    8.72727E-01
    3.31700E+02    1.35002E-01    8.73714E-01
    3.31800E+02    1.34646E-01    8.74026E-01
    3.31900E+02    1.32946E-01    8.75512E-01
    3.32000E+02    1.32143E-01    8.76216E-01
    3.32100E+02    1.31839E-01    8.76482E-01
    3.32200E+02    1.31662E-01    8.76638E-01
    3.32300E+02    1.32409E-01    8.75983E-01
    3.32400E+02    1.34729E-01    8.73952E-01
    3.32500E+02    1.40951E-01    8.68532E-01
    3.32600E+02    1.61139E-01    8.51174E-01
    3.32700E+02    3.32362E-01    7.17228E-01
    3.32800E+02    1.78265E-01    8.36721E-01
    3.32900E+02    1.91609E-01    8.25629E-01
    3.33000E+02    1.40507E-01    8.68918E-01
    3.33100E+02    1.29716E-01    8.78345E-01
    3.33200E+02    1.24838E-01    8.82640E-01
    3.33300E+02    1.21967E-01    8.85178E-01
    3.33400E+02    1.19994E-01    8.86926E-01
    3.33500E+02    1.18484E-01    8.88266E-01
    3.33600E+02    1.17275E-01    8.89341E-01
    3.33700E+02    1.16252E-01    8.90251E-01
    3.33800E+02    1.15379E-01    8.91028E-01
    3.33900E+02    1.14685E-01    8.91647E-01
    3.34000E+02    1.14046E-01    8.92217E-01
    3.34100E+02    1.13212E-01    8.92961E-01
    3.34200E+02    1.12569E-01    8.93536E-01
    3.34300E+02    1.12007E-01    8.94038E-01
    3.34400E+02    1.11490E-01    8.94500E-01
    3.34500E+02    1.11034E-01    8.94909E-01
    3.34600E+02    1.10631E-01    8.95269E-01
    3.34700E+02    1.10302E-01    8.95564E-01
    3.34800E+02    1.10069E-01    8.95772E-01
    3.34900E+02    1.10019E-01    8.95817E-01
    3.35000E+02    1.10348E-01    8.95522E-01
    3.35100E+02    1.11780E-01    8.94241E-01
    3.35200E+02    1.17963E-01    8.88729E-01
    3.35300E+02    1.28791E-01    8.79158E-01
    3.35400E+02    1.12276E-01    8.93798E-01
    3.35500E+02    1.09131E-01    8.96613E-01
    3.35600E+02    1.07928E-01    8.97693E-01
    3.35700E+02    1.07575E-01    8.98009E-01
    3.35800E+02    1.06540E-01    8.98939E-01
    3.35900E+02    1.06522E-01    8.98955E-01
    3.36000E+02    1.05683E-01    8.99710E-01
    3.36100E+02    1.05285E-01    9.00068E-01
    3.36200E+02    1.05343E-01    9.00016E-01
    3.36300E+02    1.04642E-01    9.00647E-01
    3.36400E+02    1.04301E-01    9.00954E-01
    3.36500E+02    1.04020E-01    9.01207E-01
    3.36600E+02    1.03768E-01    9.01434E-01
    3.36700E+02    1.03531E-01    9.01648E-01
    3.36800E+02    1.03313E-01    9.01845E-01
    3.36900E+02    1.03113E-01    9.02025E-01
    3.37000E+02    1.02913E-01    9.02206E-01
    3.37100E+02    1.02852E-01    9.02261E-01
    3.37200E+02    1.02673E-01    9.02422E-01
    3.37300E+02    1.02456E-01    9.02617E-01
    3.37400E+02    1.02290E-01    9.02768E-01
    3.37500E+02    1.02280E-01    9.02777E-01
    3.37600E+02    1.02478E-01    9.02598E-01
    3.37700E+02    1.02084E-01    9.02953E-01
    3.37800E+02    1.01714E-01    9.03288E-01
    3.37900E+02    1.01533E-01    9.03451E-01
    3.38000E+02    1.01399E-01    9.03573E-01
    3.38100E+02    1.01288E-01    9.03673E-01
    3.38200E+02    1.01192E-01    9.03760E-01
    3.38300E+02    1.01164E-01    9.03785E-01
    3.38400E+02    1.01075E-01    9.03865E-01
    3.38500E+02    1.00997E-01    9.03936E-01
    3.38600E+02    1.01079E-01    9.03862E-01
    3.38700E+02    1.02378E-01    9.02688E-01
    3.38800E+02    1.01162E-01    9.03787E-01
    3.38900E+02    1.00777E-01    9.04135E-01
    3.39000E+02    1.00588E-01    9.04306E-01
    3.39100E+02    1.00488E-01    9.04396E-01
    3.39200E+02    1.00415E-01    9.04462E-01
    3.39300E+02    1.00355E-01    9.04516E-01
    3.39400E+02    1.00305E-01    9.04562E-01
    3.39500E+02    1.00260E-01    9.04602E-01
    3.39600E+02    1.00223E-01    9.04636E-01
    3.39700E+02    1.00192E-01    9.04664E-01
    3.39800E+02    1.00180E-01    9.04675E-01
    3.39900E+02    1.00181E-01    9.04673E-01
    3.40000E+02    1.00133E-01    9.04717E-01
    3.40100E+02    1.00113E-01    9.04735E-01
    3.40200E+02    1.00103E-01    9.04744E-01
    3.40300E+02    1.00099E-01    9.04748E-01
    3.40400E+02    1.00103E-01    9.04744E-01
    3.40500E+02    1.00126E-01    9.04723E-01
    3.40600E+02    1.00231E-01    9.04628E-01
    3.40700E+02    1.00555E-01    9.04336E-01
    3.40800E+02    1.00183E-01    9.04672E-01
    3.40900E+02    1.00154E-01    9.04698E-01
    3.41000E+02    1.00159E-01    9.04694E-01
    3.41100E+02    1.00178E-01    9.04677E-01
    3.41200E+02    1.00204E-01    9.04653E-01
    3.41300E+02    1.00236E-01    9.04624E-01
    3.41400E+02    1.00273E-01    9.04590E-01
    3.41500E+02    1.00319E-01    9.04549E-01
    3.41600E+02    1.00373E-01    9.04500E-01
    3.41700E+02    1.00440E-01    9.04439E-01
    3.41800E+02    1.00546E-01    9.04344E-01
    3.41900E+02    1.00821E-01    9.04095E-01
    3.42000E+02    1.00750E-01    9.04159E-01
    3.42100E+02    1.01308E-01    9.03654E-01
    3.42200E+02    1.00928E-01    9.03998E-01
    3.42300E+02    1.01036E-01    9.03901E-01
    3.42400E+02    1.01189E-01    9.03763E-01
    3.42500E+02    1.01427E-01    9.03547E-01
    3.42600E+02    1.01642E-01    9.03353E-01
    3.42700E+02    1.02019E-01    9.03012E-01
    3.42800E+02    1.02616E-01    9.02473E-01
    3.42900E+02    1.03616E-01    9.01572E-01
    3.43000E+02    1.05755E-01    8.99645E-01
    3.43100E+02    1.12138E-01    8.93921E-01
    3.43200E+02    1.39177E-01    8.70074E-01
    3.43300E+02    1.20369E-01    8.86593E-01
    3.43400E+02    1.10137E-01    8.95712E-01
    3.43500E+02    1.19791E-01    8.87105E-01
    3.43600E+02    1.06347E-01    8.99112E-01
    3.43700E+02    1.03994E-01    9.01230E-01
    3.43800E+02    1.03147E-01    9.01994E-01
    3.43900E+02    1.02771E-01    9.02334E-01
    3.44000E+02    1.02534E-01    9.02547E-01
    3.44100E+02    1.02416E-01    9.02654E-01
    3.44200E+02    1.02356E-01    9.02708E-01
    3.44300E+02    1.02336E-01    9.02727E-01
    3.44400E+02    1.02349E-01    9.02714E-01
    3.44500E+02    1.02386E-01    9.02681E-01
    3.44600E+02    1.02462E-01    9.02613E-01
    3.44700E+02    1.02518E-01    9.02562E-01
    3.44800E+02    1.02635E-01    9.02456E-01
    3.44900E+02    1.02720E-01    9.02379E-01
    3.45000E+02    1.02732E-01    9.02369E-01
    3.45100E+02    1.02803E-01    9.02304E-01
    3.45200E+02    1.02890E-01    9.02226E-01
    3.45300E+02    1.02981E-01    9.02145E-01
    3.45400E+02    1.03080E-01    9.02055E-01
    3.45500E+02    1.03183E-01    9.01962E-01
    3.45600E+02    1.03290E-01    9.01865E-01
    3.45700E+02    1.03400E-01    9.01766E-01
    3.45800E+02    1.03514E-01    9.01664E-01
    3.45900E+02    1.03632E-01    9.01557E-01
    3.46000E+02    1.03754E-01    9.01447E-01
    3.46100E+02    1.03898E-01    9.01317E-01
    3.46200E+02    1.04023E-01    9.01204E-01
    3.46300E+02    1.04136E-01    9.01103E-01
    3.46400E+02    1.04267E-01    9.00984E-01
    3.46500E+02    1.04398E-01    9.00866E-01
    3.46600E+02    1.04544E-01    9.00735E-01
    3.46700E+02    1.04685E-01    9.00608E-01
    3.46800E+02    1.04865E-01    9.00446E-01
    3.46900E+02    1.05081E-01    9.00252E-01
    3.47000E+02    1.05141E-01    9.00198E-01
    3.47100E+02    1.05319E-01    9.00037E-01
    3.47200E+02    1.05708E-01    8.99688E-01
    3.47300E+02    1.05682E-01    8.99711E-01
    3.47400E+02    1.05733E-01    8.99665E-01
    3.47500E+02    1.05873E-01    8.99539E-01
    3.47600E+02    1.06042E-01    8.99387E-01
    3.47700E+02    1.06258E-01    8.99193E-01
    3.47800E+02    1.06789E-01    8.98715E-01
    3.47900E+02    1.06607E-01    8.98879E-01
    3.48000E+02    1.06801E-01    8.98705E-01
    3.48100E+02    1.06898E-01    8.98618E-01
    3.48200E+02    1.07061E-01    8.98471E-01
    3.48300E+02    1.07228E-01    8.98321E-01
    3.48400E+02    1.07412E-01    8.98156E-01
    3.48500E+02    1.07619E-01    8.97969E-01
    3.48600E+02    1.07886E-01    8.97730E-01
    3.48700E+02    1.07985E-01    8.97641E-01
    3.48800E+02    1.08175E-01    8.97470E-01
    3.48900E+02    1.08388E-01    8.97279E-01
    3.49000E+02    1.08865E-01    8.96851E-01
    3.49100E+02    1.08815E-01    8.96897E-01
    3.49200E+02    1.09028E-01    8.96706E-01
    3.49300E+02    1.09280E-01    8.96480E-01
    3.49400E+02    1.09597E-01    8.96195E-01
    3.49500E+02    1.10157E-01    8.95693E-01
    3.49600E+02    1.10728E-01    8.95182E-01
    3.49700E+02    1.12710E-01    8.93410E-01
    3.49800E+02    1.12468E-01    8.93626E-01
    3.49900E+02    1.11205E-01    8.94756E-01
