    1.49900E+02    1.92431E-02    9.80941E-01
    1.50000E+02    1.92702E-02    9.80914E-01
    1.50100E+02    1.92933E-02    9.80892E-01
    1.50200E+02    1.92652E-02    9.80919E-01
    1.50300E+02    1.92832E-02    9.80902E-01
    1.50400E+02    1.92711E-02    9.80913E-01
    1.50500E+02    1.92771E-02    9.80907E-01
    1.50600E+02    1.92868E-02    9.80898E-01
    1.50700E+02    1.92985E-02    9.80887E-01
    1.50800E+02    1.93107E-02    9.80875E-01
    1.50900E+02    1.93238E-02    9.80862E-01
    1.51000E+02    1.93377E-02    9.80848E-01
    1.51100E+02    1.93544E-02    9.80832E-01
    1.51200E+02    1.93671E-02    9.80819E-01
    1.51300E+02    1.93827E-02    9.80804E-01
    1.51400E+02    1.93983E-02    9.80789E-01
    1.51500E+02    1.94144E-02    9.80773E-01
    1.51600E+02    1.94318E-02    9.80756E-01
    1.51700E+02    1.94483E-02    9.80740E-01
    1.51800E+02    1.94654E-02    9.80723E-01
    1.51900E+02    1.94837E-02    9.80705E-01
    1.52000E+02    1.95020E-02    9.80687E-01
    1.52100E+02    1.95215E-02    9.80668E-01
    1.52200E+02    1.95362E-02    9.80653E-01
    1.52300E+02    1.95577E-02    9.80632E-01
    1.52400E+02    1.95802E-02    9.80610E-01
    1.52500E+02    1.96059E-02    9.80585E-01
    1.52600E+02    1.96293E-02    9.80562E-01
    1.52700E+02    1.96564E-02    9.80536E-01
    1.52800E+02    1.96862E-02    9.80506E-01
    1.52900E+02    1.97203E-02    9.80473E-01
    1.53000E+02    1.97639E-02    9.80430E-01
    1.53100E+02    1.98082E-02    9.80387E-01
    1.53200E+02    1.98578E-02    9.80338E-01
    1.53300E+02    1.99243E-02    9.80273E-01
    1.53400E+02    2.00204E-02    9.80179E-01
    1.53500E+02    2.01715E-02    9.80031E-01
    1.53600E+02    2.04428E-02    9.79765E-01
    1.53700E+02    2.15251E-02    9.78705E-01
    1.53800E+02    2.14793E-02    9.78750E-01
    1.53900E+02    2.32505E-02    9.77018E-01
    1.54000E+02    2.70072E-02    9.73354E-01
    1.54100E+02    2.50618E-02    9.75250E-01
    1.54200E+02    2.16885E-02    9.78545E-01
    1.54300E+02    2.08539E-02    9.79362E-01
    1.54400E+02    2.05086E-02    9.79700E-01
    1.54500E+02    2.03486E-02    9.79857E-01
    1.54600E+02    2.02687E-02    9.79935E-01
    1.54700E+02    2.02300E-02    9.79973E-01
    1.54800E+02    2.02103E-02    9.79993E-01
    1.54900E+02    2.02021E-02    9.80001E-01
    1.55000E+02    2.02068E-02    9.79996E-01
    1.55100E+02    2.02148E-02    9.79988E-01
    1.55200E+02    2.02277E-02    9.79976E-01
    1.55300E+02    2.02440E-02    9.79959E-01
    1.55400E+02    2.02644E-02    9.79940E-01
    1.55500E+02    2.02886E-02    9.79916E-01
    1.55600E+02    2.03171E-02    9.79888E-01
    1.55700E+02    2.03525E-02    9.79853E-01
    1.55800E+02    2.04023E-02    9.79804E-01
    1.55900E+02    2.04953E-02    9.79713E-01
    1.56000E+02    2.06744E-02    9.79538E-01
    1.56100E+02    2.23006E-02    9.77946E-01
    1.56200E+02    2.07673E-02    9.79447E-01
    1.56300E+02    2.05975E-02    9.79613E-01
    1.56400E+02    2.05842E-02    9.79626E-01
    1.56500E+02    2.07046E-02    9.79508E-01
    1.56600E+02    2.06067E-02    9.79604E-01
    1.56700E+02    2.06252E-02    9.79586E-01
    1.56800E+02    2.06327E-02    9.79579E-01
    1.56900E+02    2.06569E-02    9.79555E-01
    1.57000E+02    2.06988E-02    9.79514E-01
    1.57100E+02    2.07198E-02    9.79493E-01
    1.57200E+02    2.07722E-02    9.79442E-01
    1.57300E+02    2.08768E-02    9.79340E-01
    1.57400E+02    2.08188E-02    9.79396E-01
    1.57500E+02    2.08390E-02    9.79377E-01
    1.57600E+02    2.08685E-02    9.79348E-01
    1.57700E+02    2.09007E-02    9.79316E-01
    1.57800E+02    2.09337E-02    9.79284E-01
    1.57900E+02    2.09683E-02    9.79250E-01
    1.58000E+02    2.10041E-02    9.79215E-01
    1.58100E+02    2.10413E-02    9.79178E-01
    1.58200E+02    2.10801E-02    9.79141E-01
    1.58300E+02    2.11235E-02    9.79098E-01
    1.58400E+02    2.11744E-02    9.79048E-01
    1.58500E+02    2.13036E-02    9.78922E-01
    1.58600E+02    2.13101E-02    9.78915E-01
    1.58700E+02    2.12825E-02    9.78942E-01
    1.58800E+02    2.13134E-02    9.78912E-01
    1.58900E+02    2.13482E-02    9.78878E-01
    1.59000E+02    2.13881E-02    9.78839E-01
    1.59100E+02    2.14380E-02    9.78790E-01
    1.59200E+02    2.14908E-02    9.78738E-01
    1.59300E+02    2.15242E-02    9.78706E-01
    1.59400E+02    2.15570E-02    9.78674E-01
    1.59500E+02    2.16232E-02    9.78609E-01
    1.59600E+02    2.16493E-02    9.78583E-01
    1.59700E+02    2.16796E-02    9.78554E-01
    1.59800E+02    2.17242E-02    9.78510E-01
    1.59900E+02    2.17828E-02    9.78453E-01
    1.60000E+02    2.18257E-02    9.78411E-01
    1.60100E+02    2.18617E-02    9.78376E-01
    1.60200E+02    2.19085E-02    9.78330E-01
    1.60300E+02    2.19492E-02    9.78290E-01
    1.60400E+02    2.20092E-02    9.78231E-01
    1.60500E+02    2.20492E-02    9.78192E-01
    1.60600E+02    2.20925E-02    9.78150E-01
    1.60700E+02    2.21406E-02    9.78103E-01
    1.60800E+02    2.21897E-02    9.78055E-01
    1.60900E+02    2.22403E-02    9.78005E-01
    1.61000E+02    2.22927E-02    9.77954E-01
    1.61100E+02    2.23465E-02    9.77901E-01
    1.61200E+02    2.24042E-02    9.77845E-01
    1.61300E+02    2.24670E-02    9.77783E-01
    1.61400E+02    2.25095E-02    9.77742E-01
    1.61500E+02    2.25630E-02    9.77690E-01
    1.61600E+02    2.26185E-02    9.77635E-01
    1.61700E+02    2.26762E-02    9.77579E-01
    1.61800E+02    2.27340E-02    9.77522E-01
    1.61900E+02    2.27942E-02    9.77464E-01
    1.62000E+02    2.28541E-02    9.77405E-01
    1.62100E+02    2.29154E-02    9.77345E-01
    1.62200E+02    2.29784E-02    9.77284E-01
    1.62300E+02    2.30482E-02    9.77215E-01
    1.62400E+02    2.31071E-02    9.77158E-01
    1.62500E+02    2.31728E-02    9.77094E-01
    1.62600E+02    2.32408E-02    9.77027E-01
    1.62700E+02    2.33090E-02    9.76961E-01
    1.62800E+02    2.33805E-02    9.76891E-01
    1.62900E+02    2.34547E-02    9.76818E-01
    1.63000E+02    2.35312E-02    9.76743E-01
    1.63100E+02    2.36163E-02    9.76660E-01
    1.63200E+02    2.37367E-02    9.76543E-01
    1.63300E+02    2.38309E-02    9.76451E-01
    1.63400E+02    2.38618E-02    9.76421E-01
    1.63500E+02    2.39408E-02    9.76344E-01
    1.63600E+02    2.40333E-02    9.76253E-01
    1.63700E+02    2.41248E-02    9.76164E-01
    1.63800E+02    2.42267E-02    9.76064E-01
    1.63900E+02    2.43374E-02    9.75956E-01
    1.64000E+02    2.44614E-02    9.75835E-01
    1.64100E+02    2.45908E-02    9.75709E-01
    1.64200E+02    2.47442E-02    9.75559E-01
    1.64300E+02    2.49258E-02    9.75382E-01
    1.64400E+02    2.51521E-02    9.75162E-01
    1.64500E+02    2.54558E-02    9.74865E-01
    1.64600E+02    2.59124E-02    9.74420E-01
    1.64700E+02    2.67496E-02    9.73605E-01
    1.64800E+02    2.86156E-02    9.71790E-01
    1.64900E+02    3.52116E-02    9.65401E-01
    1.65000E+02    3.58981E-02    9.64739E-01
    1.65100E+02    2.91622E-02    9.71259E-01
    1.65200E+02    2.79209E-02    9.72465E-01
    1.65300E+02    2.78206E-02    9.72563E-01
    1.65400E+02    2.83162E-02    9.72081E-01
    1.65500E+02    2.96305E-02    9.70804E-01
    1.65600E+02    3.28564E-02    9.67678E-01
    1.65700E+02    4.38530E-02    9.57095E-01
    1.65800E+02    8.61457E-02    9.17461E-01
    1.65900E+02    3.87070E-02    9.62033E-01
    1.66000E+02    3.17217E-02    9.68776E-01
    1.66100E+02    2.94041E-02    9.71024E-01
    1.66200E+02    2.86620E-02    9.71745E-01
    1.66300E+02    2.78398E-02    9.72544E-01
    1.66400E+02    2.75189E-02    9.72856E-01
    1.66500E+02    2.73929E-02    9.72979E-01
    1.66600E+02    2.74800E-02    9.72894E-01
    1.66700E+02    2.72925E-02    9.73077E-01
    1.66800E+02    2.72923E-02    9.73077E-01
    1.66900E+02    2.73372E-02    9.73033E-01
    1.67000E+02    2.74144E-02    9.72958E-01
    1.67100E+02    2.75290E-02    9.72846E-01
    1.67200E+02    2.76754E-02    9.72704E-01
    1.67300E+02    2.79051E-02    9.72481E-01
    1.67400E+02    2.83174E-02    9.72080E-01
    1.67500E+02    2.95986E-02    9.70835E-01
    1.67600E+02    3.18430E-02    9.68659E-01
    1.67700E+02    2.89651E-02    9.71450E-01
    1.67800E+02    2.85397E-02    9.71864E-01
    1.67900E+02    2.84637E-02    9.71938E-01
    1.68000E+02    2.84940E-02    9.71908E-01
    1.68100E+02    2.85717E-02    9.71833E-01
    1.68200E+02    2.86725E-02    9.71735E-01
    1.68300E+02    2.87905E-02    9.71620E-01
    1.68400E+02    2.89182E-02    9.71496E-01
    1.68500E+02    2.90559E-02    9.71362E-01
    1.68600E+02    2.92041E-02    9.71218E-01
    1.68700E+02    2.93638E-02    9.71063E-01
    1.68800E+02    2.95543E-02    9.70878E-01
    1.68900E+02    2.98910E-02    9.70551E-01
    1.69000E+02    3.03216E-02    9.70134E-01
    1.69100E+02    3.00880E-02    9.70360E-01
    1.69200E+02    3.01753E-02    9.70275E-01
    1.69300E+02    3.03266E-02    9.70129E-01
    1.69400E+02    3.04890E-02    9.69971E-01
    1.69500E+02    3.06680E-02    9.69797E-01
    1.69600E+02    3.08636E-02    9.69608E-01
    1.69700E+02    3.10540E-02    9.69423E-01
    1.69800E+02    3.12910E-02    9.69193E-01
    1.69900E+02    3.15011E-02    9.68990E-01
    1.70000E+02    3.17658E-02    9.68733E-01
    1.70100E+02    3.18477E-02    9.68654E-01
    1.70200E+02    3.20517E-02    9.68457E-01
    1.70300E+02    3.23885E-02    9.68130E-01
    1.70400E+02    3.24802E-02    9.68042E-01
    1.70500E+02    3.26975E-02    9.67831E-01
    1.70600E+02    3.29263E-02    9.67610E-01
    1.70700E+02    3.31640E-02    9.67380E-01
    1.70800E+02    3.34093E-02    9.67143E-01
    1.70900E+02    3.36653E-02    9.66895E-01
    1.71000E+02    3.39408E-02    9.66629E-01
    1.71100E+02    3.42305E-02    9.66349E-01
    1.71200E+02    3.45380E-02    9.66052E-01
    1.71300E+02    3.49208E-02    9.65682E-01
    1.71400E+02    3.61522E-02    9.64493E-01
    1.71500E+02    3.55189E-02    9.65104E-01
    1.71600E+02    3.56534E-02    9.64975E-01
    1.71700E+02    3.58936E-02    9.64743E-01
    1.71800E+02    3.61796E-02    9.64467E-01
    1.71900E+02    3.64847E-02    9.64173E-01
    1.72000E+02    3.68033E-02    9.63866E-01
    1.72100E+02    3.71304E-02    9.63551E-01
    1.72200E+02    3.74690E-02    9.63224E-01
    1.72300E+02    3.78177E-02    9.62888E-01
    1.72400E+02    3.81775E-02    9.62542E-01
    1.72500E+02    3.85488E-02    9.62185E-01
    1.72600E+02    3.89322E-02    9.61816E-01
    1.72700E+02    3.93306E-02    9.61433E-01
    1.72800E+02    3.97575E-02    9.61022E-01
    1.72900E+02    4.01707E-02    9.60625E-01
    1.73000E+02    4.06178E-02    9.60196E-01
    1.73100E+02    4.11019E-02    9.59731E-01
    1.73200E+02    4.16515E-02    9.59204E-01
    1.73300E+02    4.24124E-02    9.58474E-01
    1.73400E+02    4.35381E-02    9.57396E-01
    1.73500E+02    4.69730E-02    9.54113E-01
    1.73600E+02    4.41755E-02    9.56786E-01
    1.73700E+02    4.42005E-02    9.56762E-01
    1.73800E+02    4.45631E-02    9.56415E-01
    1.73900E+02    4.50337E-02    9.55965E-01
    1.74000E+02    4.55635E-02    9.55459E-01
    1.74100E+02    4.61244E-02    9.54923E-01
    1.74200E+02    4.67225E-02    9.54352E-01
    1.74300E+02    4.73361E-02    9.53767E-01
    1.74400E+02    4.79838E-02    9.53149E-01
    1.74500E+02    4.86727E-02    9.52493E-01
    1.74600E+02    4.93794E-02    9.51820E-01
    1.74700E+02    5.01272E-02    9.51108E-01
    1.74800E+02    5.09393E-02    9.50336E-01
    1.74900E+02    5.18510E-02    9.49470E-01
    1.75000E+02    5.29758E-02    9.48403E-01
    1.75100E+02    5.48689E-02    9.46609E-01
    1.75200E+02    6.04522E-02    9.41339E-01
    1.75300E+02    5.72917E-02    9.44319E-01
    1.75400E+02    6.14184E-02    9.40430E-01
    1.75500E+02    6.13813E-02    9.40465E-01
    1.75600E+02    5.89901E-02    9.42716E-01
    1.75700E+02    5.91665E-02    9.42550E-01
    1.75800E+02    5.98499E-02    9.41906E-01
    1.75900E+02    6.07449E-02    9.41063E-01
    1.76000E+02    6.17421E-02    9.40125E-01
    1.76100E+02    6.28234E-02    9.39109E-01
    1.76200E+02    6.39807E-02    9.38023E-01
    1.76300E+02    6.51983E-02    9.36882E-01
    1.76400E+02    6.66546E-02    9.35518E-01
    1.76500E+02    6.77921E-02    9.34455E-01
    1.76600E+02    6.91490E-02    9.33188E-01
    1.76700E+02    7.05848E-02    9.31849E-01
    1.76800E+02    7.20982E-02    9.30440E-01
    1.76900E+02    7.36740E-02    9.28975E-01
    1.77000E+02    7.53248E-02    9.27442E-01
    1.77100E+02    7.70345E-02    9.25858E-01
    1.77200E+02    7.88272E-02    9.24200E-01
    1.77300E+02    8.07056E-02    9.22465E-01
    1.77400E+02    8.26832E-02    9.20643E-01
    1.77500E+02    8.47353E-02    9.18755E-01
    1.77600E+02    8.68941E-02    9.16774E-01
    1.77700E+02    8.91612E-02    9.14698E-01
    1.77800E+02    9.15422E-02    9.12523E-01
    1.77900E+02    9.40468E-02    9.10240E-01
    1.78000E+02    9.66572E-02    9.07867E-01
    1.78100E+02    9.94108E-02    9.05371E-01
    1.78200E+02    1.02310E-01    9.02749E-01
    1.78300E+02    1.05365E-01    8.99996E-01
    1.78400E+02    1.08599E-01    8.97091E-01
    1.78500E+02    1.12065E-01    8.93986E-01
    1.78600E+02    1.15859E-01    8.90601E-01
    1.78700E+02    1.19418E-01    8.87437E-01
    1.78800E+02    1.23319E-01    8.83981E-01
    1.78900E+02    1.27516E-01    8.80279E-01
    1.79000E+02    1.31972E-01    8.76366E-01
    1.79100E+02    1.36696E-01    8.72235E-01
    1.79200E+02    1.41708E-01    8.67874E-01
    1.79300E+02    1.47032E-01    8.63266E-01
    1.79400E+02    1.52682E-01    8.58403E-01
    1.79500E+02    1.58698E-01    8.53254E-01
    1.79600E+02    1.65098E-01    8.47811E-01
    1.79700E+02    1.71923E-01    8.42044E-01
    1.79800E+02    1.79209E-01    8.35931E-01
    1.79900E+02    1.87048E-01    8.29404E-01
    1.80000E+02    1.96431E-01    8.21658E-01
    1.80100E+02    2.04181E-01    8.15315E-01
    1.80200E+02    2.13557E-01    8.07706E-01
    1.80300E+02    2.23670E-01    7.99579E-01
    1.80400E+02    2.34531E-01    7.90941E-01
    1.80500E+02    2.46184E-01    7.81779E-01
    1.80600E+02    2.58704E-01    7.72052E-01
    1.80700E+02    2.72151E-01    7.61739E-01
    1.80800E+02    2.86606E-01    7.50807E-01
    1.80900E+02    3.02163E-01    7.39218E-01
    1.81000E+02    3.18940E-01    7.26919E-01
    1.81100E+02    3.36930E-01    7.13959E-01
    1.81200E+02    3.56295E-01    7.00266E-01
    1.81300E+02    3.77161E-01    6.85806E-01
    1.81400E+02    3.99635E-01    6.70565E-01
    1.81500E+02    4.23772E-01    6.54573E-01
    1.81600E+02    4.49706E-01    6.37816E-01
    1.81700E+02    4.77533E-01    6.20312E-01
    1.81800E+02    5.07333E-01    6.02099E-01
    1.81900E+02    5.39142E-01    5.83249E-01
    1.82000E+02    5.73044E-01    5.63807E-01
    1.82100E+02    6.09042E-01    5.43872E-01
    1.82200E+02    6.47386E-01    5.23412E-01
    1.82300E+02    6.86480E-01    5.03345E-01
    1.82400E+02    7.27571E-01    4.83081E-01
    1.82500E+02    7.69743E-01    4.63132E-01
    1.82600E+02    8.12561E-01    4.43720E-01
    1.82700E+02    8.55190E-01    4.25202E-01
    1.82800E+02    8.96676E-01    4.07923E-01
    1.82900E+02    9.35818E-01    3.92265E-01
    1.83000E+02    9.71065E-01    3.78680E-01
    1.83100E+02    1.00067E+00    3.67633E-01
    1.83200E+02    1.02249E+00    3.59699E-01
    1.83300E+02    1.03327E+00    3.55842E-01
    1.83400E+02    1.02782E+00    3.57786E-01
    1.83500E+02    1.01025E+00    3.64129E-01
    1.83600E+02    9.84214E-01    3.73733E-01
    1.83700E+02    9.52002E-01    3.85968E-01
    1.83800E+02    9.15670E-01    4.00248E-01
    1.83900E+02    8.76464E-01    4.16252E-01
    1.84000E+02    8.35925E-01    4.33473E-01
    1.84100E+02    7.95496E-01    4.51357E-01
    1.84200E+02    7.57263E-01    4.68948E-01
    1.84300E+02    7.28053E-01    4.82848E-01
    1.84400E+02    7.17558E-01    4.87942E-01
    1.84500E+02    6.44426E-01    5.24964E-01
    1.84600E+02    6.03520E-01    5.46883E-01
    1.84700E+02    5.72101E-01    5.64339E-01
    1.84800E+02    5.38775E-01    5.83463E-01
    1.84900E+02    5.03583E-01    6.04361E-01
    1.85000E+02    4.74048E-01    6.22477E-01
    1.85100E+02    4.47128E-01    6.39462E-01
    1.85200E+02    4.22232E-01    6.55582E-01
    1.85300E+02    3.99247E-01    6.70825E-01
    1.85400E+02    3.77858E-01    6.85328E-01
    1.85500E+02    3.58526E-01    6.98706E-01
    1.85600E+02    3.40259E-01    7.11586E-01
    1.85700E+02    3.22187E-01    7.24563E-01
    1.85800E+02    3.06015E-01    7.36376E-01
    1.85900E+02    2.91036E-01    7.47488E-01
    1.86000E+02    2.77125E-01    7.57960E-01
    1.86100E+02    2.64185E-01    7.67832E-01
    1.86200E+02    2.52121E-01    7.77150E-01
    1.86300E+02    2.40880E-01    7.85936E-01
    1.86400E+02    2.30395E-01    7.94220E-01
    1.86500E+02    2.20593E-01    8.02043E-01
    1.86600E+02    2.11385E-01    8.09462E-01
    1.86700E+02    2.02791E-01    8.16449E-01
    1.86800E+02    1.94752E-01    8.23039E-01
    1.86900E+02    1.87222E-01    8.29260E-01
    1.87000E+02    1.80190E-01    8.35111E-01
    1.87100E+02    1.73885E-01    8.40393E-01
    1.87200E+02    1.67528E-01    8.45753E-01
    1.87300E+02    1.61372E-01    8.50975E-01
    1.87400E+02    1.55780E-01    8.55747E-01
    1.87500E+02    1.50539E-01    8.60244E-01
    1.87600E+02    1.45640E-01    8.64469E-01
    1.87700E+02    1.40974E-01    8.68512E-01
    1.87800E+02    1.36642E-01    8.72283E-01
    1.87900E+02    1.32867E-01    8.75582E-01
    1.88000E+02    1.28468E-01    8.79441E-01
    1.88100E+02    1.24666E-01    8.82792E-01
    1.88200E+02    1.21100E-01    8.85945E-01
    1.88300E+02    1.17728E-01    8.88938E-01
    1.88400E+02    1.14530E-01    8.91785E-01
    1.88500E+02    1.11482E-01    8.94507E-01
    1.88600E+02    1.08591E-01    8.97098E-01
    1.88700E+02    1.05845E-01    8.99564E-01
    1.88800E+02    1.03254E-01    9.01898E-01
    1.88900E+02    1.01004E-01    9.03929E-01
    1.89000E+02    9.84036E-02    9.06283E-01
    1.89100E+02    9.61002E-02    9.08373E-01
    1.89200E+02    9.39145E-02    9.10361E-01
    1.89300E+02    9.18546E-02    9.12238E-01
    1.89400E+02    8.98477E-02    9.14070E-01
    1.89500E+02    8.79501E-02    9.15807E-01
    1.89600E+02    8.61412E-02    9.17465E-01
    1.89700E+02    8.44123E-02    9.19052E-01
    1.89800E+02    8.27421E-02    9.20589E-01
    1.89900E+02    8.11477E-02    9.22058E-01
    1.90000E+02    7.96210E-02    9.23466E-01
    1.90100E+02    7.81569E-02    9.24819E-01
    1.90200E+02    7.67555E-02    9.26116E-01
    1.90300E+02    7.54208E-02    9.27353E-01
    1.90400E+02    7.41492E-02    9.28533E-01
    1.90500E+02    7.30210E-02    9.29581E-01
    1.90600E+02    7.20888E-02    9.30448E-01
    1.90700E+02    7.05866E-02    9.31847E-01
    1.90800E+02    6.94265E-02    9.32929E-01
    1.90900E+02    6.83398E-02    9.33943E-01
    1.91000E+02    6.73042E-02    9.34911E-01
    1.91100E+02    6.63128E-02    9.35838E-01
    1.91200E+02    6.53562E-02    9.36734E-01
    1.91300E+02    6.44366E-02    9.37596E-01
    1.91400E+02    6.35529E-02    9.38425E-01
    1.91500E+02    6.27022E-02    9.39223E-01
    1.91600E+02    6.18858E-02    9.39990E-01
    1.91700E+02    6.11104E-02    9.40719E-01
    1.91800E+02    6.04720E-02    9.41320E-01
    1.91900E+02    5.96194E-02    9.42123E-01
    1.92000E+02    5.88926E-02    9.42808E-01
    1.92100E+02    5.82092E-02    9.43453E-01
    1.92200E+02    5.75766E-02    9.44050E-01
    1.92300E+02    5.69674E-02    9.44625E-01
    1.92400E+02    5.63300E-02    9.45227E-01
    1.92500E+02    5.57435E-02    9.45782E-01
    1.92600E+02    5.52014E-02    9.46295E-01
    1.92700E+02    5.47116E-02    9.46758E-01
    1.92800E+02    5.42227E-02    9.47221E-01
    1.92900E+02    5.38224E-02    9.47600E-01
    1.93000E+02    5.35172E-02    9.47890E-01
    1.93100E+02    5.34456E-02    9.47957E-01
    1.93200E+02    5.39462E-02    9.47483E-01
    1.93300E+02    5.78466E-02    9.43795E-01
    1.93400E+02    5.76688E-02    9.43963E-01
    1.93500E+02    5.26939E-02    9.48670E-01
    1.93600E+02    5.12742E-02    9.50018E-01
    1.93700E+02    5.04953E-02    9.50758E-01
    1.93800E+02    4.99302E-02    9.51296E-01
    1.93900E+02    4.94614E-02    9.51742E-01
    1.94000E+02    4.90449E-02    9.52138E-01
    1.94100E+02    4.86603E-02    9.52505E-01
    1.94200E+02    4.83054E-02    9.52843E-01
    1.94300E+02    4.79824E-02    9.53151E-01
    1.94400E+02    4.76781E-02    9.53441E-01
    1.94500E+02    4.74217E-02    9.53685E-01
    1.94600E+02    4.72164E-02    9.53881E-01
    1.94700E+02    4.70801E-02    9.54011E-01
    1.94800E+02    4.70442E-02    9.54045E-01
    1.94900E+02    4.71734E-02    9.53922E-01
    1.95000E+02    4.75926E-02    9.53522E-01
    1.95100E+02    4.85963E-02    9.52566E-01
    1.95200E+02    5.10210E-02    9.50259E-01
    1.95300E+02    5.80607E-02    9.43593E-01
    1.95400E+02    9.66746E-02    9.07851E-01
    1.95500E+02    7.17774E-02    9.30738E-01
    1.95600E+02    5.58263E-02    9.45703E-01
    1.95700E+02    6.07505E-02    9.41058E-01
    1.95800E+02    5.05385E-02    9.50717E-01
    1.95900E+02    4.63536E-02    9.54704E-01
    1.96000E+02    4.46876E-02    9.56296E-01
    1.96100E+02    4.37270E-02    9.57215E-01
    1.96200E+02    4.30749E-02    9.57840E-01
    1.96300E+02    4.25547E-02    9.58338E-01
    1.96400E+02    4.21757E-02    9.58701E-01
    1.96500E+02    4.17724E-02    9.59088E-01
    1.96600E+02    4.14467E-02    9.59400E-01
    1.96700E+02    4.11575E-02    9.59678E-01
    1.96800E+02    4.08953E-02    9.59930E-01
    1.96900E+02    4.06530E-02    9.60162E-01
    1.97000E+02    4.04165E-02    9.60389E-01
    1.97100E+02    4.02039E-02    9.60594E-01
    1.97200E+02    3.99966E-02    9.60793E-01
    1.97300E+02    3.97991E-02    9.60982E-01
    1.97400E+02    3.96233E-02    9.61151E-01
    1.97500E+02    3.95168E-02    9.61254E-01
    1.97600E+02    3.93799E-02    9.61385E-01
    1.97700E+02    3.91403E-02    9.61616E-01
    1.97800E+02    3.89479E-02    9.61801E-01
    1.97900E+02    3.87999E-02    9.61943E-01
    1.98000E+02    3.88814E-02    9.61865E-01
    1.98100E+02    3.85025E-02    9.62229E-01
    1.98200E+02    3.83373E-02    9.62388E-01
    1.98300E+02    3.81967E-02    9.62524E-01
    1.98400E+02    3.80667E-02    9.62649E-01
    1.98500E+02    3.79446E-02    9.62766E-01
    1.98600E+02    3.78332E-02    9.62874E-01
    1.98700E+02    3.77283E-02    9.62975E-01
    1.98800E+02    3.76395E-02    9.63060E-01
    1.98900E+02    3.75731E-02    9.63124E-01
    1.99000E+02    3.75531E-02    9.63143E-01
    1.99100E+02    3.76491E-02    9.63051E-01
    1.99200E+02    3.84217E-02    9.62307E-01
    1.99300E+02    3.90848E-02    9.61669E-01
    1.99400E+02    4.29466E-02    9.57963E-01
    1.99500E+02    3.80024E-02    9.62711E-01
    1.99600E+02    3.72451E-02    9.63440E-01
    1.99700E+02    3.69046E-02    9.63768E-01
    1.99800E+02    3.67094E-02    9.63956E-01
    1.99900E+02    3.65691E-02    9.64092E-01
    2.00000E+02    3.64585E-02    9.64198E-01
    2.00100E+02    3.63553E-02    9.64298E-01
    2.00200E+02    3.62667E-02    9.64383E-01
    2.00300E+02    3.61870E-02    9.64460E-01
    2.00400E+02    3.61140E-02    9.64530E-01
    2.00500E+02    3.60472E-02    9.64595E-01
    2.00600E+02    3.59857E-02    9.64654E-01
    2.00700E+02    3.59297E-02    9.64708E-01
    2.00800E+02    3.58809E-02    9.64755E-01
    2.00900E+02    3.58374E-02    9.64797E-01
    2.01000E+02    3.57985E-02    9.64835E-01
    2.01100E+02    3.57651E-02    9.64867E-01
    2.01200E+02    3.57389E-02    9.64892E-01
    2.01300E+02    3.57236E-02    9.64907E-01
    2.01400E+02    3.57435E-02    9.64888E-01
    2.01500E+02    3.57526E-02    9.64879E-01
    2.01600E+02    3.56985E-02    9.64931E-01
    2.01700E+02    3.56961E-02    9.64933E-01
    2.01800E+02    3.57080E-02    9.64922E-01
    2.01900E+02    3.57308E-02    9.64900E-01
    2.02000E+02    3.57644E-02    9.64868E-01
    2.02100E+02    3.58076E-02    9.64826E-01
    2.02200E+02    3.58703E-02    9.64765E-01
    2.02300E+02    3.59278E-02    9.64710E-01
    2.02400E+02    3.60030E-02    9.64637E-01
    2.02500E+02    3.60821E-02    9.64561E-01
    2.02600E+02    3.61786E-02    9.64468E-01
    2.02700E+02    3.62789E-02    9.64371E-01
    2.02800E+02    3.63884E-02    9.64266E-01
    2.02900E+02    3.64981E-02    9.64160E-01
    2.03000E+02    3.66074E-02    9.64055E-01
    2.03100E+02    3.67157E-02    9.63950E-01
    2.03200E+02    3.68228E-02    9.63847E-01
    2.03300E+02    3.69617E-02    9.63713E-01
    2.03400E+02    3.74186E-02    9.63273E-01
    2.03500E+02    3.74255E-02    9.63266E-01
    2.03600E+02    3.67832E-02    9.63885E-01
    2.03700E+02    3.65322E-02    9.64127E-01
    2.03800E+02    3.63321E-02    9.64320E-01
    2.03900E+02    3.61371E-02    9.64508E-01
    2.04000E+02    3.59831E-02    9.64657E-01
    2.04100E+02    3.57325E-02    9.64898E-01
    2.04200E+02    3.55379E-02    9.65086E-01
    2.04300E+02    3.53549E-02    9.65263E-01
    2.04400E+02    3.51826E-02    9.65429E-01
    2.04500E+02    3.50203E-02    9.65586E-01
    2.04600E+02    3.48701E-02    9.65731E-01
    2.04700E+02    3.47299E-02    9.65866E-01
    2.04800E+02    3.46051E-02    9.65987E-01
    2.04900E+02    3.44918E-02    9.66096E-01
    2.05000E+02    3.43811E-02    9.66203E-01
    2.05100E+02    3.43023E-02    9.66279E-01
    2.05200E+02    3.44159E-02    9.66170E-01
    2.05300E+02    3.41513E-02    9.66425E-01
    2.05400E+02    3.40572E-02    9.66516E-01
    2.05500E+02    3.40285E-02    9.66544E-01
    2.05600E+02    3.39927E-02    9.66579E-01
    2.05700E+02    3.39686E-02    9.66602E-01
    2.05800E+02    3.40201E-02    9.66552E-01
    2.05900E+02    3.42249E-02    9.66354E-01
    2.06000E+02    3.49167E-02    9.65686E-01
    2.06100E+02    3.90492E-02    9.61703E-01
    2.06200E+02    3.63999E-02    9.64255E-01
    2.06300E+02    3.44253E-02    9.66160E-01
    2.06400E+02    3.39038E-02    9.66664E-01
    2.06500E+02    3.40311E-02    9.66541E-01
    2.06600E+02    3.35235E-02    9.67032E-01
    2.06700E+02    3.34063E-02    9.67146E-01
    2.06800E+02    3.33347E-02    9.67215E-01
    2.06900E+02    3.32853E-02    9.67263E-01
    2.07000E+02    3.32487E-02    9.67298E-01
    2.07100E+02    3.32239E-02    9.67322E-01
    2.07200E+02    3.32110E-02    9.67334E-01
    2.07300E+02    3.32149E-02    9.67331E-01
    2.07400E+02    3.32632E-02    9.67284E-01
    2.07500E+02    3.35123E-02    9.67043E-01
    2.07600E+02    3.32708E-02    9.67277E-01
    2.07700E+02    3.32839E-02    9.67264E-01
    2.07800E+02    3.33408E-02    9.67209E-01
    2.07900E+02    3.34391E-02    9.67114E-01
    2.08000E+02    3.35949E-02    9.66963E-01
    2.08100E+02    3.38429E-02    9.66723E-01
    2.08200E+02    3.42518E-02    9.66328E-01
    2.08300E+02    3.49931E-02    9.65612E-01
    2.08400E+02    3.65250E-02    9.64134E-01
    2.08500E+02    4.05451E-02    9.60266E-01
    2.08600E+02    5.90859E-02    9.42626E-01
    2.08700E+02    5.32834E-02    9.48111E-01
    2.08800E+02    3.95677E-02    9.61205E-01
    2.08900E+02    3.61457E-02    9.64500E-01
    2.09000E+02    3.47648E-02    9.65833E-01
    2.09100E+02    3.40721E-02    9.66502E-01
    2.09200E+02    3.36702E-02    9.66890E-01
    2.09300E+02    3.34330E-02    9.67120E-01
    2.09400E+02    3.33260E-02    9.67223E-01
    2.09500E+02    3.35622E-02    9.66995E-01
    2.09600E+02    3.32167E-02    9.67329E-01
    2.09700E+02    3.30334E-02    9.67506E-01
    2.09800E+02    3.29769E-02    9.67561E-01
    2.09900E+02    3.29667E-02    9.67571E-01
    2.10000E+02    3.30047E-02    9.67534E-01
    2.10100E+02    3.31261E-02    9.67417E-01
    2.10200E+02    3.39591E-02    9.66611E-01
    2.10300E+02    3.37070E-02    9.66855E-01
    2.10400E+02    3.59340E-02    9.64704E-01
    2.10500E+02    3.46062E-02    9.65986E-01
    2.10600E+02    3.48424E-02    9.65758E-01
    2.10700E+02    3.75427E-02    9.63153E-01
    2.10800E+02    5.74055E-02    9.44211E-01
    2.10900E+02    3.70929E-02    9.63587E-01
    2.11000E+02    3.44172E-02    9.66168E-01
    2.11100E+02    3.35518E-02    9.67005E-01
    2.11200E+02    3.31560E-02    9.67388E-01
    2.11300E+02    3.29187E-02    9.67617E-01
    2.11400E+02    3.27797E-02    9.67752E-01
    2.11500E+02    3.26881E-02    9.67840E-01
    2.11600E+02    3.26237E-02    9.67903E-01
    2.11700E+02    3.25763E-02    9.67949E-01
    2.11800E+02    3.25409E-02    9.67983E-01
    2.11900E+02    3.25132E-02    9.68010E-01
    2.12000E+02    3.24929E-02    9.68029E-01
    2.12100E+02    3.24807E-02    9.68041E-01
    2.12200E+02    3.24657E-02    9.68056E-01
    2.12300E+02    3.24553E-02    9.68066E-01
    2.12400E+02    3.24494E-02    9.68071E-01
    2.12500E+02    3.24487E-02    9.68072E-01
    2.12600E+02    3.24580E-02    9.68063E-01
    2.12700E+02    3.24714E-02    9.68050E-01
    2.12800E+02    3.24873E-02    9.68035E-01
    2.12900E+02    3.25151E-02    9.68008E-01
    2.13000E+02    3.24660E-02    9.68055E-01
    2.13100E+02    3.24620E-02    9.68059E-01
    2.13200E+02    3.24682E-02    9.68053E-01
    2.13300E+02    3.24803E-02    9.68042E-01
    2.13400E+02    3.24937E-02    9.68029E-01
    2.13500E+02    3.25106E-02    9.68012E-01
    2.13600E+02    3.25336E-02    9.67990E-01
    2.13700E+02    3.25610E-02    9.67963E-01
    2.13800E+02    3.25968E-02    9.67929E-01
    2.13900E+02    3.26408E-02    9.67886E-01
    2.14000E+02    3.26974E-02    9.67831E-01
    2.14100E+02    3.27715E-02    9.67760E-01
    2.14200E+02    3.28719E-02    9.67663E-01
    2.14300E+02    3.30123E-02    9.67527E-01
    2.14400E+02    3.32190E-02    9.67327E-01
    2.14500E+02    3.35457E-02    9.67011E-01
    2.14600E+02    3.41109E-02    9.66464E-01
    2.14700E+02    3.52344E-02    9.65379E-01
    2.14800E+02    3.80639E-02    9.62651E-01
    2.14900E+02    4.97674E-02    9.51451E-01
    2.15000E+02    5.33928E-02    9.48008E-01
    2.15100E+02    3.86626E-02    9.62075E-01
    2.15200E+02    3.54761E-02    9.65146E-01
    2.15300E+02    3.42494E-02    9.66330E-01
    2.15400E+02    3.36552E-02    9.66905E-01
    2.15500E+02    3.33220E-02    9.67227E-01
    2.15600E+02    3.31201E-02    9.67422E-01
    2.15700E+02    3.29929E-02    9.67545E-01
    2.15800E+02    3.29092E-02    9.67626E-01
    2.15900E+02    3.28811E-02    9.67654E-01
    2.16000E+02    3.31707E-02    9.67373E-01
    2.16100E+02    3.29209E-02    9.67615E-01
    2.16200E+02    3.27661E-02    9.67765E-01
    2.16300E+02    3.27169E-02    9.67812E-01
    2.16400E+02    3.27064E-02    9.67823E-01
    2.16500E+02    3.26739E-02    9.67854E-01
    2.16600E+02    3.26626E-02    9.67865E-01
    2.16700E+02    3.26578E-02    9.67870E-01
    2.16800E+02    3.26619E-02    9.67866E-01
    2.16900E+02    3.26901E-02    9.67838E-01
    2.17000E+02    3.26615E-02    9.67866E-01
    2.17100E+02    3.26626E-02    9.67865E-01
    2.17200E+02    3.26713E-02    9.67857E-01
    2.17300E+02    3.26866E-02    9.67842E-01
    2.17400E+02    3.27199E-02    9.67810E-01
    2.17500E+02    3.29452E-02    9.67592E-01
    2.17600E+02    3.27483E-02    9.67782E-01
    2.17700E+02    3.27292E-02    9.67801E-01
    2.17800E+02    3.27412E-02    9.67789E-01
    2.17900E+02    3.27759E-02    9.67755E-01
    2.18000E+02    3.28679E-02    9.67666E-01
    2.18100E+02    3.35622E-02    9.66995E-01
    2.18200E+02    3.29838E-02    9.67554E-01
    2.18300E+02    3.28290E-02    9.67704E-01
    2.18400E+02    3.27961E-02    9.67736E-01
    2.18500E+02    3.27911E-02    9.67741E-01
    2.18600E+02    3.28006E-02    9.67732E-01
    2.18700E+02    3.28000E-02    9.67732E-01
    2.18800E+02    3.28077E-02    9.67725E-01
    2.18900E+02    3.28204E-02    9.67712E-01
    2.19000E+02    3.28416E-02    9.67692E-01
    2.19100E+02    3.29015E-02    9.67634E-01
    2.19200E+02    3.29192E-02    9.67617E-01
    2.19300E+02    3.30941E-02    9.67448E-01
    2.19400E+02    3.29528E-02    9.67584E-01
    2.19500E+02    3.29163E-02    9.67620E-01
    2.19600E+02    3.29236E-02    9.67612E-01
    2.19700E+02    3.29358E-02    9.67601E-01
    2.19800E+02    3.29609E-02    9.67576E-01
    2.19900E+02    3.30488E-02    9.67491E-01
    2.20000E+02    3.30591E-02    9.67481E-01
    2.20100E+02    3.30017E-02    9.67537E-01
    2.20200E+02    3.30030E-02    9.67536E-01
    2.20300E+02    3.30153E-02    9.67524E-01
    2.20400E+02    3.30301E-02    9.67509E-01
    2.20500E+02    3.30489E-02    9.67491E-01
    2.20600E+02    3.30790E-02    9.67462E-01
    2.20700E+02    3.32196E-02    9.67326E-01
    2.20800E+02    3.31390E-02    9.67404E-01
    2.20900E+02    3.31185E-02    9.67424E-01
    2.21000E+02    3.31301E-02    9.67413E-01
    2.21100E+02    3.31478E-02    9.67396E-01
    2.21200E+02    3.31771E-02    9.67367E-01
    2.21300E+02    3.32987E-02    9.67250E-01
    2.21400E+02    3.32316E-02    9.67315E-01
    2.21500E+02    3.32214E-02    9.67324E-01
    2.21600E+02    3.32331E-02    9.67313E-01
    2.21700E+02    3.32505E-02    9.67296E-01
    2.21800E+02    3.32686E-02    9.67279E-01
    2.21900E+02    3.32875E-02    9.67260E-01
    2.22000E+02    3.33078E-02    9.67241E-01
    2.22100E+02    3.33299E-02    9.67219E-01
    2.22200E+02    3.33530E-02    9.67197E-01
    2.22300E+02    3.33818E-02    9.67169E-01
    2.22400E+02    3.34556E-02    9.67098E-01
    2.22500E+02    3.34451E-02    9.67108E-01
    2.22600E+02    3.34455E-02    9.67108E-01
    2.22700E+02    3.34653E-02    9.67088E-01
    2.22800E+02    3.34884E-02    9.67066E-01
    2.22900E+02    3.35151E-02    9.67040E-01
    2.23000E+02    3.35600E-02    9.66997E-01
    2.23100E+02    3.35995E-02    9.66959E-01
    2.23200E+02    3.36812E-02    9.66880E-01
    2.23300E+02    3.37303E-02    9.66832E-01
    2.23400E+02    3.37233E-02    9.66839E-01
    2.23500E+02    3.36987E-02    9.66863E-01
    2.23600E+02    3.37216E-02    9.66841E-01
    2.23700E+02    3.37560E-02    9.66807E-01
    2.23800E+02    3.38106E-02    9.66755E-01
    2.23900E+02    3.41554E-02    9.66421E-01
    2.24000E+02    3.38790E-02    9.66688E-01
    2.24100E+02    3.38924E-02    9.66676E-01
    2.24200E+02    3.39250E-02    9.66644E-01
    2.24300E+02    3.39645E-02    9.66606E-01
    2.24400E+02    3.40118E-02    9.66560E-01
    2.24500E+02    3.40667E-02    9.66507E-01
    2.24600E+02    3.41419E-02    9.66434E-01
    2.24700E+02    3.42878E-02    9.66293E-01
    2.24800E+02    3.45793E-02    9.66012E-01
    2.24900E+02    3.45808E-02    9.66010E-01
    2.25000E+02    3.44557E-02    9.66131E-01
    2.25100E+02    3.44357E-02    9.66150E-01
    2.25200E+02    3.44991E-02    9.66089E-01
    2.25300E+02    3.45510E-02    9.66039E-01
    2.25400E+02    3.46496E-02    9.65944E-01
    2.25500E+02    3.47854E-02    9.65813E-01
    2.25600E+02    3.49822E-02    9.65623E-01
    2.25700E+02    3.53081E-02    9.65308E-01
    2.25800E+02    3.59812E-02    9.64658E-01
    2.25900E+02    3.74302E-02    9.63262E-01
    2.26000E+02    4.31474E-02    9.57770E-01
    2.26100E+02    4.42041E-02    9.56759E-01
    2.26200E+02    3.74666E-02    9.63227E-01
    2.26300E+02    3.59990E-02    9.64641E-01
    2.26400E+02    3.54404E-02    9.65180E-01
    2.26500E+02    3.51702E-02    9.65441E-01
    2.26600E+02    3.50211E-02    9.65585E-01
    2.26700E+02    3.49332E-02    9.65670E-01
    2.26800E+02    3.48859E-02    9.65716E-01
    2.26900E+02    3.48646E-02    9.65736E-01
    2.27000E+02    3.48199E-02    9.65779E-01
    2.27100E+02    3.48052E-02    9.65794E-01
    2.27200E+02    3.47992E-02    9.65799E-01
    2.27300E+02    3.48020E-02    9.65797E-01
    2.27400E+02    3.48070E-02    9.65792E-01
    2.27500E+02    3.48182E-02    9.65781E-01
    2.27600E+02    3.48325E-02    9.65767E-01
    2.27700E+02    3.48564E-02    9.65744E-01
    2.27800E+02    3.48844E-02    9.65717E-01
    2.27900E+02    3.49052E-02    9.65697E-01
    2.28000E+02    3.49251E-02    9.65678E-01
    2.28100E+02    3.49502E-02    9.65653E-01
    2.28200E+02    3.49819E-02    9.65623E-01
    2.28300E+02    3.50246E-02    9.65582E-01
    2.28400E+02    3.50580E-02    9.65549E-01
    2.28500E+02    3.51134E-02    9.65496E-01
    2.28600E+02    3.51621E-02    9.65449E-01
    2.28700E+02    3.52199E-02    9.65393E-01
    2.28800E+02    3.52863E-02    9.65329E-01
    2.28900E+02    3.53650E-02    9.65253E-01
    2.29000E+02    3.54650E-02    9.65156E-01
    2.29100E+02    3.56077E-02    9.65019E-01
    2.29200E+02    3.57761E-02    9.64856E-01
    2.29300E+02    3.60897E-02    9.64554E-01
    2.29400E+02    3.67728E-02    9.63895E-01
    2.29500E+02    3.91532E-02    9.61603E-01
    2.29600E+02    4.44182E-02    9.56554E-01
    2.29700E+02    3.77149E-02    9.62987E-01
    2.29800E+02    3.66970E-02    9.63968E-01
    2.29900E+02    3.64127E-02    9.64242E-01
    2.30000E+02    3.63635E-02    9.64290E-01
    2.30100E+02    3.63765E-02    9.64277E-01
    2.30200E+02    3.64549E-02    9.64202E-01
    2.30300E+02    3.65973E-02    9.64064E-01
    2.30400E+02    3.67792E-02    9.63889E-01
    2.30500E+02    3.70206E-02    9.63656E-01
    2.30600E+02    3.73566E-02    9.63333E-01
    2.30700E+02    3.78309E-02    9.62876E-01
    2.30800E+02    3.85423E-02    9.62191E-01
    2.30900E+02    3.97039E-02    9.61074E-01
    2.31000E+02    4.18803E-02    9.58985E-01
    2.31100E+02    4.68742E-02    9.54207E-01
    2.31200E+02    6.37562E-02    9.38234E-01
    2.31300E+02    1.18521E-01    8.88233E-01
    2.31400E+02    5.46862E-02    9.46782E-01
    2.31500E+02    4.49132E-02    9.56081E-01
    2.31600E+02    4.16091E-02    9.59245E-01
    2.31700E+02    4.01551E-02    9.60640E-01
    2.31800E+02    3.94402E-02    9.61327E-01
    2.31900E+02    3.91036E-02    9.61651E-01
    2.32000E+02    3.91529E-02    9.61604E-01
    2.32100E+02    3.88997E-02    9.61847E-01
    2.32200E+02    3.89390E-02    9.61809E-01
    2.32300E+02    3.90674E-02    9.61686E-01
    2.32400E+02    3.92899E-02    9.61472E-01
    2.32500E+02    3.97207E-02    9.61058E-01
    2.32600E+02    3.99100E-02    9.60876E-01
    2.32700E+02    4.04042E-02    9.60401E-01
    2.32800E+02    4.06766E-02    9.60140E-01
    2.32900E+02    4.11511E-02    9.59684E-01
    2.33000E+02    4.18790E-02    9.58986E-01
    2.33100E+02    4.24309E-02    9.58457E-01
    2.33200E+02    4.32756E-02    9.57647E-01
    2.33300E+02    4.43841E-02    9.56586E-01
    2.33400E+02    4.56310E-02    9.55394E-01
    2.33500E+02    4.70896E-02    9.54002E-01
    2.33600E+02    4.91006E-02    9.52085E-01
    2.33700E+02    5.18866E-02    9.49437E-01
    2.33800E+02    5.61369E-02    9.45410E-01
    2.33900E+02    6.48583E-02    9.37200E-01
    2.34000E+02    6.39669E-02    9.38036E-01
    2.34100E+02    5.61464E-02    9.45401E-01
    2.34200E+02    5.22877E-02    9.49056E-01
    2.34300E+02    4.97075E-02    9.51508E-01
    2.34400E+02    4.78316E-02    9.53294E-01
    2.34500E+02    4.64386E-02    9.54623E-01
    2.34600E+02    4.53570E-02    9.55656E-01
    2.34700E+02    4.45200E-02    9.56456E-01
    2.34800E+02    4.39005E-02    9.57049E-01
    2.34900E+02    4.35279E-02    9.57406E-01
    2.35000E+02    4.34044E-02    9.57524E-01
    2.35100E+02    4.36793E-02    9.57261E-01
    2.35200E+02    4.38780E-02    9.57071E-01
    2.35300E+02    4.48542E-02    9.56137E-01
    2.35400E+02    4.70080E-02    9.54080E-01
    2.35500E+02    5.20835E-02    9.49250E-01
    2.35600E+02    6.77347E-02    9.34508E-01
    2.35700E+02    1.89893E-01    8.27047E-01
    2.35800E+02    7.47850E-02    9.27943E-01
    2.35900E+02    5.42129E-02    9.47230E-01
    2.36000E+02    4.72847E-02    9.53816E-01
    2.36100E+02    4.44620E-02    9.56512E-01
    2.36200E+02    4.29936E-02    9.57918E-01
    2.36300E+02    4.22889E-02    9.58593E-01
    2.36400E+02    4.19644E-02    9.58904E-01
    2.36500E+02    4.20045E-02    9.58866E-01
    2.36600E+02    4.26249E-02    9.58271E-01
    2.36700E+02    4.32813E-02    9.57642E-01
    2.36800E+02    4.50371E-02    9.55962E-01
    2.36900E+02    4.88514E-02    9.52323E-01
    2.37000E+02    5.88048E-02    9.42891E-01
    2.37100E+02    1.04572E-01    9.00710E-01
    2.37200E+02    9.66444E-02    9.07879E-01
    2.37300E+02    5.75010E-02    9.44121E-01
    2.37400E+02    4.80911E-02    9.53047E-01
    2.37500E+02    4.44451E-02    9.56528E-01
    2.37600E+02    4.28864E-02    9.58020E-01
    2.37700E+02    4.16199E-02    9.59234E-01
    2.37800E+02    4.10250E-02    9.59805E-01
    2.37900E+02    4.06938E-02    9.60123E-01
    2.38000E+02    4.05445E-02    9.60266E-01
    2.38100E+02    4.05574E-02    9.60254E-01
    2.38200E+02    4.07681E-02    9.60052E-01
    2.38300E+02    4.13689E-02    9.59475E-01
    2.38400E+02    4.40683E-02    9.56889E-01
    2.38500E+02    4.30863E-02    9.57829E-01
    2.38600E+02    4.28792E-02    9.58027E-01
    2.38700E+02    4.42540E-02    9.56711E-01
    2.38800E+02    4.66052E-02    9.54464E-01
    2.38900E+02    5.25530E-02    9.48804E-01
    2.39000E+02    7.20538E-02    9.30481E-01
    2.39100E+02    2.02812E-01    8.16432E-01
    2.39200E+02    6.78686E-02    9.34383E-01
    2.39300E+02    5.24905E-02    9.48863E-01
    2.39400E+02    4.74345E-02    9.53673E-01
    2.39500E+02    4.53377E-02    9.55675E-01
    2.39600E+02    4.47867E-02    9.56201E-01
    2.39700E+02    4.34523E-02    9.57478E-01
    2.39800E+02    4.33789E-02    9.57549E-01
    2.39900E+02    4.36555E-02    9.57284E-01
    2.40000E+02    4.31993E-02    9.57720E-01
    2.40100E+02    4.25623E-02    9.58331E-01
    2.40200E+02    4.23477E-02    9.58536E-01
    2.40300E+02    4.22151E-02    9.58664E-01
    2.40400E+02    4.16942E-02    9.59163E-01
    2.40500E+02    4.14740E-02    9.59374E-01
    2.40600E+02    4.10031E-02    9.59826E-01
    2.40700E+02    4.09338E-02    9.59893E-01
    2.40800E+02    4.07654E-02    9.60054E-01
    2.40900E+02    4.13874E-02    9.59457E-01
    2.41000E+02    4.06773E-02    9.60139E-01
    2.41100E+02    4.08800E-02    9.59944E-01
    2.41200E+02    4.34796E-02    9.57452E-01
    2.41300E+02    4.21543E-02    9.58722E-01
    2.41400E+02    4.10937E-02    9.59739E-01
    2.41500E+02    4.12214E-02    9.59617E-01
    2.41600E+02    4.13684E-02    9.59476E-01
    2.41700E+02    4.18154E-02    9.59047E-01
    2.41800E+02    4.25593E-02    9.58334E-01
    2.41900E+02    4.38005E-02    9.57145E-01
    2.42000E+02    4.60789E-02    9.54967E-01
    2.42100E+02    5.09495E-02    9.50327E-01
    2.42200E+02    6.48506E-02    9.37207E-01
    2.42300E+02    1.52951E-01    8.58172E-01
    2.42400E+02    7.81881E-02    9.24791E-01
    2.42500E+02    5.47391E-02    9.46732E-01
    2.42600E+02    4.81158E-02    9.53023E-01
    2.42700E+02    4.54698E-02    9.55548E-01
    2.42800E+02    4.43408E-02    9.56628E-01
    2.42900E+02    4.40787E-02    9.56879E-01
    2.43000E+02    4.46780E-02    9.56305E-01
    2.43100E+02    4.58896E-02    9.55147E-01
    2.43200E+02    4.89456E-02    9.52233E-01
    2.43300E+02    5.74598E-02    9.44160E-01
    2.43400E+02    9.39250E-02    9.10351E-01
    2.43500E+02    9.93798E-02    9.05399E-01
    2.43600E+02    5.81374E-02    9.43520E-01
    2.43700E+02    4.89938E-02    9.52187E-01
    2.43800E+02    4.56445E-02    9.55382E-01
    2.43900E+02    4.44084E-02    9.56563E-01
    2.44000E+02    4.48446E-02    9.56146E-01
    2.44100E+02    4.99259E-02    9.51300E-01
    2.44200E+02    5.20935E-02    9.49240E-01
    2.44300E+02    4.39200E-02    9.57030E-01
    2.44400E+02    4.22125E-02    9.58666E-01
    2.44500E+02    4.11157E-02    9.59718E-01
    2.44600E+02    4.06691E-02    9.60147E-01
    2.44700E+02    4.03601E-02    9.60444E-01
    2.44800E+02    4.02631E-02    9.60537E-01
    2.44900E+02    4.01404E-02    9.60655E-01
    2.45000E+02    4.00549E-02    9.60737E-01
    2.45100E+02    3.99553E-02    9.60832E-01
    2.45200E+02    3.98917E-02    9.60893E-01
    2.45300E+02    3.98572E-02    9.60927E-01
    2.45400E+02    3.98383E-02    9.60945E-01
    2.45500E+02    3.98348E-02    9.60948E-01
    2.45600E+02    3.98510E-02    9.60933E-01
    2.45700E+02    3.99012E-02    9.60884E-01
    2.45800E+02    4.02848E-02    9.60516E-01
    2.45900E+02    3.99226E-02    9.60864E-01
    2.46000E+02    3.99262E-02    9.60860E-01
    2.46100E+02    3.99669E-02    9.60821E-01
    2.46200E+02    4.00387E-02    9.60752E-01
    2.46300E+02    4.01820E-02    9.60615E-01
    2.46400E+02    4.03860E-02    9.60419E-01
    2.46500E+02    4.21984E-02    9.58680E-01
    2.46600E+02    4.07088E-02    9.60109E-01
    2.46700E+02    4.04923E-02    9.60317E-01
    2.46800E+02    4.05347E-02    9.60276E-01
    2.46900E+02    4.06517E-02    9.60163E-01
    2.47000E+02    4.08222E-02    9.60000E-01
    2.47100E+02    4.10786E-02    9.59754E-01
    2.47200E+02    4.13299E-02    9.59512E-01
    2.47300E+02    4.17433E-02    9.59116E-01
    2.47400E+02    4.23308E-02    9.58553E-01
    2.47500E+02    4.33396E-02    9.57586E-01
    2.47600E+02    4.54089E-02    9.55607E-01
    2.47700E+02    5.22048E-02    9.49134E-01
    2.47800E+02    5.80247E-02    9.43627E-01
    2.47900E+02    5.12052E-02    9.50084E-01
    2.48000E+02    5.56413E-02    9.45878E-01
    2.48100E+02    7.67910E-02    9.26083E-01
    2.48200E+02    1.57697E-01    8.54109E-01
    2.48300E+02    6.55682E-02    9.36535E-01
    2.48400E+02    5.19337E-02    9.49392E-01
    2.48500E+02    4.73426E-02    9.53761E-01
    2.48600E+02    4.53106E-02    9.55701E-01
    2.48700E+02    4.44043E-02    9.56567E-01
    2.48800E+02    4.38054E-02    9.57140E-01
    2.48900E+02    4.35890E-02    9.57347E-01
    2.49000E+02    4.36427E-02    9.57296E-01
    2.49100E+02    4.39057E-02    9.57044E-01
    2.49200E+02    4.44201E-02    9.56552E-01
    2.49300E+02    4.53323E-02    9.55680E-01
    2.49400E+02    4.69105E-02    9.54173E-01
    2.49500E+02    4.98138E-02    9.51407E-01
    2.49600E+02    5.60235E-02    9.45517E-01
    2.49700E+02    7.44065E-02    9.28294E-01
    2.49800E+02    1.55763E-01    8.55762E-01
    2.49900E+02    1.07202E-01    8.98344E-01
    2.50000E+02    1.18952E-01    8.87850E-01
    2.50100E+02    6.55397E-02    9.36562E-01
    2.50200E+02    5.40356E-02    9.47398E-01
    2.50300E+02    4.94911E-02    9.51714E-01
    2.50400E+02    4.63576E-02    9.54701E-01
    2.50500E+02    4.48797E-02    9.56112E-01
    2.50600E+02    4.38978E-02    9.57052E-01
    2.50700E+02    4.34049E-02    9.57524E-01
    2.50800E+02    4.28373E-02    9.58067E-01
    2.50900E+02    4.24504E-02    9.58438E-01
    2.51000E+02    4.21954E-02    9.58682E-01
    2.51100E+02    4.20134E-02    9.58857E-01
    2.51200E+02    4.19914E-02    9.58878E-01
    2.51300E+02    4.17565E-02    9.59103E-01
    2.51400E+02    4.16572E-02    9.59199E-01
    2.51500E+02    4.15866E-02    9.59266E-01
    2.51600E+02    4.15341E-02    9.59317E-01
    2.51700E+02    4.14967E-02    9.59352E-01
    2.51800E+02    4.14700E-02    9.59378E-01
    2.51900E+02    4.14560E-02    9.59392E-01
    2.52000E+02    4.14636E-02    9.59384E-01
    2.52100E+02    4.16627E-02    9.59193E-01
    2.52200E+02    4.14786E-02    9.59370E-01
    2.52300E+02    4.15416E-02    9.59309E-01
    2.52400E+02    4.15680E-02    9.59284E-01
    2.52500E+02    4.17901E-02    9.59071E-01
    2.52600E+02    4.17890E-02    9.59072E-01
    2.52700E+02    4.23220E-02    9.58561E-01
    2.52800E+02    4.20827E-02    9.58791E-01
    2.52900E+02    4.16714E-02    9.59185E-01
    2.53000E+02    4.16169E-02    9.59237E-01
    2.53100E+02    4.16110E-02    9.59243E-01
    2.53200E+02    4.16284E-02    9.59226E-01
    2.53300E+02    4.17139E-02    9.59144E-01
    2.53400E+02    4.20296E-02    9.58841E-01
    2.53500E+02    4.17195E-02    9.59139E-01
    2.53600E+02    4.17563E-02    9.59104E-01
    2.53700E+02    4.21348E-02    9.58741E-01
    2.53800E+02    4.20206E-02    9.58850E-01
    2.53900E+02    4.19146E-02    9.58952E-01
    2.54000E+02    4.19071E-02    9.58959E-01
    2.54100E+02    4.19900E-02    9.58879E-01
    2.54200E+02    4.22607E-02    9.58620E-01
    2.54300E+02    4.37805E-02    9.57164E-01
    2.54400E+02    4.22756E-02    9.58606E-01
    2.54500E+02    4.21285E-02    9.58747E-01
    2.54600E+02    4.21315E-02    9.58744E-01
    2.54700E+02    4.22943E-02    9.58588E-01
    2.54800E+02    4.22361E-02    9.58643E-01
    2.54900E+02    4.27965E-02    9.58106E-01
    2.55000E+02    4.22908E-02    9.58591E-01
    2.55100E+02    4.22822E-02    9.58599E-01
    2.55200E+02    4.23186E-02    9.58564E-01
    2.55300E+02    4.23232E-02    9.58560E-01
    2.55400E+02    4.23409E-02    9.58543E-01
    2.55500E+02    4.23644E-02    9.58520E-01
    2.55600E+02    4.23915E-02    9.58495E-01
    2.55700E+02    4.24226E-02    9.58465E-01
    2.55800E+02    4.24751E-02    9.58414E-01
    2.55900E+02    4.24952E-02    9.58395E-01
    2.56000E+02    4.25553E-02    9.58337E-01
    2.56100E+02    4.26037E-02    9.58291E-01
    2.56200E+02    4.25901E-02    9.58304E-01
    2.56300E+02    4.26295E-02    9.58266E-01
    2.56400E+02    4.27058E-02    9.58193E-01
    2.56500E+02    4.27779E-02    9.58124E-01
    2.56600E+02    4.28327E-02    9.58072E-01
    2.56700E+02    4.29900E-02    9.57921E-01
    2.56800E+02    4.29984E-02    9.57913E-01
    2.56900E+02    4.34617E-02    9.57469E-01
    2.57000E+02    4.30686E-02    9.57846E-01
    2.57100E+02    4.30907E-02    9.57825E-01
    2.57200E+02    4.31701E-02    9.57748E-01
    2.57300E+02    4.32707E-02    9.57652E-01
    2.57400E+02    4.34214E-02    9.57508E-01
    2.57500E+02    4.35756E-02    9.57360E-01
    2.57600E+02    4.37914E-02    9.57154E-01
    2.57700E+02    4.40267E-02    9.56928E-01
    2.57800E+02    4.44162E-02    9.56556E-01
    2.57900E+02    4.48633E-02    9.56128E-01
    2.58000E+02    4.58744E-02    9.55162E-01
    2.58100E+02    4.83397E-02    9.52810E-01
    2.58200E+02    6.95270E-02    9.32835E-01
    2.58300E+02    5.04967E-02    9.50757E-01
    2.58400E+02    5.00485E-02    9.51183E-01
    2.58500E+02    5.34803E-02    9.47925E-01
    2.58600E+02    6.50439E-02    9.37026E-01
    2.58700E+02    1.42809E-01    8.66919E-01
    2.58800E+02    7.41361E-02    9.28545E-01
    2.58900E+02    5.54022E-02    9.46105E-01
    2.59000E+02    4.98571E-02    9.51365E-01
    2.59100E+02    4.74717E-02    9.53637E-01
    2.59200E+02    4.62630E-02    9.54791E-01
    2.59300E+02    4.55251E-02    9.55496E-01
    2.59400E+02    4.50911E-02    9.55910E-01
    2.59500E+02    4.49566E-02    9.56039E-01
    2.59600E+02    4.45554E-02    9.56423E-01
    2.59700E+02    4.43888E-02    9.56582E-01
    2.59800E+02    4.42817E-02    9.56684E-01
    2.59900E+02    4.42205E-02    9.56743E-01
    2.60000E+02    4.42429E-02    9.56722E-01
    2.60100E+02    4.41782E-02    9.56783E-01
    2.60200E+02    4.41079E-02    9.56851E-01
    2.60300E+02    4.40916E-02    9.56866E-01
    2.60400E+02    4.41016E-02    9.56857E-01
    2.60500E+02    4.41447E-02    9.56815E-01
    2.60600E+02    4.41942E-02    9.56768E-01
    2.60700E+02    4.42754E-02    9.56690E-01
    2.60800E+02    4.50003E-02    9.55997E-01
    2.60900E+02    4.43893E-02    9.56582E-01
    2.61000E+02    4.42766E-02    9.56689E-01
    2.61100E+02    4.43389E-02    9.56630E-01
    2.61200E+02    4.43233E-02    9.56645E-01
    2.61300E+02    4.43661E-02    9.56604E-01
    2.61400E+02    4.44156E-02    9.56556E-01
    2.61500E+02    4.44689E-02    9.56505E-01
    2.61600E+02    4.45390E-02    9.56438E-01
    2.61700E+02    4.46374E-02    9.56344E-01
    2.61800E+02    4.47290E-02    9.56257E-01
    2.61900E+02    4.48089E-02    9.56180E-01
    2.62000E+02    4.49383E-02    9.56056E-01
    2.62100E+02    4.50656E-02    9.55935E-01
    2.62200E+02    4.52226E-02    9.55785E-01
    2.62300E+02    4.54495E-02    9.55568E-01
    2.62400E+02    4.57857E-02    9.55247E-01
    2.62500E+02    4.63433E-02    9.54714E-01
    2.62600E+02    4.70898E-02    9.54002E-01
    2.62700E+02    4.90139E-02    9.52168E-01
    2.62800E+02    5.65739E-02    9.44997E-01
    2.62900E+02    6.02575E-02    9.41522E-01
    2.63000E+02    5.05193E-02    9.50736E-01
    2.63100E+02    4.91925E-02    9.51998E-01
    2.63200E+02    5.09416E-02    9.50334E-01
    2.63300E+02    5.01505E-02    9.51086E-01
    2.63400E+02    5.22113E-02    9.49128E-01
    2.63500E+02    5.75933E-02    9.44034E-01
    2.63600E+02    7.56413E-02    9.27149E-01
    2.63700E+02    1.95392E-01    8.22512E-01
    2.63800E+02    7.25248E-02    9.30043E-01
    2.63900E+02    6.33187E-02    9.38644E-01
    2.64000E+02    5.27604E-02    9.48607E-01
    2.64100E+02    4.99407E-02    9.51286E-01
    2.64200E+02    4.86307E-02    9.52533E-01
    2.64300E+02    4.79403E-02    9.53191E-01
    2.64400E+02    4.75620E-02    9.53551E-01
    2.64500E+02    4.74573E-02    9.53651E-01
    2.64600E+02    4.76172E-02    9.53499E-01
    2.64700E+02    4.81660E-02    9.52976E-01
    2.64800E+02    4.99449E-02    9.51282E-01
    2.64900E+02    6.07878E-02    9.41023E-01
    2.65000E+02    5.26774E-02    9.48686E-01
    2.65100E+02    4.86033E-02    9.52559E-01
    2.65200E+02    4.74843E-02    9.53625E-01
    2.65300E+02    4.70147E-02    9.54073E-01
    2.65400E+02    4.67892E-02    9.54289E-01
    2.65500E+02    4.66838E-02    9.54389E-01
    2.65600E+02    4.66584E-02    9.54413E-01
    2.65700E+02    4.66349E-02    9.54436E-01
    2.65800E+02    4.66558E-02    9.54416E-01
    2.65900E+02    4.66947E-02    9.54379E-01
    2.66000E+02    4.67482E-02    9.54328E-01
    2.66100E+02    4.68453E-02    9.54235E-01
    2.66200E+02    4.69921E-02    9.54095E-01
    2.66300E+02    4.70406E-02    9.54049E-01
    2.66400E+02    4.71839E-02    9.53912E-01
    2.66500E+02    4.73882E-02    9.53717E-01
    2.66600E+02    4.76779E-02    9.53441E-01
    2.66700E+02    4.81065E-02    9.53032E-01
    2.66800E+02    4.87751E-02    9.52395E-01
    2.66900E+02    4.99446E-02    9.51282E-01
    2.67000E+02    5.21322E-02    9.49203E-01
    2.67100E+02    5.74693E-02    9.44151E-01
    2.67200E+02    7.75571E-02    9.25374E-01
    2.67300E+02    1.00290E-01    9.04575E-01
    2.67400E+02    6.11250E-02    9.40706E-01
    2.67500E+02    5.34360E-02    9.47967E-01
    2.67600E+02    5.05948E-02    9.50664E-01
    2.67700E+02    4.92300E-02    9.51962E-01
    2.67800E+02    4.84767E-02    9.52680E-01
    2.67900E+02    4.80240E-02    9.53111E-01
    2.68000E+02    4.77401E-02    9.53382E-01
    2.68100E+02    4.75834E-02    9.53531E-01
    2.68200E+02    4.77882E-02    9.53336E-01
    2.68300E+02    4.73769E-02    9.53728E-01
    2.68400E+02    4.73106E-02    9.53791E-01
    2.68500E+02    4.73605E-02    9.53743E-01
    2.68600E+02    4.77580E-02    9.53364E-01
    2.68700E+02    4.80811E-02    9.53057E-01
    2.68800E+02    4.73013E-02    9.53800E-01
    2.68900E+02    4.71839E-02    9.53912E-01
    2.69000E+02    4.71437E-02    9.53950E-01
    2.69100E+02    4.71376E-02    9.53956E-01
    2.69200E+02    4.71402E-02    9.53954E-01
    2.69300E+02    4.71514E-02    9.53943E-01
    2.69400E+02    4.71696E-02    9.53926E-01
    2.69500E+02    4.72077E-02    9.53889E-01
    2.69600E+02    4.72256E-02    9.53872E-01
    2.69700E+02    4.72487E-02    9.53850E-01
    2.69800E+02    4.72829E-02    9.53818E-01
    2.69900E+02    4.73198E-02    9.53782E-01
    2.70000E+02    4.73621E-02    9.53742E-01
    2.70100E+02    4.74286E-02    9.53679E-01
    2.70200E+02    4.74442E-02    9.53664E-01
    2.70300E+02    4.74976E-02    9.53613E-01
    2.70400E+02    4.75822E-02    9.53532E-01
    2.70500E+02    4.76822E-02    9.53437E-01
    2.70600E+02    4.76829E-02    9.53436E-01
    2.70700E+02    4.78347E-02    9.53291E-01
    2.70800E+02    4.79115E-02    9.53218E-01
    2.70900E+02    4.81252E-02    9.53014E-01
    2.71000E+02    4.83414E-02    9.52808E-01
    2.71100E+02    5.07159E-02    9.50549E-01
    2.71200E+02    4.83536E-02    9.52797E-01
    2.71300E+02    4.83213E-02    9.52828E-01
    2.71400E+02    4.81850E-02    9.52957E-01
    2.71500E+02    4.82235E-02    9.52921E-01
    2.71600E+02    4.83029E-02    9.52845E-01
    2.71700E+02    4.84211E-02    9.52733E-01
    2.71800E+02    4.86227E-02    9.52540E-01
    2.71900E+02    4.94184E-02    9.51783E-01
    2.72000E+02    4.90555E-02    9.52128E-01
    2.72100E+02    4.90183E-02    9.52164E-01
    2.72200E+02    4.91958E-02    9.51995E-01
    2.72300E+02    4.94722E-02    9.51732E-01
    2.72400E+02    4.98667E-02    9.51356E-01
    2.72500E+02    5.04416E-02    9.50809E-01
    2.72600E+02    5.13340E-02    9.49961E-01
    2.72700E+02    5.28828E-02    9.48491E-01
    2.72800E+02    5.58881E-02    9.45645E-01
    2.72900E+02    6.35025E-02    9.38472E-01
    2.73000E+02    9.65764E-02    9.07941E-01
    2.73100E+02    9.81404E-02    9.06522E-01
    2.73200E+02    6.39789E-02    9.38025E-01
    2.73300E+02    5.63988E-02    9.45162E-01
    2.73400E+02    5.34262E-02    9.47976E-01
    2.73500E+02    5.20543E-02    9.49277E-01
    2.73600E+02    5.13509E-02    9.49945E-01
    2.73700E+02    5.09927E-02    9.50286E-01
    2.73800E+02    5.09025E-02    9.50371E-01
    2.73900E+02    5.11050E-02    9.50179E-01
    2.74000E+02    5.13385E-02    9.49957E-01
    2.74100E+02    5.18881E-02    9.49435E-01
    2.74200E+02    5.32030E-02    9.48188E-01
    2.74300E+02    5.64217E-02    9.45140E-01
    2.74400E+02    6.78202E-02    9.34428E-01
    2.74500E+02    9.77109E-02    9.06911E-01
    2.74600E+02    6.07600E-02    9.41049E-01
    2.74700E+02    5.45677E-02    9.46894E-01
    2.74800E+02    5.23806E-02    9.48968E-01
    2.74900E+02    5.13806E-02    9.49917E-01
    2.75000E+02    5.08882E-02    9.50385E-01
    2.75100E+02    5.05407E-02    9.50715E-01
    2.75200E+02    5.04263E-02    9.50824E-01
    2.75300E+02    5.01855E-02    9.51053E-01
    2.75400E+02    5.00882E-02    9.51146E-01
    2.75500E+02    5.00212E-02    9.51209E-01
    2.75600E+02    4.99881E-02    9.51241E-01
    2.75700E+02    4.99901E-02    9.51239E-01
    2.75800E+02    5.00085E-02    9.51221E-01
    2.75900E+02    5.00572E-02    9.51175E-01
    2.76000E+02    5.00749E-02    9.51158E-01
    2.76100E+02    5.01468E-02    9.51090E-01
    2.76200E+02    5.02407E-02    9.51001E-01
    2.76300E+02    5.03779E-02    9.50870E-01
    2.76400E+02    5.05649E-02    9.50692E-01
    2.76500E+02    5.08575E-02    9.50414E-01
    2.76600E+02    5.13661E-02    9.49931E-01
    2.76700E+02    5.24147E-02    9.48935E-01
    2.76800E+02    5.53177E-02    9.46185E-01
    2.76900E+02    7.24732E-02    9.30091E-01
    2.77000E+02    5.93013E-02    9.42423E-01
    2.77100E+02    5.36427E-02    9.47771E-01
    2.77200E+02    5.20021E-02    9.49327E-01
    2.77300E+02    5.13566E-02    9.49940E-01
    2.77400E+02    5.10874E-02    9.50196E-01
    2.77500E+02    5.09561E-02    9.50320E-01
    2.77600E+02    5.08361E-02    9.50434E-01
    2.77700E+02    5.07822E-02    9.50486E-01
    2.77800E+02    5.08003E-02    9.50468E-01
    2.77900E+02    5.09572E-02    9.50319E-01
    2.78000E+02    5.08911E-02    9.50382E-01
    2.78100E+02    5.09327E-02    9.50343E-01
    2.78200E+02    5.09094E-02    9.50365E-01
    2.78300E+02    5.10025E-02    9.50276E-01
    2.78400E+02    5.12790E-02    9.50014E-01
    2.78500E+02    5.23225E-02    9.49023E-01
    2.78600E+02    5.14919E-02    9.49811E-01
    2.78700E+02    5.13143E-02    9.49980E-01
    2.78800E+02    5.13645E-02    9.49932E-01
    2.78900E+02    5.15047E-02    9.49799E-01
    2.79000E+02    5.17350E-02    9.49580E-01
    2.79100E+02    5.21179E-02    9.49217E-01
    2.79200E+02    5.28748E-02    9.48499E-01
    2.79300E+02    5.48973E-02    9.46582E-01
    2.79400E+02    5.87000E-02    9.42990E-01
    2.79500E+02    7.65168E-02    9.26337E-01
    2.79600E+02    5.69604E-02    9.44631E-01
    2.79700E+02    5.44796E-02    9.46978E-01
    2.79800E+02    5.49043E-02    9.46576E-01
    2.79900E+02    6.46015E-02    9.37441E-01
    2.80000E+02    5.39787E-02    9.47452E-01
    2.80100E+02    5.26832E-02    9.48680E-01
    2.80200E+02    5.22676E-02    9.49075E-01
    2.80300E+02    5.20878E-02    9.49246E-01
    2.80400E+02    5.20064E-02    9.49323E-01
    2.80500E+02    5.19767E-02    9.49351E-01
    2.80600E+02    5.19847E-02    9.49343E-01
    2.80700E+02    5.20326E-02    9.49298E-01
    2.80800E+02    5.21595E-02    9.49177E-01
    2.80900E+02    5.26921E-02    9.48672E-01
    2.81000E+02    5.51774E-02    9.46317E-01
    2.81100E+02    5.25336E-02    9.48822E-01
    2.81200E+02    5.24868E-02    9.48867E-01
    2.81300E+02    5.23261E-02    9.49019E-01
    2.81400E+02    5.24596E-02    9.48893E-01
    2.81500E+02    5.31483E-02    9.48239E-01
    2.81600E+02    5.26748E-02    9.48688E-01
    2.81700E+02    5.24889E-02    9.48865E-01
    2.81800E+02    5.25272E-02    9.48829E-01
    2.81900E+02    5.27159E-02    9.48649E-01
    2.82000E+02    5.29892E-02    9.48390E-01
    2.82100E+02    5.28283E-02    9.48543E-01
    2.82200E+02    5.29021E-02    9.48473E-01
    2.82300E+02    5.30747E-02    9.48309E-01
    2.82400E+02    5.31758E-02    9.48213E-01
    2.82500E+02    5.34980E-02    9.47908E-01
    2.82600E+02    5.41506E-02    9.47289E-01
    2.82700E+02    5.58562E-02    9.45675E-01
    2.82800E+02    6.44456E-02    9.37587E-01
    2.82900E+02    6.03101E-02    9.41473E-01
    2.83000E+02    5.54020E-02    9.46105E-01
    2.83100E+02    5.42397E-02    9.47205E-01
    2.83200E+02    5.38120E-02    9.47610E-01
    2.83300E+02    5.36077E-02    9.47804E-01
    2.83400E+02    5.35578E-02    9.47851E-01
    2.83500E+02    5.35058E-02    9.47900E-01
    2.83600E+02    5.35047E-02    9.47901E-01
    2.83700E+02    5.35330E-02    9.47875E-01
    2.83800E+02    5.35797E-02    9.47830E-01
    2.83900E+02    5.36410E-02    9.47772E-01
    2.84000E+02    5.37338E-02    9.47684E-01
    2.84100E+02    5.37977E-02    9.47624E-01
    2.84200E+02    5.38886E-02    9.47538E-01
    2.84300E+02    5.40309E-02    9.47403E-01
    2.84400E+02    5.46032E-02    9.46861E-01
    2.84500E+02    5.42660E-02    9.47180E-01
    2.84600E+02    5.44880E-02    9.46970E-01
    2.84700E+02    5.45123E-02    9.46947E-01
    2.84800E+02    5.47122E-02    9.46758E-01
    2.84900E+02    5.48987E-02    9.46581E-01
    2.85000E+02    5.50963E-02    9.46394E-01
    2.85100E+02    5.53773E-02    9.46128E-01
    2.85200E+02    5.57332E-02    9.45791E-01
    2.85300E+02    5.61901E-02    9.45359E-01
    2.85400E+02    5.67979E-02    9.44785E-01
    2.85500E+02    5.76455E-02    9.43985E-01
    2.85600E+02    5.89498E-02    9.42754E-01
    2.85700E+02    6.08036E-02    9.41008E-01
    2.85800E+02    6.42268E-02    9.37792E-01
    2.85900E+02    7.14351E-02    9.31057E-01
    2.86000E+02    9.23545E-02    9.11782E-01
    2.86100E+02    1.85634E-01    8.30577E-01
    2.86200E+02    1.39702E-01    8.69618E-01
    2.86300E+02    1.35414E-01    8.73355E-01
    2.86400E+02    7.65864E-02    9.26273E-01
    2.86500E+02    6.63063E-02    9.35844E-01
    2.86600E+02    6.21358E-02    9.39755E-01
    2.86700E+02    5.99892E-02    9.41775E-01
    2.86800E+02    5.87418E-02    9.42950E-01
    2.86900E+02    5.79813E-02    9.43668E-01
    2.87000E+02    5.75510E-02    9.44074E-01
    2.87100E+02    5.70923E-02    9.44507E-01
    2.87200E+02    5.68435E-02    9.44742E-01
    2.87300E+02    5.66871E-02    9.44890E-01
    2.87400E+02    5.65959E-02    9.44976E-01
    2.87500E+02    5.65587E-02    9.45011E-01
    2.87600E+02    5.65625E-02    9.45007E-01
    2.87700E+02    5.66073E-02    9.44965E-01
    2.87800E+02    5.66961E-02    9.44881E-01
    2.87900E+02    5.68325E-02    9.44752E-01
    2.88000E+02    5.70273E-02    9.44568E-01
    2.88100E+02    5.72994E-02    9.44311E-01
    2.88200E+02    5.76842E-02    9.43948E-01
    2.88300E+02    5.83105E-02    9.43357E-01
    2.88400E+02    5.90112E-02    9.42696E-01
    2.88500E+02    6.02022E-02    9.41574E-01
    2.88600E+02    6.22988E-02    9.39602E-01
    2.88700E+02    6.64356E-02    9.35723E-01
    2.88800E+02    7.66318E-02    9.26231E-01
    2.88900E+02    1.17115E-01    8.89483E-01
    2.89000E+02    1.41689E-01    8.67891E-01
    2.89100E+02    8.06185E-02    9.22546E-01
    2.89200E+02    6.79564E-02    9.34301E-01
    2.89300E+02    6.31749E-02    9.38779E-01
    2.89400E+02    6.08752E-02    9.40941E-01
    2.89500E+02    5.96002E-02    9.42141E-01
    2.89600E+02    5.88324E-02    9.42865E-01
    2.89700E+02    5.83535E-02    9.43316E-01
    2.89800E+02    5.81176E-02    9.43539E-01
    2.89900E+02    5.79608E-02    9.43687E-01
    2.90000E+02    5.78306E-02    9.43810E-01
    2.90100E+02    5.75625E-02    9.44063E-01
    2.90200E+02    5.74748E-02    9.44146E-01
    2.90300E+02    5.74424E-02    9.44176E-01
    2.90400E+02    5.74536E-02    9.44166E-01
    2.90500E+02    5.75341E-02    9.44090E-01
    2.90600E+02    5.76225E-02    9.44006E-01
    2.90700E+02    5.78245E-02    9.43816E-01
    2.90800E+02    5.83242E-02    9.43344E-01
    2.90900E+02    6.01690E-02    9.41605E-01
    2.91000E+02    6.45144E-02    9.37523E-01
    2.91100E+02    5.91069E-02    9.42606E-01
    2.91200E+02    5.83228E-02    9.43345E-01
    2.91300E+02    5.82505E-02    9.43414E-01
    2.91400E+02    5.81466E-02    9.43512E-01
    2.91500E+02    5.80384E-02    9.43614E-01
    2.91600E+02    5.81997E-02    9.43461E-01
    2.91700E+02    6.06447E-02    9.41158E-01
    2.91800E+02    5.82727E-02    9.43393E-01
    2.91900E+02    5.81982E-02    9.43463E-01
    2.92000E+02    5.82561E-02    9.43408E-01
    2.92100E+02    5.83663E-02    9.43304E-01
    2.92200E+02    5.85168E-02    9.43162E-01
    2.92300E+02    5.87120E-02    9.42978E-01
    2.92400E+02    5.89834E-02    9.42722E-01
    2.92500E+02    5.95367E-02    9.42201E-01
    2.92600E+02    5.98876E-02    9.41870E-01
    2.92700E+02    6.04037E-02    9.41384E-01
    2.92800E+02    6.14691E-02    9.40382E-01
    2.92900E+02    6.34936E-02    9.38480E-01
    2.93000E+02    6.82054E-02    9.34069E-01
    2.93100E+02    8.49999E-02    9.18512E-01
    2.93200E+02    1.12511E-01    8.93587E-01
    2.93300E+02    7.36169E-02    9.29028E-01
    2.93400E+02    6.77856E-02    9.34461E-01
    2.93500E+02    7.15128E-02    9.30984E-01
    2.93600E+02    6.98033E-02    9.32577E-01
    2.93700E+02    6.32277E-02    9.38730E-01
    2.93800E+02    6.14726E-02    9.40379E-01
    2.93900E+02    6.06799E-02    9.41124E-01
    2.94000E+02    6.02678E-02    9.41512E-01
    2.94100E+02    6.00327E-02    9.41734E-01
    2.94200E+02    5.99019E-02    9.41857E-01
    2.94300E+02    5.98243E-02    9.41930E-01
    2.94400E+02    5.97912E-02    9.41961E-01
    2.94500E+02    5.97938E-02    9.41959E-01
    2.94600E+02    5.98943E-02    9.41864E-01
    2.94700E+02    5.98202E-02    9.41934E-01
    2.94800E+02    5.98677E-02    9.41889E-01
    2.94900E+02    5.99095E-02    9.41850E-01
    2.95000E+02    5.99649E-02    9.41798E-01
    2.95100E+02    6.00232E-02    9.41743E-01
    2.95200E+02    6.01192E-02    9.41652E-01
    2.95300E+02    6.03496E-02    9.41435E-01
    2.95400E+02    6.04298E-02    9.41360E-01
    2.95500E+02    6.04601E-02    9.41331E-01
    2.95600E+02    6.04362E-02    9.41354E-01
    2.95700E+02    6.05262E-02    9.41269E-01
    2.95800E+02    6.07273E-02    9.41080E-01
    2.95900E+02    6.07519E-02    9.41057E-01
    2.96000E+02    6.09318E-02    9.40887E-01
    2.96100E+02    6.12344E-02    9.40603E-01
    2.96200E+02    6.11257E-02    9.40705E-01
    2.96300E+02    6.12605E-02    9.40578E-01
    2.96400E+02    6.17149E-02    9.40151E-01
    2.96500E+02    6.15674E-02    9.40290E-01
    2.96600E+02    6.17207E-02    9.40145E-01
    2.96700E+02    6.19169E-02    9.39961E-01
    2.96800E+02    6.21831E-02    9.39711E-01
    2.96900E+02    6.24104E-02    9.39497E-01
    2.97000E+02    6.27758E-02    9.39154E-01
    2.97100E+02    6.36009E-02    9.38379E-01
    2.97200E+02    6.51581E-02    9.36919E-01
    2.97300E+02    6.38206E-02    9.38173E-01
    2.97400E+02    6.41242E-02    9.37888E-01
    2.97500E+02    6.42558E-02    9.37765E-01
    2.97600E+02    6.46413E-02    9.37404E-01
    2.97700E+02    6.51445E-02    9.36932E-01
    2.97800E+02    6.57542E-02    9.36361E-01
    2.97900E+02    6.64952E-02    9.35667E-01
    2.98000E+02    6.74094E-02    9.34812E-01
    2.98100E+02    6.85809E-02    9.33718E-01
    2.98200E+02    7.01590E-02    9.32246E-01
    2.98300E+02    7.26221E-02    9.29952E-01
    2.98400E+02    7.68663E-02    9.26014E-01
    2.98500E+02    8.05940E-02    9.22568E-01
    2.98600E+02    7.49393E-02    9.27800E-01
    2.98700E+02    7.15774E-02    9.30924E-01
    2.98800E+02    7.03991E-02    9.32022E-01
    2.98900E+02    6.89221E-02    9.33399E-01
    2.99000E+02    6.80574E-02    9.34207E-01
    2.99100E+02    6.74397E-02    9.34784E-01
    2.99200E+02    6.69952E-02    9.35200E-01
    2.99300E+02    6.67327E-02    9.35445E-01
    2.99400E+02    6.68795E-02    9.35308E-01
    2.99500E+02    6.91893E-02    9.33150E-01
    2.99600E+02    6.63472E-02    9.35806E-01
    2.99700E+02    6.61622E-02    9.35979E-01
    2.99800E+02    6.58128E-02    9.36306E-01
    2.99900E+02    6.57595E-02    9.36356E-01
    3.00000E+02    6.58068E-02    9.36312E-01
    3.00100E+02    6.60181E-02    9.36114E-01
    3.00200E+02    6.62198E-02    9.35925E-01
    3.00300E+02    6.65915E-02    9.35577E-01
    3.00400E+02    6.73742E-02    9.34845E-01
    3.00500E+02    6.91485E-02    9.33188E-01
    3.00600E+02    7.49288E-02    9.27810E-01
    3.00700E+02    9.80051E-02    9.06644E-01
    3.00800E+02    7.27945E-02    9.29792E-01
    3.00900E+02    6.95511E-02    9.32813E-01
    3.01000E+02    6.87653E-02    9.33546E-01
    3.01100E+02    6.87261E-02    9.33582E-01
    3.01200E+02    6.92088E-02    9.33132E-01
    3.01300E+02    7.02898E-02    9.32124E-01
    3.01400E+02    7.22389E-02    9.30309E-01
    3.01500E+02    7.59030E-02    9.26906E-01
    3.01600E+02    8.38816E-02    9.19540E-01
    3.01700E+02    1.07282E-01    8.98272E-01
    3.01800E+02    2.72998E-01    7.61095E-01
    3.01900E+02    1.21606E-01    8.85498E-01
    3.02000E+02    8.79232E-02    9.15831E-01
    3.02100E+02    7.79668E-02    9.24995E-01
    3.02200E+02    7.37674E-02    9.28888E-01
    3.02300E+02    7.17039E-02    9.30806E-01
    3.02400E+02    7.06610E-02    9.31778E-01
    3.02500E+02    7.02894E-02    9.32124E-01
    3.02600E+02    7.02619E-02    9.32150E-01
    3.02700E+02    7.06567E-02    9.31782E-01
    3.02800E+02    7.17918E-02    9.30725E-01
    3.02900E+02    7.43901E-02    9.28310E-01
    3.03000E+02    8.10946E-02    9.22106E-01
    3.03100E+02    1.06284E-01    8.99169E-01
    3.03200E+02    1.31216E-01    8.77029E-01
    3.03300E+02    8.48347E-02    9.18664E-01
    3.03400E+02    7.56034E-02    9.27184E-01
    3.03500E+02    7.23034E-02    9.30249E-01
    3.03600E+02    7.09612E-02    9.31498E-01
    3.03700E+02    6.97251E-02    9.32650E-01
    3.03800E+02    6.91861E-02    9.33153E-01
    3.03900E+02    6.89204E-02    9.33401E-01
    3.04000E+02    6.87493E-02    9.33561E-01
    3.04100E+02    6.86856E-02    9.33620E-01
    3.04200E+02    6.87058E-02    9.33601E-01
    3.04300E+02    6.87920E-02    9.33521E-01
    3.04400E+02    6.89457E-02    9.33377E-01
    3.04500E+02    6.91768E-02    9.33162E-01
    3.04600E+02    6.95188E-02    9.32843E-01
    3.04700E+02    7.00750E-02    9.32324E-01
    3.04800E+02    7.15458E-02    9.30954E-01
    3.04900E+02    7.05418E-02    9.31889E-01
    3.05000E+02    6.99054E-02    9.32482E-01
    3.05100E+02    6.96263E-02    9.32742E-01
    3.05200E+02    6.94026E-02    9.32951E-01
    3.05300E+02    6.92767E-02    9.33068E-01
    3.05400E+02    6.92060E-02    9.33134E-01
    3.05500E+02    6.91687E-02    9.33169E-01
    3.05600E+02    6.91606E-02    9.33177E-01
    3.05700E+02    6.91726E-02    9.33166E-01
    3.05800E+02    6.92014E-02    9.33139E-01
    3.05900E+02    6.92609E-02    9.33083E-01
    3.06000E+02    6.93372E-02    9.33012E-01
    3.06100E+02    6.93693E-02    9.32982E-01
    3.06200E+02    6.94357E-02    9.32920E-01
    3.06300E+02    6.95128E-02    9.32848E-01
    3.06400E+02    6.96054E-02    9.32762E-01
    3.06500E+02    6.96844E-02    9.32688E-01
    3.06600E+02    6.97792E-02    9.32600E-01
    3.06700E+02    6.98837E-02    9.32502E-01
    3.06800E+02    6.99997E-02    9.32394E-01
    3.06900E+02    7.01908E-02    9.32216E-01
    3.07000E+02    7.02526E-02    9.32158E-01
    3.07100E+02    7.03371E-02    9.32080E-01
    3.07200E+02    7.04639E-02    9.31961E-01
    3.07300E+02    7.06716E-02    9.31768E-01
    3.07400E+02    7.08837E-02    9.31570E-01
    3.07500E+02    7.11929E-02    9.31282E-01
    3.07600E+02    7.11099E-02    9.31360E-01
    3.07700E+02    7.11867E-02    9.31288E-01
    3.07800E+02    7.13074E-02    9.31176E-01
    3.07900E+02    7.14488E-02    9.31044E-01
    3.08000E+02    7.15861E-02    9.30916E-01
    3.08100E+02    7.17349E-02    9.30778E-01
    3.08200E+02    7.18977E-02    9.30626E-01
    3.08300E+02    7.20783E-02    9.30458E-01
    3.08400E+02    7.23086E-02    9.30244E-01
    3.08500E+02    7.27938E-02    9.29793E-01
    3.08600E+02    7.33796E-02    9.29248E-01
    3.08700E+02    7.29036E-02    9.29690E-01
    3.08800E+02    7.31081E-02    9.29500E-01
    3.08900E+02    7.33281E-02    9.29296E-01
    3.09000E+02    7.33228E-02    9.29301E-01
    3.09100E+02    7.34986E-02    9.29137E-01
    3.09200E+02    7.37553E-02    9.28899E-01
    3.09300E+02    7.40073E-02    9.28665E-01
    3.09400E+02    7.44009E-02    9.28299E-01
    3.09500E+02    7.44966E-02    9.28211E-01
    3.09600E+02    7.48397E-02    9.27892E-01
    3.09700E+02    7.53445E-02    9.27424E-01
    3.09800E+02    7.62110E-02    9.26621E-01
    3.09900E+02    7.79653E-02    9.24997E-01
    3.10000E+02    8.43356E-02    9.19123E-01
    3.10100E+02    9.00786E-02    9.13859E-01
    3.10200E+02    7.93994E-02    9.23671E-01
    3.10300E+02    7.75623E-02    9.25369E-01
    3.10400E+02    7.68883E-02    9.25993E-01
    3.10500E+02    7.67040E-02    9.26164E-01
    3.10600E+02    7.66883E-02    9.26179E-01
    3.10700E+02    7.67605E-02    9.26112E-01
    3.10800E+02    7.68835E-02    9.25998E-01
    3.10900E+02    7.70385E-02    9.25854E-01
    3.11000E+02    7.72216E-02    9.25685E-01
    3.11100E+02    7.74781E-02    9.25447E-01
    3.11200E+02    7.76435E-02    9.25294E-01
    3.11300E+02    7.78114E-02    9.25139E-01
    3.11400E+02    7.80213E-02    9.24945E-01
    3.11500E+02    7.82551E-02    9.24729E-01
    3.11600E+02    7.85760E-02    9.24432E-01
    3.11700E+02    7.88058E-02    9.24219E-01
    3.11800E+02    7.89815E-02    9.24057E-01
    3.11900E+02    7.91948E-02    9.23860E-01
    3.12000E+02    7.94520E-02    9.23622E-01
    3.12100E+02    7.97200E-02    9.23375E-01
    3.12200E+02    7.99989E-02    9.23117E-01
    3.12300E+02    8.02899E-02    9.22849E-01
    3.12400E+02    8.05983E-02    9.22564E-01
    3.12500E+02    8.09647E-02    9.22226E-01
    3.12600E+02    8.13060E-02    9.21912E-01
    3.12700E+02    8.15544E-02    9.21683E-01
    3.12800E+02    8.18912E-02    9.21372E-01
    3.12900E+02    8.25117E-02    9.20801E-01
    3.13000E+02    8.25923E-02    9.20726E-01
    3.13100E+02    8.29175E-02    9.20427E-01
    3.13200E+02    8.32133E-02    9.20155E-01
    3.13300E+02    8.35746E-02    9.19823E-01
    3.13400E+02    8.39741E-02    9.19455E-01
    3.13500E+02    8.44344E-02    9.19032E-01
    3.13600E+02    8.50444E-02    9.18472E-01
    3.13700E+02    8.51652E-02    9.18361E-01
    3.13800E+02    8.55676E-02    9.17991E-01
    3.13900E+02    8.60565E-02    9.17542E-01
    3.14000E+02    8.70995E-02    9.16586E-01
    3.14100E+02    8.68774E-02    9.16789E-01
    3.14200E+02    8.72659E-02    9.16433E-01
    3.14300E+02    8.77171E-02    9.16020E-01
    3.14400E+02    8.82000E-02    9.15578E-01
    3.14500E+02    8.87118E-02    9.15109E-01
    3.14600E+02    8.92522E-02    9.14615E-01
    3.14700E+02    8.98283E-02    9.14088E-01
    3.14800E+02    9.04471E-02    9.13523E-01
    3.14900E+02    9.11186E-02    9.12909E-01
    3.15000E+02    9.18614E-02    9.12232E-01
    3.15100E+02    9.27270E-02    9.11442E-01
    3.15200E+02    9.36487E-02    9.10603E-01
    3.15300E+02    9.47861E-02    9.09567E-01
    3.15400E+02    9.62489E-02    9.08238E-01
    3.15500E+02    9.82998E-02    9.06377E-01
    3.15600E+02    1.01618E-01    9.03375E-01
    3.15700E+02    1.08445E-01    8.97228E-01
    3.15800E+02    1.31009E-01    8.77210E-01
    3.15900E+02    1.81156E-01    8.34305E-01
    3.16000E+02    1.21340E-01    8.85732E-01
    3.16100E+02    1.16445E-01    8.90079E-01
    3.16200E+02    1.26314E-01    8.81338E-01
    3.16300E+02    1.95517E-01    8.22409E-01
    3.16400E+02    1.45634E-01    8.64474E-01
    3.16500E+02    1.19040E-01    8.87772E-01
    3.16600E+02    1.13939E-01    8.92312E-01
    3.16700E+02    1.19073E-01    8.87743E-01
    3.16800E+02    1.09416E-01    8.96357E-01
    3.16900E+02    1.08293E-01    8.97365E-01
    3.17000E+02    1.08833E-01    8.96880E-01
    3.17100E+02    1.11516E-01    8.94477E-01
    3.17200E+02    1.29336E-01    8.78679E-01
    3.17300E+02    1.12263E-01    8.93809E-01
    3.17400E+02    1.10939E-01    8.94993E-01
    3.17500E+02    1.11132E-01    8.94821E-01
    3.17600E+02    1.11796E-01    8.94227E-01
    3.17700E+02    1.12696E-01    8.93422E-01
    3.17800E+02    1.13722E-01    8.92506E-01
    3.17900E+02    1.14832E-01    8.91516E-01
    3.18000E+02    1.16052E-01    8.90429E-01
    3.18100E+02    1.17395E-01    8.89234E-01
    3.18200E+02    1.18740E-01    8.88039E-01
    3.18300E+02    1.20202E-01    8.86741E-01
    3.18400E+02    1.21765E-01    8.85356E-01
    3.18500E+02    1.23439E-01    8.83875E-01
    3.18600E+02    1.25121E-01    8.82390E-01
    3.18700E+02    1.26953E-01    8.80775E-01
    3.18800E+02    1.28896E-01    8.79065E-01
    3.18900E+02    1.30955E-01    8.77257E-01
    3.19000E+02    1.33149E-01    8.75335E-01
    3.19100E+02    1.35506E-01    8.73274E-01
    3.19200E+02    1.38109E-01    8.71003E-01
    3.19300E+02    1.40847E-01    8.68622E-01
    3.19400E+02    1.43954E-01    8.65927E-01
    3.19500E+02    1.47201E-01    8.63120E-01
    3.19600E+02    1.51222E-01    8.59657E-01
    3.19700E+02    1.56487E-01    8.55142E-01
    3.19800E+02    1.64806E-01    8.48058E-01
    3.19900E+02    1.84666E-01    8.31382E-01
    3.20000E+02    3.24479E-01    7.22904E-01
    3.20100E+02    1.90003E-01    8.26956E-01
    3.20200E+02    1.78999E-01    8.36107E-01
    3.20300E+02    1.78420E-01    8.36591E-01
    3.20400E+02    1.80724E-01    8.34666E-01
    3.20500E+02    1.84160E-01    8.31803E-01
    3.20600E+02    1.88376E-01    8.28303E-01
    3.20700E+02    1.92977E-01    8.24501E-01
    3.20800E+02    1.97945E-01    8.20415E-01
    3.20900E+02    2.03172E-01    8.16137E-01
    3.21000E+02    2.08611E-01    8.11711E-01
    3.21100E+02    2.14258E-01    8.07140E-01
    3.21200E+02    2.19838E-01    8.02649E-01
    3.21300E+02    2.25583E-01    7.98050E-01
    3.21400E+02    2.31505E-01    7.93339E-01
    3.21500E+02    2.37740E-01    7.88408E-01
    3.21600E+02    2.44132E-01    7.83384E-01
    3.21700E+02    2.51018E-01    7.78008E-01
    3.21800E+02    2.58432E-01    7.72262E-01
    3.21900E+02    2.66594E-01    7.65984E-01
    3.22000E+02    2.77841E-01    7.57417E-01
    3.22100E+02    2.85131E-01    7.51916E-01
    3.22200E+02    2.94652E-01    7.44790E-01
    3.22300E+02    3.05142E-01    7.37019E-01
    3.22400E+02    3.16880E-01    7.28418E-01
    3.22500E+02    3.29690E-01    7.19146E-01
    3.22600E+02    3.43632E-01    7.09190E-01
    3.22700E+02    3.58946E-01    6.98412E-01
    3.22800E+02    3.75173E-01    6.87171E-01
    3.22900E+02    3.93004E-01    6.75026E-01
    3.23000E+02    4.12390E-01    6.62066E-01
    3.23100E+02    4.33444E-01    6.48273E-01
    3.23200E+02    4.56314E-01    6.33615E-01
    3.23300E+02    4.81138E-01    6.18080E-01
    3.23400E+02    5.08079E-01    6.01650E-01
    3.23500E+02    5.37331E-01    5.84306E-01
    3.23600E+02    5.69268E-01    5.65940E-01
    3.23700E+02    6.08791E-01    5.44008E-01
    3.23800E+02    6.39755E-01    5.27421E-01
    3.23900E+02    6.78275E-01    5.07492E-01
    3.24000E+02    7.19722E-01    4.86888E-01
    3.24100E+02    7.63743E-01    4.65919E-01
    3.24200E+02    8.10165E-01    4.44784E-01
    3.24300E+02    8.58408E-01    4.23836E-01
    3.24400E+02    9.07790E-01    4.03415E-01
    3.24500E+02    9.57755E-01    3.83753E-01
    3.24600E+02    1.00715E+00    3.65259E-01
    3.24700E+02    1.05451E+00    3.48361E-01
    3.24800E+02    1.09809E+00    3.33506E-01
    3.24900E+02    1.13573E+00    3.21188E-01
    3.25000E+02    1.16484E+00    3.11972E-01
    3.25100E+02    1.18267E+00    3.06458E-01
    3.25200E+02    1.18393E+00    3.06073E-01
    3.25300E+02    1.16821E+00    3.10922E-01
    3.25400E+02    1.14102E+00    3.19492E-01
    3.25500E+02    1.10498E+00    3.31218E-01
    3.25600E+02    1.06287E+00    3.45461E-01
    3.25700E+02    1.01667E+00    3.61799E-01
    3.25800E+02    9.68318E-01    3.79721E-01
    3.25900E+02    9.19233E-01    3.98825E-01
    3.26000E+02    8.70615E-01    4.18694E-01
    3.26100E+02    8.23109E-01    4.39064E-01
    3.26200E+02    7.77453E-01    4.59575E-01
    3.26300E+02    7.34430E-01    4.79779E-01
    3.26400E+02    6.95066E-01    4.99041E-01
    3.26500E+02    6.59949E-01    5.16878E-01
    3.26600E+02    6.24999E-01    5.35262E-01
    3.26700E+02    6.00249E-01    5.48675E-01
    3.26800E+02    5.98504E-01    5.49633E-01
    3.26900E+02    8.40067E-01    4.31682E-01
    3.27000E+02    5.42682E-01    5.81187E-01
    3.27100E+02    4.86560E-01    6.14737E-01
    3.27200E+02    4.53382E-01    6.35476E-01
    3.27300E+02    4.27507E-01    6.52133E-01
    3.27400E+02    4.05445E-01    6.66680E-01
    3.27500E+02    3.86079E-01    6.79717E-01
    3.27600E+02    3.69206E-01    6.91283E-01
    3.27700E+02    3.56304E-01    7.00260E-01
    3.27800E+02    3.53845E-01    7.01984E-01
    3.27900E+02    3.36732E-01    7.14100E-01
    3.28000E+02    3.13125E-01    7.31158E-01
    3.28100E+02    2.98616E-01    7.41844E-01
    3.28200E+02    2.86573E-01    7.50832E-01
    3.28300E+02    2.75788E-01    7.58974E-01
    3.28400E+02    2.65946E-01    7.66481E-01
    3.28500E+02    2.56940E-01    7.73415E-01
    3.28600E+02    2.48453E-01    7.80007E-01
    3.28700E+02    2.40584E-01    7.86169E-01
    3.28800E+02    2.33301E-01    7.91915E-01
    3.28900E+02    2.26474E-01    7.97340E-01
    3.29000E+02    2.20119E-01    8.02423E-01
    3.29100E+02    2.14247E-01    8.07149E-01
    3.29200E+02    2.08592E-01    8.11726E-01
    3.29300E+02    2.03457E-01    8.15905E-01
    3.29400E+02    1.98383E-01    8.20056E-01
    3.29500E+02    1.93730E-01    8.23880E-01
    3.29600E+02    1.89474E-01    8.27394E-01
    3.29700E+02    1.85422E-01    8.30753E-01
    3.29800E+02    1.82413E-01    8.33257E-01
    3.29900E+02    1.77746E-01    8.37155E-01
    3.30000E+02    1.74161E-01    8.40162E-01
    3.30100E+02    1.70853E-01    8.42946E-01
    3.30200E+02    1.67742E-01    8.45572E-01
    3.30300E+02    1.64804E-01    8.48060E-01
    3.30400E+02    1.62025E-01    8.50420E-01
    3.30500E+02    1.59391E-01    8.52663E-01
    3.30600E+02    1.56906E-01    8.54784E-01
    3.30700E+02    1.54547E-01    8.56803E-01
    3.30800E+02    1.52312E-01    8.58720E-01
    3.30900E+02    1.50206E-01    8.60531E-01
    3.31000E+02    1.48242E-01    8.62222E-01
    3.31100E+02    1.46357E-01    8.63849E-01
    3.31200E+02    1.44527E-01    8.65432E-01
    3.31300E+02    1.42837E-01    8.66895E-01
    3.31400E+02    1.41260E-01    8.68264E-01
    3.31500E+02    1.39809E-01    8.69524E-01
    3.31600E+02    1.38480E-01    8.70681E-01
    3.31700E+02    1.37320E-01    8.71692E-01
    3.31800E+02    1.36935E-01    8.72027E-01
    3.31900E+02    1.35208E-01    8.73534E-01
    3.32000E+02    1.34379E-01    8.74259E-01
    3.32100E+02    1.34049E-01    8.74547E-01
    3.32200E+02    1.33848E-01    8.74723E-01
    3.32300E+02    1.34573E-01    8.74089E-01
    3.32400E+02    1.36871E-01    8.72083E-01
    3.32500E+02    1.43071E-01    8.66692E-01
    3.32600E+02    1.63240E-01    8.49388E-01
    3.32700E+02    3.34443E-01    7.15737E-01
    3.32800E+02    1.80328E-01    8.34996E-01
    3.32900E+02    1.93654E-01    8.23943E-01
    3.33000E+02    1.42535E-01    8.67158E-01
    3.33100E+02    1.31728E-01    8.76580E-01
    3.33200E+02    1.26833E-01    8.80881E-01
    3.33300E+02    1.23947E-01    8.83426E-01
    3.33400E+02    1.21960E-01    8.85184E-01
    3.33500E+02    1.20436E-01    8.86534E-01
    3.33600E+02    1.19213E-01    8.87619E-01
    3.33700E+02    1.18178E-01    8.88538E-01
    3.33800E+02    1.17292E-01    8.89325E-01
    3.33900E+02    1.16586E-01    8.89954E-01
    3.34000E+02    1.15936E-01    8.90532E-01
    3.34100E+02    1.15090E-01    8.91286E-01
    3.34200E+02    1.14437E-01    8.91869E-01
    3.34300E+02    1.13865E-01    8.92379E-01
    3.34400E+02    1.13338E-01    8.92849E-01
    3.34500E+02    1.12872E-01    8.93265E-01
    3.34600E+02    1.12460E-01    8.93633E-01
    3.34700E+02    1.12123E-01    8.93935E-01
    3.34800E+02    1.11881E-01    8.94151E-01
    3.34900E+02    1.11823E-01    8.94203E-01
    3.35000E+02    1.12144E-01    8.93915E-01
    3.35100E+02    1.13568E-01    8.92643E-01
    3.35200E+02    1.19745E-01    8.87147E-01
    3.35300E+02    1.30565E-01    8.77599E-01
    3.35400E+02    1.14043E-01    8.92219E-01
    3.35500E+02    1.10891E-01    8.95036E-01
    3.35600E+02    1.09682E-01    8.96119E-01
    3.35700E+02    1.09323E-01    8.96441E-01
    3.35800E+02    1.08282E-01    8.97375E-01
    3.35900E+02    1.08258E-01    8.97396E-01
    3.36000E+02    1.07413E-01    8.98155E-01
    3.36100E+02    1.07009E-01    8.98518E-01
    3.36200E+02    1.07062E-01    8.98470E-01
    3.36300E+02    1.06356E-01    8.99105E-01
    3.36400E+02    1.06010E-01    8.99416E-01
    3.36500E+02    1.05724E-01    8.99673E-01
    3.36600E+02    1.05467E-01    8.99904E-01
    3.36700E+02    1.05226E-01    9.00121E-01
    3.36800E+02    1.05003E-01    9.00322E-01
    3.36900E+02    1.04799E-01    9.00506E-01
    3.37000E+02    1.04595E-01    9.00689E-01
    3.37100E+02    1.04530E-01    9.00748E-01
    3.37200E+02    1.04348E-01    9.00912E-01
    3.37300E+02    1.04128E-01    9.01110E-01
    3.37400E+02    1.03957E-01    9.01264E-01
    3.37500E+02    1.03944E-01    9.01275E-01
    3.37600E+02    1.04140E-01    9.01100E-01
    3.37700E+02    1.03743E-01    9.01457E-01
    3.37800E+02    1.03370E-01    9.01793E-01
    3.37900E+02    1.03186E-01    9.01959E-01
    3.38000E+02    1.03049E-01    9.02083E-01
    3.38100E+02    1.02936E-01    9.02185E-01
    3.38200E+02    1.02837E-01    9.02274E-01
    3.38300E+02    1.02807E-01    9.02301E-01
    3.38400E+02    1.02716E-01    9.02383E-01
    3.38500E+02    1.02636E-01    9.02456E-01
    3.38600E+02    1.02716E-01    9.02383E-01
    3.38700E+02    1.04013E-01    9.01214E-01
    3.38800E+02    1.02795E-01    9.02312E-01
    3.38900E+02    1.02409E-01    9.02660E-01
    3.39000E+02    1.02218E-01    9.02833E-01
    3.39100E+02    1.02117E-01    9.02924E-01
    3.39200E+02    1.02042E-01    9.02991E-01
    3.39300E+02    1.01981E-01    9.03046E-01
    3.39400E+02    1.01930E-01    9.03093E-01
    3.39500E+02    1.01884E-01    9.03134E-01
    3.39600E+02    1.01846E-01    9.03169E-01
    3.39700E+02    1.01814E-01    9.03198E-01
    3.39800E+02    1.01801E-01    9.03209E-01
    3.39900E+02    1.01802E-01    9.03209E-01
    3.40000E+02    1.01752E-01    9.03253E-01
    3.40100E+02    1.01732E-01    9.03271E-01
    3.40200E+02    1.01721E-01    9.03281E-01
    3.40300E+02    1.01717E-01    9.03285E-01
    3.40400E+02    1.01720E-01    9.03282E-01
    3.40500E+02    1.01743E-01    9.03261E-01
    3.40600E+02    1.01847E-01    9.03167E-01
    3.40700E+02    1.02171E-01    9.02875E-01
    3.40800E+02    1.01799E-01    9.03211E-01
    3.40900E+02    1.01770E-01    9.03238E-01
    3.41000E+02    1.01775E-01    9.03233E-01
    3.41100E+02    1.01793E-01    9.03216E-01
    3.41200E+02    1.01820E-01    9.03192E-01
    3.41300E+02    1.01851E-01    9.03164E-01
    3.41400E+02    1.01889E-01    9.03130E-01
    3.41500E+02    1.01935E-01    9.03088E-01
    3.41600E+02    1.01990E-01    9.03039E-01
    3.41700E+02    1.02057E-01    9.02978E-01
    3.41800E+02    1.02163E-01    9.02882E-01
    3.41900E+02    1.02438E-01    9.02634E-01
    3.42000E+02    1.02368E-01    9.02697E-01
    3.42100E+02    1.02927E-01    9.02193E-01
    3.42200E+02    1.02547E-01    9.02536E-01
    3.42300E+02    1.02655E-01    9.02438E-01
    3.42400E+02    1.02809E-01    9.02300E-01
    3.42500E+02    1.03048E-01    9.02083E-01
    3.42600E+02    1.03263E-01    9.01889E-01
    3.42700E+02    1.03642E-01    9.01548E-01
    3.42800E+02    1.04239E-01    9.01010E-01
    3.42900E+02    1.05240E-01    9.00109E-01
    3.43000E+02    1.07380E-01    8.98184E-01
    3.43100E+02    1.13764E-01    8.92469E-01
    3.43200E+02    1.40804E-01    8.68660E-01
    3.43300E+02    1.21997E-01    8.85151E-01
    3.43400E+02    1.11766E-01    8.94254E-01
    3.43500E+02    1.21422E-01    8.85660E-01
    3.43600E+02    1.07979E-01    8.97647E-01
    3.43700E+02    1.05627E-01    8.99760E-01
    3.43800E+02    1.04781E-01    9.00522E-01
    3.43900E+02    1.04406E-01    9.00859E-01
    3.44000E+02    1.04171E-01    9.01072E-01
    3.44100E+02    1.04054E-01    9.01177E-01
    3.44200E+02    1.03996E-01    9.01229E-01
    3.44300E+02    1.03976E-01    9.01247E-01
    3.44400E+02    1.03992E-01    9.01233E-01
    3.44500E+02    1.04030E-01    9.01198E-01
    3.44600E+02    1.04107E-01    9.01129E-01
    3.44700E+02    1.04165E-01    9.01076E-01
    3.44800E+02    1.04284E-01    9.00969E-01
    3.44900E+02    1.04371E-01    9.00891E-01
    3.45000E+02    1.04384E-01    9.00880E-01
    3.45100E+02    1.04457E-01    9.00813E-01
    3.45200E+02    1.04546E-01    9.00734E-01
    3.45300E+02    1.04638E-01    9.00650E-01
    3.45400E+02    1.04740E-01    9.00559E-01
    3.45500E+02    1.04844E-01    9.00465E-01
    3.45600E+02    1.04953E-01    9.00367E-01
    3.45700E+02    1.05065E-01    9.00266E-01
    3.45800E+02    1.05181E-01    9.00162E-01
    3.45900E+02    1.05301E-01    9.00053E-01
    3.46000E+02    1.05426E-01    8.99942E-01
    3.46100E+02    1.05571E-01    8.99810E-01
    3.46200E+02    1.05699E-01    8.99696E-01
    3.46300E+02    1.05814E-01    8.99592E-01
    3.46400E+02    1.05947E-01    8.99472E-01
    3.46500E+02    1.06081E-01    8.99352E-01
    3.46600E+02    1.06229E-01    8.99219E-01
    3.46700E+02    1.06372E-01    8.99090E-01
    3.46800E+02    1.06555E-01    8.98926E-01
    3.46900E+02    1.06773E-01    8.98730E-01
    3.47000E+02    1.06835E-01    8.98674E-01
    3.47100E+02    1.07016E-01    8.98511E-01
    3.47200E+02    1.07407E-01    8.98160E-01
    3.47300E+02    1.07384E-01    8.98181E-01
    3.47400E+02    1.07437E-01    8.98133E-01
    3.47500E+02    1.07580E-01    8.98004E-01
    3.47600E+02    1.07752E-01    8.97851E-01
    3.47700E+02    1.07970E-01    8.97655E-01
    3.47800E+02    1.08504E-01    8.97175E-01
    3.47900E+02    1.08325E-01    8.97336E-01
    3.48000E+02    1.08522E-01    8.97160E-01
    3.48100E+02    1.08621E-01    8.97070E-01
    3.48200E+02    1.08788E-01    8.96921E-01
    3.48300E+02    1.08957E-01    8.96769E-01
    3.48400E+02    1.09144E-01    8.96601E-01
    3.48500E+02    1.09355E-01    8.96413E-01
    3.48600E+02    1.09624E-01    8.96171E-01
    3.48700E+02    1.09726E-01    8.96079E-01
    3.48800E+02    1.09920E-01    8.95906E-01
    3.48900E+02    1.10136E-01    8.95712E-01
    3.49000E+02    1.10616E-01    8.95282E-01
    3.49100E+02    1.10569E-01    8.95325E-01
    3.49200E+02    1.10785E-01    8.95131E-01
    3.49300E+02    1.11040E-01    8.94903E-01
    3.49400E+02    1.11361E-01    8.94616E-01
    3.49500E+02    1.11924E-01    8.94112E-01
    3.49600E+02    1.12499E-01    8.93598E-01
    3.49700E+02    1.14484E-01    8.91826E-01
    3.49800E+02    1.14246E-01    8.92039E-01
    3.49900E+02    1.12986E-01    8.93163E-01
