    1.49900E+02    9.30255E-03    9.90741E-01
    1.50000E+02    9.30691E-03    9.90736E-01
    1.50100E+02    9.30718E-03    9.90736E-01
    1.50200E+02    9.25605E-03    9.90787E-01
    1.50300E+02    9.25089E-03    9.90792E-01
    1.50400E+02    9.21495E-03    9.90827E-01
    1.50500E+02    9.19749E-03    9.90845E-01
    1.50600E+02    9.18358E-03    9.90858E-01
    1.50700E+02    9.17099E-03    9.90871E-01
    1.50800E+02    9.15925E-03    9.90883E-01
    1.50900E+02    9.14834E-03    9.90893E-01
    1.51000E+02    9.13807E-03    9.90904E-01
    1.51100E+02    9.12998E-03    9.90912E-01
    1.51200E+02    9.11835E-03    9.90923E-01
    1.51300E+02    9.10911E-03    9.90932E-01
    1.51400E+02    9.10031E-03    9.90941E-01
    1.51500E+02    9.09209E-03    9.90949E-01
    1.51600E+02    9.08466E-03    9.90956E-01
    1.51700E+02    9.07690E-03    9.90964E-01
    1.51800E+02    9.06990E-03    9.90971E-01
    1.51900E+02    9.06356E-03    9.90977E-01
    1.52000E+02    9.05778E-03    9.90983E-01
    1.52100E+02    9.05265E-03    9.90988E-01
    1.52200E+02    9.04305E-03    9.90998E-01
    1.52300E+02    9.03979E-03    9.91001E-01
    1.52400E+02    9.03770E-03    9.91003E-01
    1.52500E+02    9.03833E-03    9.91002E-01
    1.52600E+02    9.03700E-03    9.91004E-01
    1.52700E+02    9.03856E-03    9.91002E-01
    1.52800E+02    9.04322E-03    9.90998E-01
    1.52900E+02    9.05149E-03    9.90989E-01
    1.53000E+02    9.06960E-03    9.90971E-01
    1.53100E+02    9.08777E-03    9.90953E-01
    1.53200E+02    9.11143E-03    9.90930E-01
    1.53300E+02    9.15128E-03    9.90890E-01
    1.53400E+02    9.22110E-03    9.90821E-01
    1.53500E+02    9.34517E-03    9.90698E-01
    1.53600E+02    9.58927E-03    9.90457E-01
    1.53700E+02    1.06446E-02    9.89412E-01
    1.53800E+02    1.05712E-02    9.89484E-01
    1.53900E+02    1.23151E-02    9.87760E-01
    1.54000E+02    1.60438E-02    9.84084E-01
    1.54100E+02    1.40701E-02    9.86028E-01
    1.54200E+02    1.06689E-02    9.89388E-01
    1.54300E+02    9.80558E-03    9.90242E-01
    1.54400E+02    9.43144E-03    9.90613E-01
    1.54500E+02    9.24295E-03    9.90800E-01
    1.54600E+02    9.13373E-03    9.90908E-01
    1.54700E+02    9.05826E-03    9.90983E-01
    1.54800E+02    9.00888E-03    9.91032E-01
    1.54900E+02    8.97126E-03    9.91069E-01
    1.55000E+02    8.94583E-03    9.91094E-01
    1.55100E+02    8.92351E-03    9.91116E-01
    1.55200E+02    8.90576E-03    9.91134E-01
    1.55300E+02    8.89184E-03    9.91148E-01
    1.55400E+02    8.88117E-03    9.91158E-01
    1.55500E+02    8.87404E-03    9.91165E-01
    1.55600E+02    8.87121E-03    9.91168E-01
    1.55700E+02    8.87478E-03    9.91164E-01
    1.55800E+02    8.89323E-03    9.91146E-01
    1.55900E+02    8.95389E-03    9.91086E-01
    1.56000E+02    9.10064E-03    9.90941E-01
    1.56100E+02    1.06940E-02    9.89363E-01
    1.56200E+02    9.12783E-03    9.90914E-01
    1.56300E+02    8.92519E-03    9.91115E-01
    1.56400E+02    8.87805E-03    9.91161E-01
    1.56500E+02    8.96504E-03    9.91075E-01
    1.56600E+02    8.83326E-03    9.91206E-01
    1.56700E+02    8.81791E-03    9.91221E-01
    1.56800E+02    8.79057E-03    9.91248E-01
    1.56900E+02    8.78043E-03    9.91258E-01
    1.57000E+02    8.78700E-03    9.91251E-01
    1.57100E+02    8.77267E-03    9.91266E-01
    1.57200E+02    8.78958E-03    9.91249E-01
    1.57300E+02    8.85835E-03    9.91181E-01
    1.57400E+02    8.76387E-03    9.91274E-01
    1.57500E+02    8.74778E-03    9.91290E-01
    1.57600E+02    8.74043E-03    9.91298E-01
    1.57700E+02    8.73523E-03    9.91303E-01
    1.57800E+02    8.73094E-03    9.91307E-01
    1.57900E+02    8.72777E-03    9.91310E-01
    1.58000E+02    8.72522E-03    9.91313E-01
    1.58100E+02    8.72365E-03    9.91314E-01
    1.58200E+02    8.72409E-03    9.91314E-01
    1.58300E+02    8.72824E-03    9.91310E-01
    1.58400E+02    8.73980E-03    9.91298E-01
    1.58500E+02    8.82927E-03    9.91210E-01
    1.58600E+02    8.79548E-03    9.91243E-01
    1.58700E+02    8.72754E-03    9.91310E-01
    1.58800E+02    8.71721E-03    9.91321E-01
    1.58900E+02    8.71072E-03    9.91327E-01
    1.59000E+02    8.70932E-03    9.91328E-01
    1.59100E+02    8.71704E-03    9.91321E-01
    1.59200E+02    8.72757E-03    9.91310E-01
    1.59300E+02    8.71819E-03    9.91320E-01
    1.59400E+02    8.70733E-03    9.91330E-01
    1.59500E+02    8.73024E-03    9.91308E-01
    1.59600E+02    8.71219E-03    9.91326E-01
    1.59700E+02    8.69824E-03    9.91339E-01
    1.59800E+02    8.69717E-03    9.91341E-01
    1.59900E+02    8.71060E-03    9.91327E-01
    1.60000E+02    8.70776E-03    9.91330E-01
    1.60100E+02    8.69710E-03    9.91341E-01
    1.60200E+02    8.69722E-03    9.91340E-01
    1.60300E+02    8.69128E-03    9.91346E-01
    1.60400E+02    8.70316E-03    9.91335E-01
    1.60500E+02    8.69502E-03    9.91343E-01
    1.60600E+02    8.68962E-03    9.91348E-01
    1.60700E+02    8.68812E-03    9.91350E-01
    1.60800E+02    8.68809E-03    9.91350E-01
    1.60900E+02    8.68864E-03    9.91349E-01
    1.61000E+02    8.68993E-03    9.91348E-01
    1.61100E+02    8.69217E-03    9.91345E-01
    1.61200E+02    8.69773E-03    9.91340E-01
    1.61300E+02    8.70854E-03    9.91329E-01
    1.61400E+02    8.69795E-03    9.91340E-01
    1.61500E+02    8.69793E-03    9.91340E-01
    1.61600E+02    8.69935E-03    9.91338E-01
    1.61700E+02    8.70160E-03    9.91336E-01
    1.61800E+02    8.70438E-03    9.91333E-01
    1.61900E+02    8.70811E-03    9.91330E-01
    1.62000E+02    8.71152E-03    9.91326E-01
    1.62100E+02    8.71528E-03    9.91323E-01
    1.62200E+02    8.72033E-03    9.91318E-01
    1.62300E+02    8.73127E-03    9.91307E-01
    1.62400E+02    8.73114E-03    9.91307E-01
    1.62500E+02    8.73644E-03    9.91302E-01
    1.62600E+02    8.74355E-03    9.91295E-01
    1.62700E+02    8.75037E-03    9.91288E-01
    1.62800E+02    8.75957E-03    9.91279E-01
    1.62900E+02    8.77083E-03    9.91268E-01
    1.63000E+02    8.78306E-03    9.91255E-01
    1.63100E+02    8.80329E-03    9.91235E-01
    1.63200E+02    8.85894E-03    9.91180E-01
    1.63300E+02    8.88626E-03    9.91153E-01
    1.63400E+02    8.84991E-03    9.91189E-01
    1.63500E+02    8.86116E-03    9.91178E-01
    1.63600E+02    8.88497E-03    9.91154E-01
    1.63700E+02    8.90674E-03    9.91133E-01
    1.63800E+02    8.93786E-03    9.91102E-01
    1.63900E+02    8.97690E-03    9.91063E-01
    1.64000E+02    9.02825E-03    9.91012E-01
    1.64100E+02    9.08450E-03    9.90957E-01
    1.64200E+02    9.16324E-03    9.90879E-01
    1.64300E+02    9.26927E-03    9.90774E-01
    1.64400E+02    9.41902E-03    9.90625E-01
    1.64500E+02    9.64510E-03    9.90401E-01
    1.64600E+02    1.00232E-02    9.90027E-01
    1.64700E+02    1.07809E-02    9.89277E-01
    1.64800E+02    1.25658E-02    9.87513E-01
    1.64900E+02    1.90793E-02    9.81102E-01
    1.65000E+02    1.96829E-02    9.80510E-01
    1.65100E+02    1.28631E-02    9.87219E-01
    1.65200E+02    1.15358E-02    9.88530E-01
    1.65300E+02    1.13486E-02    9.88716E-01
    1.65400E+02    1.17559E-02    9.88313E-01
    1.65500E+02    1.29808E-02    9.87103E-01
    1.65600E+02    1.61159E-02    9.84013E-01
    1.65700E+02    2.70203E-02    9.73341E-01
    1.65800E+02    6.92193E-02    9.33122E-01
    1.65900E+02    2.16854E-02    9.78548E-01
    1.66000E+02    1.46044E-02    9.85502E-01
    1.66100E+02    1.21885E-02    9.87885E-01
    1.66200E+02    1.13469E-02    9.88717E-01
    1.66300E+02    1.04236E-02    9.89631E-01
    1.66400E+02    1.00002E-02    9.90050E-01
    1.66500E+02    9.77006E-03    9.90278E-01
    1.66600E+02    9.75114E-03    9.90296E-01
    1.66700E+02    9.45573E-03    9.90589E-01
    1.66800E+02    9.34609E-03    9.90697E-01
    1.66900E+02    9.27963E-03    9.90763E-01
    1.67000E+02    9.24390E-03    9.90799E-01
    1.67100E+02    9.24321E-03    9.90799E-01
    1.67200E+02    9.27232E-03    9.90771E-01
    1.67300E+02    9.38335E-03    9.90661E-01
    1.67400E+02    9.67441E-03    9.90372E-01
    1.67500E+02    1.08330E-02    9.89226E-01
    1.67600E+02    1.29523E-02    9.87131E-01
    1.67700E+02    9.94679E-03    9.90103E-01
    1.67800E+02    9.39181E-03    9.90652E-01
    1.67900E+02    9.18392E-03    9.90858E-01
    1.68000E+02    9.07927E-03    9.90962E-01
    1.68100E+02    9.02007E-03    9.91020E-01
    1.68200E+02    8.98205E-03    9.91058E-01
    1.68300E+02    8.95826E-03    9.91082E-01
    1.68400E+02    8.94127E-03    9.91099E-01
    1.68500E+02    8.93184E-03    9.91108E-01
    1.68600E+02    8.92994E-03    9.91110E-01
    1.68700E+02    8.93651E-03    9.91103E-01
    1.68800E+02    8.97153E-03    9.91069E-01
    1.68900E+02    9.14937E-03    9.90892E-01
    1.69000E+02    9.41803E-03    9.90626E-01
    1.69100E+02    9.01913E-03    9.91021E-01
    1.69200E+02    8.93825E-03    9.91102E-01
    1.69300E+02    8.91785E-03    9.91122E-01
    1.69400E+02    8.90519E-03    9.91134E-01
    1.69500E+02    8.90563E-03    9.91134E-01
    1.69600E+02    8.91877E-03    9.91121E-01
    1.69700E+02    8.92276E-03    9.91117E-01
    1.69800E+02    8.96998E-03    9.91070E-01
    1.69900E+02    8.98538E-03    9.91055E-01
    1.70000E+02    9.05199E-03    9.90989E-01
    1.70100E+02    8.93178E-03    9.91108E-01
    1.70200E+02    8.92884E-03    9.91111E-01
    1.70300E+02    9.05472E-03    9.90986E-01
    1.70400E+02    8.93066E-03    9.91109E-01
    1.70500E+02    8.92679E-03    9.91113E-01
    1.70600E+02    8.93053E-03    9.91109E-01
    1.70700E+02    8.93721E-03    9.91103E-01
    1.70800E+02    8.94683E-03    9.91093E-01
    1.70900E+02    8.96105E-03    9.91079E-01
    1.71000E+02    8.98992E-03    9.91050E-01
    1.71100E+02    9.02703E-03    9.91014E-01
    1.71200E+02    9.07614E-03    9.90965E-01
    1.71300E+02    9.19412E-03    9.90848E-01
    1.71400E+02    1.01544E-02    9.89897E-01
    1.71500E+02    9.24359E-03    9.90799E-01
    1.71600E+02    9.09372E-03    9.90948E-01
    1.71700E+02    9.04267E-03    9.90998E-01
    1.71800E+02    9.03008E-03    9.91011E-01
    1.71900E+02    9.02871E-03    9.91012E-01
    1.72000E+02    9.03358E-03    9.91007E-01
    1.72100E+02    9.03897E-03    9.91002E-01
    1.72200E+02    9.04719E-03    9.90994E-01
    1.72300E+02    9.05756E-03    9.90983E-01
    1.72400E+02    9.06981E-03    9.90971E-01
    1.72500E+02    9.08418E-03    9.90957E-01
    1.72600E+02    9.10136E-03    9.90940E-01
    1.72700E+02    9.12326E-03    9.90918E-01
    1.72800E+02    9.16332E-03    9.90879E-01
    1.72900E+02    9.17994E-03    9.90862E-01
    1.73000E+02    9.21863E-03    9.90824E-01
    1.73100E+02    9.28311E-03    9.90760E-01
    1.73200E+02    9.40130E-03    9.90643E-01
    1.73300E+02    9.71807E-03    9.90329E-01
    1.73400E+02    1.03869E-02    9.89667E-01
    1.73500E+02    1.33518E-02    9.86737E-01
    1.73600E+02    1.00704E-02    9.89980E-01
    1.73700E+02    9.59689E-03    9.90449E-01
    1.73800E+02    9.44576E-03    9.90599E-01
    1.73900E+02    9.38694E-03    9.90657E-01
    1.74000E+02    9.37115E-03    9.90673E-01
    1.74100E+02    9.37036E-03    9.90673E-01
    1.74200E+02    9.38812E-03    9.90656E-01
    1.74300E+02    9.40322E-03    9.90641E-01
    1.74400E+02    9.43326E-03    9.90611E-01
    1.74500E+02    9.48400E-03    9.90561E-01
    1.74600E+02    9.53190E-03    9.90513E-01
    1.74700E+02    9.59986E-03    9.90446E-01
    1.74800E+02    9.70817E-03    9.90339E-01
    1.74900E+02    9.89244E-03    9.90156E-01
    1.75000E+02    1.02654E-02    9.89787E-01
    1.75100E+02    1.13802E-02    9.88684E-01
    1.75200E+02    1.61578E-02    9.83972E-01
    1.75300E+02    1.21630E-02    9.87911E-01
    1.75400E+02    1.54257E-02    9.84693E-01
    1.75500E+02    1.44926E-02    9.85612E-01
    1.75600E+02    1.11731E-02    9.88889E-01
    1.75700E+02    1.03865E-02    9.89667E-01
    1.75800E+02    1.00705E-02    9.89980E-01
    1.75900E+02    9.92797E-03    9.90121E-01
    1.76000E+02    9.84790E-03    9.90200E-01
    1.76100E+02    9.80987E-03    9.90238E-01
    1.76200E+02    9.80321E-03    9.90245E-01
    1.76300E+02    9.81028E-03    9.90238E-01
    1.76400E+02    1.00076E-02    9.90042E-01
    1.76500E+02    9.83506E-03    9.90213E-01
    1.76600E+02    9.82509E-03    9.90223E-01
    1.76700E+02    9.84017E-03    9.90208E-01
    1.76800E+02    9.86911E-03    9.90179E-01
    1.76900E+02    9.89624E-03    9.90153E-01
    1.77000E+02    9.93031E-03    9.90119E-01
    1.77100E+02    9.94983E-03    9.90100E-01
    1.77200E+02    9.97880E-03    9.90071E-01
    1.77300E+02    1.00150E-02    9.90035E-01
    1.77400E+02    1.00623E-02    9.89988E-01
    1.77500E+02    1.00958E-02    9.89955E-01
    1.77600E+02    1.01376E-02    9.89914E-01
    1.77700E+02    1.01852E-02    9.89866E-01
    1.77800E+02    1.02390E-02    9.89813E-01
    1.77900E+02    1.03036E-02    9.89749E-01
    1.78000E+02    1.03462E-02    9.89707E-01
    1.78100E+02    1.04001E-02    9.89654E-01
    1.78200E+02    1.04629E-02    9.89592E-01
    1.78300E+02    1.05340E-02    9.89521E-01
    1.78400E+02    1.06211E-02    9.89435E-01
    1.78500E+02    1.07708E-02    9.89287E-01
    1.78600E+02    1.10658E-02    9.88995E-01
    1.78700E+02    1.09301E-02    9.89129E-01
    1.78800E+02    1.09266E-02    9.89133E-01
    1.78900E+02    1.09926E-02    9.89068E-01
    1.79000E+02    1.10773E-02    9.88984E-01
    1.79100E+02    1.11718E-02    9.88890E-01
    1.79200E+02    1.12741E-02    9.88789E-01
    1.79300E+02    1.13841E-02    9.88680E-01
    1.79400E+02    1.15020E-02    9.88564E-01
    1.79500E+02    1.16288E-02    9.88439E-01
    1.79600E+02    1.17659E-02    9.88303E-01
    1.79700E+02    1.19173E-02    9.88153E-01
    1.79800E+02    1.20933E-02    9.87980E-01
    1.79900E+02    1.23424E-02    9.87733E-01
    1.80000E+02    1.36158E-02    9.86476E-01
    1.80100E+02    1.26973E-02    9.87383E-01
    1.80200E+02    1.27982E-02    9.87283E-01
    1.80300E+02    1.29785E-02    9.87105E-01
    1.80400E+02    1.31925E-02    9.86894E-01
    1.80500E+02    1.34226E-02    9.86667E-01
    1.80600E+02    1.36781E-02    9.86415E-01
    1.80700E+02    1.39495E-02    9.86147E-01
    1.80800E+02    1.42432E-02    9.85858E-01
    1.80900E+02    1.45654E-02    9.85540E-01
    1.81000E+02    1.49525E-02    9.85159E-01
    1.81100E+02    1.52976E-02    9.84819E-01
    1.81200E+02    1.56648E-02    9.84457E-01
    1.81300E+02    1.60878E-02    9.84041E-01
    1.81400E+02    1.65604E-02    9.83576E-01
    1.81500E+02    1.70404E-02    9.83104E-01
    1.81600E+02    1.75627E-02    9.82591E-01
    1.81700E+02    1.81307E-02    9.82033E-01
    1.81800E+02    1.87415E-02    9.81433E-01
    1.81900E+02    1.94010E-02    9.80786E-01
    1.82000E+02    2.01197E-02    9.80081E-01
    1.82100E+02    2.09746E-02    9.79244E-01
    1.82200E+02    2.22161E-02    9.78029E-01
    1.82300E+02    2.24916E-02    9.77759E-01
    1.82400E+02    2.32949E-02    9.76974E-01
    1.82500E+02    2.41012E-02    9.76187E-01
    1.82600E+02    2.49653E-02    9.75344E-01
    1.82700E+02    2.58360E-02    9.74495E-01
    1.82800E+02    2.66904E-02    9.73663E-01
    1.82900E+02    2.75052E-02    9.72870E-01
    1.83000E+02    2.82458E-02    9.72149E-01
    1.83100E+02    2.88828E-02    9.71530E-01
    1.83200E+02    2.93742E-02    9.71053E-01
    1.83300E+02    2.96582E-02    9.70777E-01
    1.83400E+02    2.96410E-02    9.70794E-01
    1.83500E+02    2.94022E-02    9.71026E-01
    1.83600E+02    2.90348E-02    9.71383E-01
    1.83700E+02    2.86139E-02    9.71792E-01
    1.83800E+02    2.83361E-02    9.72062E-01
    1.83900E+02    2.79766E-02    9.72411E-01
    1.84000E+02    2.78529E-02    9.72531E-01
    1.84100E+02    2.83772E-02    9.72022E-01
    1.84200E+02    3.08041E-02    9.69666E-01
    1.84300E+02    4.14206E-02    9.59426E-01
    1.84400E+02    6.95274E-02    9.32835E-01
    1.84500E+02    3.33801E-02    9.67171E-01
    1.84600E+02    2.76950E-02    9.72685E-01
    1.84700E+02    2.96345E-02    9.70800E-01
    1.84800E+02    2.77073E-02    9.72673E-01
    1.84900E+02    2.20429E-02    9.78198E-01
    1.85000E+02    2.01285E-02    9.80073E-01
    1.85100E+02    1.90160E-02    9.81164E-01
    1.85200E+02    1.81933E-02    9.81971E-01
    1.85300E+02    1.76348E-02    9.82520E-01
    1.85400E+02    1.71291E-02    9.83017E-01
    1.85500E+02    1.72248E-02    9.82923E-01
    1.85600E+02    1.70331E-02    9.83111E-01
    1.85700E+02    1.57779E-02    9.84346E-01
    1.85800E+02    1.52555E-02    9.84860E-01
    1.85900E+02    1.48442E-02    9.85265E-01
    1.86000E+02    1.45053E-02    9.85599E-01
    1.86100E+02    1.42058E-02    9.85895E-01
    1.86200E+02    1.39360E-02    9.86161E-01
    1.86300E+02    1.36946E-02    9.86399E-01
    1.86400E+02    1.34840E-02    9.86606E-01
    1.86500E+02    1.32858E-02    9.86802E-01
    1.86600E+02    1.30636E-02    9.87021E-01
    1.86700E+02    1.28820E-02    9.87201E-01
    1.86800E+02    1.27210E-02    9.87360E-01
    1.86900E+02    1.25836E-02    9.87495E-01
    1.87000E+02    1.24947E-02    9.87583E-01
    1.87100E+02    1.27110E-02    9.87369E-01
    1.87200E+02    1.24826E-02    9.87595E-01
    1.87300E+02    1.20974E-02    9.87975E-01
    1.87400E+02    1.19436E-02    9.88127E-01
    1.87500E+02    1.18321E-02    9.88238E-01
    1.87600E+02    1.17726E-02    9.88296E-01
    1.87700E+02    1.16772E-02    9.88391E-01
    1.87800E+02    1.16656E-02    9.88402E-01
    1.87900E+02    1.19815E-02    9.88090E-01
    1.88000E+02    1.14523E-02    9.88613E-01
    1.88100E+02    1.13188E-02    9.88745E-01
    1.88200E+02    1.12306E-02    9.88832E-01
    1.88300E+02    1.11596E-02    9.88902E-01
    1.88400E+02    1.10965E-02    9.88965E-01
    1.88500E+02    1.10315E-02    9.89029E-01
    1.88600E+02    1.09750E-02    9.89085E-01
    1.88700E+02    1.09276E-02    9.89132E-01
    1.88800E+02    1.09026E-02    9.89157E-01
    1.88900E+02    1.11058E-02    9.88956E-01
    1.89000E+02    1.08411E-02    9.89217E-01
    1.89100E+02    1.07651E-02    9.89293E-01
    1.89200E+02    1.07091E-02    9.89348E-01
    1.89300E+02    1.06804E-02    9.89376E-01
    1.89400E+02    1.06218E-02    9.89434E-01
    1.89500E+02    1.05837E-02    9.89472E-01
    1.89600E+02    1.05514E-02    9.89504E-01
    1.89700E+02    1.05299E-02    9.89525E-01
    1.89800E+02    1.04939E-02    9.89561E-01
    1.89900E+02    1.04646E-02    9.89590E-01
    1.90000E+02    1.04397E-02    9.89615E-01
    1.90100E+02    1.04178E-02    9.89636E-01
    1.90200E+02    1.04002E-02    9.89654E-01
    1.90300E+02    1.03900E-02    9.89664E-01
    1.90400E+02    1.03984E-02    9.89655E-01
    1.90500E+02    1.04966E-02    9.89558E-01
    1.90600E+02    1.07462E-02    9.89311E-01
    1.90700E+02    1.03769E-02    9.89677E-01
    1.90800E+02    1.03097E-02    9.89743E-01
    1.90900E+02    1.02780E-02    9.89775E-01
    1.91000E+02    1.02570E-02    9.89795E-01
    1.91100E+02    1.02425E-02    9.89810E-01
    1.91200E+02    1.02277E-02    9.89824E-01
    1.91300E+02    1.02166E-02    9.89835E-01
    1.91400E+02    1.02082E-02    9.89844E-01
    1.91500E+02    1.02025E-02    9.89849E-01
    1.91600E+02    1.02016E-02    9.89850E-01
    1.91700E+02    1.02131E-02    9.89839E-01
    1.91800E+02    1.03347E-02    9.89719E-01
    1.91900E+02    1.02158E-02    9.89836E-01
    1.92000E+02    1.01979E-02    9.89854E-01
    1.92100E+02    1.01992E-02    9.89853E-01
    1.92200E+02    1.02273E-02    9.89825E-01
    1.92300E+02    1.02573E-02    9.89795E-01
    1.92400E+02    1.02375E-02    9.89815E-01
    1.92500E+02    1.02475E-02    9.89805E-01
    1.92600E+02    1.02814E-02    9.89771E-01
    1.92700E+02    1.03484E-02    9.89705E-01
    1.92800E+02    1.03977E-02    9.89656E-01
    1.92900E+02    1.05178E-02    9.89537E-01
    1.93000E+02    1.07155E-02    9.89342E-01
    1.93100E+02    1.11295E-02    9.88932E-01
    1.93200E+02    1.21005E-02    9.87972E-01
    1.93300E+02    1.64553E-02    9.83679E-01
    1.93400E+02    1.67183E-02    9.83421E-01
    1.93500E+02    1.21708E-02    9.87903E-01
    1.93600E+02    1.11671E-02    9.88895E-01
    1.93700E+02    1.07934E-02    9.89265E-01
    1.93800E+02    1.06245E-02    9.89432E-01
    1.93900E+02    1.05449E-02    9.89510E-01
    1.94000E+02    1.05137E-02    9.89541E-01
    1.94100E+02    1.05139E-02    9.89541E-01
    1.94200E+02    1.05393E-02    9.89516E-01
    1.94300E+02    1.05914E-02    9.89464E-01
    1.94400E+02    1.06562E-02    9.89400E-01
    1.94500E+02    1.07610E-02    9.89297E-01
    1.94600E+02    1.09088E-02    9.89150E-01
    1.94700E+02    1.11175E-02    9.88944E-01
    1.94800E+02    1.14180E-02    9.88647E-01
    1.94900E+02    1.18751E-02    9.88195E-01
    1.95000E+02    1.26129E-02    9.87466E-01
    1.95100E+02    1.39267E-02    9.86170E-01
    1.95200E+02    1.66529E-02    9.83485E-01
    1.95300E+02    2.39855E-02    9.76300E-01
    1.95400E+02    6.28841E-02    9.39052E-01
    1.95500E+02    3.82640E-02    9.62459E-01
    1.95600E+02    2.25820E-02    9.77671E-01
    1.95700E+02    2.77672E-02    9.72615E-01
    1.95800E+02    1.78098E-02    9.82348E-01
    1.95900E+02    1.38721E-02    9.86224E-01
    1.96000E+02    1.24470E-02    9.87630E-01
    1.96100E+02    1.17210E-02    9.88347E-01
    1.96200E+02    1.12972E-02    9.88766E-01
    1.96300E+02    1.09983E-02    9.89062E-01
    1.96400E+02    1.08358E-02    9.89223E-01
    1.96500E+02    1.06432E-02    9.89413E-01
    1.96600E+02    1.05230E-02    9.89532E-01
    1.96700E+02    1.04333E-02    9.89621E-01
    1.96800E+02    1.03662E-02    9.89687E-01
    1.96900E+02    1.03136E-02    9.89739E-01
    1.97000E+02    1.02623E-02    9.89790E-01
    1.97100E+02    1.02301E-02    9.89822E-01
    1.97200E+02    1.01989E-02    9.89853E-01
    1.97300E+02    1.01735E-02    9.89878E-01
    1.97400E+02    1.01645E-02    9.89887E-01
    1.97500E+02    1.02215E-02    9.89831E-01
    1.97600E+02    1.02438E-02    9.89809E-01
    1.97700E+02    1.01589E-02    9.89893E-01
    1.97800E+02    1.01180E-02    9.89933E-01
    1.97900E+02    1.01177E-02    9.89933E-01
    1.98000E+02    1.03430E-02    9.89710E-01
    1.98100E+02    1.01050E-02    9.89946E-01
    1.98200E+02    1.00759E-02    9.89975E-01
    1.98300E+02    1.00691E-02    9.89981E-01
    1.98400E+02    1.00689E-02    9.89982E-01
    1.98500E+02    1.00737E-02    9.89977E-01
    1.98600E+02    1.00853E-02    9.89965E-01
    1.98700E+02    1.01010E-02    9.89950E-01
    1.98800E+02    1.01287E-02    9.89922E-01
    1.98900E+02    1.01764E-02    9.89875E-01
    1.99000E+02    1.02665E-02    9.89786E-01
    1.99100E+02    1.04704E-02    9.89584E-01
    1.99200E+02    1.13473E-02    9.88717E-01
    1.99300E+02    1.21121E-02    9.87961E-01
    1.99400E+02    1.60718E-02    9.84057E-01
    1.99500E+02    1.12232E-02    9.88840E-01
    1.99600E+02    1.05577E-02    9.89498E-01
    1.99700E+02    1.03064E-02    9.89746E-01
    1.99800E+02    1.01971E-02    9.89855E-01
    1.99900E+02    1.01395E-02    9.89912E-01
    2.00000E+02    1.01086E-02    9.89942E-01
    2.00100E+02    1.00816E-02    9.89969E-01
    2.00200E+02    1.00658E-02    9.89985E-01
    2.00300E+02    1.00553E-02    9.89995E-01
    2.00400E+02    1.00484E-02    9.90002E-01
    2.00500E+02    1.00437E-02    9.90007E-01
    2.00600E+02    1.00403E-02    9.90010E-01
    2.00700E+02    1.00386E-02    9.90012E-01
    2.00800E+02    1.00396E-02    9.90011E-01
    2.00900E+02    1.00419E-02    9.90008E-01
    2.01000E+02    1.00434E-02    9.90007E-01
    2.01100E+02    1.00460E-02    9.90004E-01
    2.01200E+02    1.00506E-02    9.90000E-01
    2.01300E+02    1.00605E-02    9.89990E-01
    2.01400E+02    1.00989E-02    9.89952E-01
    2.01500E+02    1.01200E-02    9.89931E-01
    2.01600E+02    1.00719E-02    9.89979E-01
    2.01700E+02    1.00675E-02    9.89983E-01
    2.01800E+02    1.00692E-02    9.89981E-01
    2.01900E+02    1.00732E-02    9.89977E-01
    2.02000E+02    1.00793E-02    9.89971E-01
    2.02100E+02    1.00853E-02    9.89965E-01
    2.02200E+02    1.01016E-02    9.89949E-01
    2.02300E+02    1.01021E-02    9.89949E-01
    2.02400E+02    1.01104E-02    9.89941E-01
    2.02500E+02    1.01133E-02    9.89938E-01
    2.02600E+02    1.01245E-02    9.89927E-01
    2.02700E+02    1.01326E-02    9.89919E-01
    2.02800E+02    1.01455E-02    9.89906E-01
    2.02900E+02    1.01573E-02    9.89894E-01
    2.03000E+02    1.01734E-02    9.89878E-01
    2.03100E+02    1.01988E-02    9.89853E-01
    2.03200E+02    1.02421E-02    9.89810E-01
    2.03300E+02    1.03464E-02    9.89707E-01
    2.03400E+02    1.08124E-02    9.89246E-01
    2.03500E+02    1.08934E-02    9.89166E-01
    2.03600E+02    1.03716E-02    9.89682E-01
    2.03700E+02    1.02724E-02    9.89780E-01
    2.03800E+02    1.02457E-02    9.89807E-01
    2.03900E+02    1.02361E-02    9.89816E-01
    2.04000E+02    1.02741E-02    9.89778E-01
    2.04100E+02    1.02156E-02    9.89836E-01
    2.04200E+02    1.02102E-02    9.89842E-01
    2.04300E+02    1.02102E-02    9.89842E-01
    2.04400E+02    1.02130E-02    9.89839E-01
    2.04500E+02    1.02174E-02    9.89835E-01
    2.04600E+02    1.02244E-02    9.89828E-01
    2.04700E+02    1.02322E-02    9.89820E-01
    2.04800E+02    1.02460E-02    9.89806E-01
    2.04900E+02    1.02617E-02    9.89791E-01
    2.05000E+02    1.02729E-02    9.89780E-01
    2.05100E+02    1.03071E-02    9.89746E-01
    2.05200E+02    1.05272E-02    9.89528E-01
    2.05300E+02    1.03621E-02    9.89691E-01
    2.05400E+02    1.03608E-02    9.89693E-01
    2.05500E+02    1.04188E-02    9.89635E-01
    2.05600E+02    1.04652E-02    9.89589E-01
    2.05700E+02    1.05184E-02    9.89537E-01
    2.05800E+02    1.06424E-02    9.89414E-01
    2.05900E+02    1.09153E-02    9.89144E-01
    2.06000E+02    1.16719E-02    9.88396E-01
    2.06100E+02    1.58653E-02    9.84260E-01
    2.06200E+02    1.32744E-02    9.86813E-01
    2.06300E+02    1.13544E-02    9.88710E-01
    2.06400E+02    1.08852E-02    9.89174E-01
    2.06500E+02    1.10624E-02    9.88999E-01
    2.06600E+02    1.06020E-02    9.89454E-01
    2.06700E+02    1.05298E-02    9.89525E-01
    2.06800E+02    1.05019E-02    9.89553E-01
    2.06900E+02    1.04934E-02    9.89561E-01
    2.07000E+02    1.04970E-02    9.89558E-01
    2.07100E+02    1.05105E-02    9.89545E-01
    2.07200E+02    1.05344E-02    9.89521E-01
    2.07300E+02    1.05740E-02    9.89482E-01
    2.07400E+02    1.06568E-02    9.89400E-01
    2.07500E+02    1.09394E-02    9.89120E-01
    2.07600E+02    1.07308E-02    9.89327E-01
    2.07700E+02    1.07747E-02    9.89283E-01
    2.07800E+02    1.08624E-02    9.89196E-01
    2.07900E+02    1.09900E-02    9.89070E-01
    2.08000E+02    1.11741E-02    9.88888E-01
    2.08100E+02    1.14494E-02    9.88616E-01
    2.08200E+02    1.18852E-02    9.88185E-01
    2.08300E+02    1.26524E-02    9.87427E-01
    2.08400E+02    1.42093E-02    9.85891E-01
    2.08500E+02    1.82535E-02    9.81912E-01
    2.08600E+02    3.68175E-02    9.63852E-01
    2.08700E+02    3.10374E-02    9.69439E-01
    2.08800E+02    1.73437E-02    9.82806E-01
    2.08900E+02    1.39429E-02    9.86154E-01
    2.09000E+02    1.25819E-02    9.87497E-01
    2.09100E+02    1.19093E-02    9.88161E-01
    2.09200E+02    1.15263E-02    9.88540E-01
    2.09300E+02    1.13077E-02    9.88756E-01
    2.09400E+02    1.12190E-02    9.88844E-01
    2.09500E+02    1.14723E-02    9.88593E-01
    2.09600E+02    1.11438E-02    9.88918E-01
    2.09700E+02    1.09762E-02    9.89084E-01
    2.09800E+02    1.09353E-02    9.89124E-01
    2.09900E+02    1.09409E-02    9.89119E-01
    2.10000E+02    1.09931E-02    9.89067E-01
    2.10100E+02    1.11286E-02    9.88933E-01
    2.10200E+02    1.19755E-02    9.88096E-01
    2.10300E+02    1.17367E-02    9.88332E-01
    2.10400E+02    1.39763E-02    9.86121E-01
    2.10500E+02    1.26610E-02    9.87419E-01
    2.10600E+02    1.29086E-02    9.87174E-01
    2.10700E+02    1.56212E-02    9.84500E-01
    2.10800E+02    3.54948E-02    9.65128E-01
    2.10900E+02    1.51927E-02    9.84922E-01
    2.11000E+02    1.25276E-02    9.87551E-01
    2.11100E+02    1.16721E-02    9.88396E-01
    2.11200E+02    1.12861E-02    9.88777E-01
    2.11300E+02    1.10580E-02    9.89003E-01
    2.11400E+02    1.09277E-02    9.89132E-01
    2.11500E+02    1.08443E-02    9.89214E-01
    2.11600E+02    1.07879E-02    9.89270E-01
    2.11700E+02    1.07485E-02    9.89309E-01
    2.11800E+02    1.07205E-02    9.89337E-01
    2.11900E+02    1.07007E-02    9.89356E-01
    2.12000E+02    1.06872E-02    9.89370E-01
    2.12100E+02    1.06812E-02    9.89376E-01
    2.12200E+02    1.06725E-02    9.89384E-01
    2.12300E+02    1.06682E-02    9.89389E-01
    2.12400E+02    1.06680E-02    9.89389E-01
    2.12500E+02    1.06723E-02    9.89384E-01
    2.12600E+02    1.06872E-02    9.89370E-01
    2.12700E+02    1.07050E-02    9.89352E-01
    2.12800E+02    1.07253E-02    9.89332E-01
    2.12900E+02    1.07575E-02    9.89300E-01
    2.13000E+02    1.07123E-02    9.89345E-01
    2.13100E+02    1.07121E-02    9.89345E-01
    2.13200E+02    1.07222E-02    9.89335E-01
    2.13300E+02    1.07375E-02    9.89320E-01
    2.13400E+02    1.07537E-02    9.89304E-01
    2.13500E+02    1.07733E-02    9.89285E-01
    2.13600E+02    1.07990E-02    9.89259E-01
    2.13700E+02    1.08290E-02    9.89229E-01
    2.13800E+02    1.08660E-02    9.89193E-01
    2.13900E+02    1.09120E-02    9.89147E-01
    2.14000E+02    1.09703E-02    9.89090E-01
    2.14100E+02    1.10459E-02    9.89015E-01
    2.14200E+02    1.11473E-02    9.88915E-01
    2.14300E+02    1.12888E-02    9.88775E-01
    2.14400E+02    1.14965E-02    9.88569E-01
    2.14500E+02    1.18231E-02    9.88247E-01
    2.14600E+02    1.23888E-02    9.87688E-01
    2.14700E+02    1.35122E-02    9.86579E-01
    2.14800E+02    1.63422E-02    9.83791E-01
    2.14900E+02    2.80450E-02    9.72345E-01
    2.15000E+02    3.16698E-02    9.68826E-01
    2.15100E+02    1.69389E-02    9.83204E-01
    2.15200E+02    1.37517E-02    9.86342E-01
    2.15300E+02    1.25239E-02    9.87554E-01
    2.15400E+02    1.19280E-02    9.88143E-01
    2.15500E+02    1.15936E-02    9.88473E-01
    2.15600E+02    1.13900E-02    9.88675E-01
    2.15700E+02    1.12605E-02    9.88803E-01
    2.15800E+02    1.11750E-02    9.88887E-01
    2.15900E+02    1.11451E-02    9.88917E-01
    2.16000E+02    1.14319E-02    9.88633E-01
    2.16100E+02    1.11798E-02    9.88882E-01
    2.16200E+02    1.10221E-02    9.89038E-01
    2.16300E+02    1.09697E-02    9.89090E-01
    2.16400E+02    1.09562E-02    9.89104E-01
    2.16500E+02    1.09204E-02    9.89139E-01
    2.16600E+02    1.09057E-02    9.89154E-01
    2.16700E+02    1.08975E-02    9.89162E-01
    2.16800E+02    1.08977E-02    9.89161E-01
    2.16900E+02    1.09219E-02    9.89137E-01
    2.17000E+02    1.08894E-02    9.89170E-01
    2.17100E+02    1.08866E-02    9.89172E-01
    2.17200E+02    1.08903E-02    9.89169E-01
    2.17300E+02    1.09015E-02    9.89158E-01
    2.17400E+02    1.09298E-02    9.89130E-01
    2.17500E+02    1.11507E-02    9.88911E-01
    2.17600E+02    1.09482E-02    9.89112E-01
    2.17700E+02    1.09240E-02    9.89135E-01
    2.17800E+02    1.09309E-02    9.89129E-01
    2.17900E+02    1.09601E-02    9.89100E-01
    2.18000E+02    1.10464E-02    9.89014E-01
    2.18100E+02    1.17352E-02    9.88333E-01
    2.18200E+02    1.11505E-02    9.88911E-01
    2.18300E+02    1.09896E-02    9.89071E-01
    2.18400E+02    1.09510E-02    9.89109E-01
    2.18500E+02    1.09393E-02    9.89120E-01
    2.18600E+02    1.09425E-02    9.89117E-01
    2.18700E+02    1.09352E-02    9.89124E-01
    2.18800E+02    1.09356E-02    9.89124E-01
    2.18900E+02    1.09421E-02    9.89118E-01
    2.19000E+02    1.09559E-02    9.89104E-01
    2.19100E+02    1.10084E-02    9.89052E-01
    2.19200E+02    1.10193E-02    9.89041E-01
    2.19300E+02    1.11863E-02    9.88876E-01
    2.19400E+02    1.10370E-02    9.89024E-01
    2.19500E+02    1.09931E-02    9.89067E-01
    2.19600E+02    1.09923E-02    9.89068E-01
    2.19700E+02    1.09966E-02    9.89064E-01
    2.19800E+02    1.10131E-02    9.89047E-01
    2.19900E+02    1.10929E-02    9.88968E-01
    2.20000E+02    1.10945E-02    9.88967E-01
    2.20100E+02    1.10284E-02    9.89032E-01
    2.20200E+02    1.10209E-02    9.89040E-01
    2.20300E+02    1.10240E-02    9.89037E-01
    2.20400E+02    1.10299E-02    9.89031E-01
    2.20500E+02    1.10394E-02    9.89021E-01
    2.20600E+02    1.10600E-02    9.89001E-01
    2.20700E+02    1.11912E-02    9.88871E-01
    2.20800E+02    1.11004E-02    9.88961E-01
    2.20900E+02    1.10698E-02    9.88991E-01
    2.21000E+02    1.10712E-02    9.88990E-01
    2.21100E+02    1.10791E-02    9.88982E-01
    2.21200E+02    1.10981E-02    9.88963E-01
    2.21300E+02    1.12087E-02    9.88854E-01
    2.21400E+02    1.11306E-02    9.88931E-01
    2.21500E+02    1.11092E-02    9.88952E-01
    2.21600E+02    1.11097E-02    9.88952E-01
    2.21700E+02    1.11157E-02    9.88946E-01
    2.21800E+02    1.11219E-02    9.88940E-01
    2.21900E+02    1.11292E-02    9.88933E-01
    2.22000E+02    1.11372E-02    9.88925E-01
    2.22100E+02    1.11468E-02    9.88915E-01
    2.22200E+02    1.11573E-02    9.88905E-01
    2.22300E+02    1.11734E-02    9.88889E-01
    2.22400E+02    1.12337E-02    9.88829E-01
    2.22500E+02    1.12096E-02    9.88853E-01
    2.22600E+02    1.11965E-02    9.88866E-01
    2.22700E+02    1.12022E-02    9.88860E-01
    2.22800E+02    1.12109E-02    9.88852E-01
    2.22900E+02    1.12223E-02    9.88840E-01
    2.23000E+02    1.12517E-02    9.88811E-01
    2.23100E+02    1.12754E-02    9.88788E-01
    2.23200E+02    1.13409E-02    9.88723E-01
    2.23300E+02    1.13734E-02    9.88691E-01
    2.23400E+02    1.13492E-02    9.88715E-01
    2.23500E+02    1.13070E-02    9.88757E-01
    2.23600E+02    1.13119E-02    9.88752E-01
    2.23700E+02    1.13267E-02    9.88737E-01
    2.23800E+02    1.13621E-02    9.88702E-01
    2.23900E+02    1.16865E-02    9.88381E-01
    2.24000E+02    1.13891E-02    9.88676E-01
    2.24100E+02    1.13807E-02    9.88684E-01
    2.24200E+02    1.13898E-02    9.88675E-01
    2.24300E+02    1.14059E-02    9.88659E-01
    2.24400E+02    1.14285E-02    9.88637E-01
    2.24500E+02    1.14582E-02    9.88607E-01
    2.24600E+02    1.15064E-02    9.88560E-01
    2.24700E+02    1.16249E-02    9.88442E-01
    2.24800E+02    1.18882E-02    9.88182E-01
    2.24900E+02    1.18602E-02    9.88210E-01
    2.25000E+02    1.17050E-02    9.88363E-01
    2.25100E+02    1.16549E-02    9.88413E-01
    2.25200E+02    1.16875E-02    9.88381E-01
    2.25300E+02    1.17083E-02    9.88360E-01
    2.25400E+02    1.17767E-02    9.88292E-01
    2.25500E+02    1.18831E-02    9.88187E-01
    2.25600E+02    1.20527E-02    9.88020E-01
    2.25700E+02    1.23540E-02    9.87722E-01
    2.25800E+02    1.30050E-02    9.87079E-01
    2.25900E+02    1.44376E-02    9.85666E-01
    2.26000E+02    2.01455E-02    9.80056E-01
    2.26100E+02    2.11979E-02    9.79025E-01
    2.26200E+02    1.44595E-02    9.85645E-01
    2.26300E+02    1.29932E-02    9.87091E-01
    2.26400E+02    1.24381E-02    9.87639E-01
    2.26500E+02    1.21715E-02    9.87902E-01
    2.26600E+02    1.20276E-02    9.88044E-01
    2.26700E+02    1.19440E-02    9.88127E-01
    2.26800E+02    1.19019E-02    9.88169E-01
    2.26900E+02    1.18843E-02    9.88186E-01
    2.27000E+02    1.18431E-02    9.88227E-01
    2.27100E+02    1.18307E-02    9.88239E-01
    2.27200E+02    1.18267E-02    9.88243E-01
    2.27300E+02    1.18297E-02    9.88240E-01
    2.27400E+02    1.18344E-02    9.88235E-01
    2.27500E+02    1.18450E-02    9.88225E-01
    2.27600E+02    1.18568E-02    9.88213E-01
    2.27700E+02    1.18779E-02    9.88192E-01
    2.27800E+02    1.19019E-02    9.88169E-01
    2.27900E+02    1.19179E-02    9.88153E-01
    2.28000E+02    1.19329E-02    9.88138E-01
    2.28100E+02    1.19519E-02    9.88119E-01
    2.28200E+02    1.19769E-02    9.88095E-01
    2.28300E+02    1.20124E-02    9.88059E-01
    2.28400E+02    1.20381E-02    9.88034E-01
    2.28500E+02    1.20847E-02    9.87988E-01
    2.28600E+02    1.21253E-02    9.87948E-01
    2.28700E+02    1.21735E-02    9.87900E-01
    2.28800E+02    1.22301E-02    9.87844E-01
    2.28900E+02    1.22984E-02    9.87777E-01
    2.29000E+02    1.23884E-02    9.87688E-01
    2.29100E+02    1.25198E-02    9.87558E-01
    2.29200E+02    1.26771E-02    9.87403E-01
    2.29300E+02    1.29793E-02    9.87105E-01
    2.29400E+02    1.36508E-02    9.86442E-01
    2.29500E+02    1.60188E-02    9.84109E-01
    2.29600E+02    2.12718E-02    9.78953E-01
    2.29700E+02    1.45558E-02    9.85550E-01
    2.29800E+02    1.35250E-02    9.86566E-01
    2.29900E+02    1.32277E-02    9.86859E-01
    2.30000E+02    1.31658E-02    9.86920E-01
    2.30100E+02    1.31650E-02    9.86921E-01
    2.30200E+02    1.32300E-02    9.86857E-01
    2.30300E+02    1.33584E-02    9.86730E-01
    2.30400E+02    1.35266E-02    9.86564E-01
    2.30500E+02    1.37538E-02    9.86340E-01
    2.30600E+02    1.40760E-02    9.86023E-01
    2.30700E+02    1.45358E-02    9.85569E-01
    2.30800E+02    1.52326E-02    9.84883E-01
    2.30900E+02    1.63797E-02    9.83754E-01
    2.31000E+02    1.85409E-02    9.81630E-01
    2.31100E+02    2.35200E-02    9.76754E-01
    2.31200E+02    4.03873E-02    9.60417E-01
    2.31300E+02    9.51367E-02    9.09249E-01
    2.31400E+02    3.12870E-02    9.69197E-01
    2.31500E+02    2.14984E-02    9.78731E-01
    2.31600E+02    1.81788E-02    9.81985E-01
    2.31700E+02    1.67092E-02    9.83430E-01
    2.31800E+02    1.59787E-02    9.84148E-01
    2.31900E+02    1.56264E-02    9.84495E-01
    2.32000E+02    1.56600E-02    9.84462E-01
    2.32100E+02    1.53911E-02    9.84727E-01
    2.32200E+02    1.54141E-02    9.84704E-01
    2.32300E+02    1.55266E-02    9.84593E-01
    2.32400E+02    1.57327E-02    9.84390E-01
    2.32500E+02    1.61476E-02    9.83982E-01
    2.32600E+02    1.63205E-02    9.83812E-01
    2.32700E+02    1.67976E-02    9.83343E-01
    2.32800E+02    1.70536E-02    9.83091E-01
    2.32900E+02    1.75120E-02    9.82640E-01
    2.33000E+02    1.82233E-02    9.81942E-01
    2.33100E+02    1.87586E-02    9.81416E-01
    2.33200E+02    1.95862E-02    9.80604E-01
    2.33300E+02    2.06780E-02    9.79534E-01
    2.33400E+02    2.19082E-02    9.78330E-01
    2.33500E+02    2.33501E-02    9.76920E-01
    2.33600E+02    2.53442E-02    9.74974E-01
    2.33700E+02    2.81130E-02    9.72278E-01
    2.33800E+02    3.23464E-02    9.68171E-01
    2.33900E+02    4.10505E-02    9.59781E-01
    2.34000E+02    4.01417E-02    9.60653E-01
    2.34100E+02    3.23039E-02    9.68212E-01
    2.34200E+02    2.84282E-02    9.71972E-01
    2.34300E+02    2.58306E-02    9.74500E-01
    2.34400E+02    2.39368E-02    9.76347E-01
    2.34500E+02    2.25262E-02    9.77726E-01
    2.34600E+02    2.14271E-02    9.78801E-01
    2.34700E+02    2.05720E-02    9.79638E-01
    2.34800E+02    1.99349E-02    9.80263E-01
    2.34900E+02    1.95441E-02    9.80646E-01
    2.35000E+02    1.94030E-02    9.80784E-01
    2.35100E+02    1.96597E-02    9.80532E-01
    2.35200E+02    1.98401E-02    9.80355E-01
    2.35300E+02    2.07981E-02    9.79417E-01
    2.35400E+02    2.29331E-02    9.77328E-01
    2.35500E+02    2.79908E-02    9.72397E-01
    2.35600E+02    4.36231E-02    9.57315E-01
    2.35700E+02    1.65763E-01    8.47247E-01
    2.35800E+02    5.06359E-02    9.50625E-01
    2.35900E+02    3.00453E-02    9.70402E-01
    2.36000E+02    2.30981E-02    9.77167E-01
    2.36100E+02    2.02563E-02    9.79947E-01
    2.36200E+02    1.87687E-02    9.81406E-01
    2.36300E+02    1.80453E-02    9.82117E-01
    2.36400E+02    1.77010E-02    9.82455E-01
    2.36500E+02    1.77222E-02    9.82434E-01
    2.36600E+02    1.83227E-02    9.81844E-01
    2.36700E+02    1.89601E-02    9.81218E-01
    2.36800E+02    2.06959E-02    9.79517E-01
    2.36900E+02    2.44901E-02    9.75807E-01
    2.37000E+02    3.44237E-02    9.66162E-01
    2.37100E+02    8.01704E-02    9.22959E-01
    2.37200E+02    7.22231E-02    9.30323E-01
    2.37300E+02    3.30592E-02    9.67481E-01
    2.37400E+02    2.36286E-02    9.76648E-01
    2.37500E+02    1.99624E-02    9.80236E-01
    2.37600E+02    1.83823E-02    9.81786E-01
    2.37700E+02    1.70948E-02    9.83051E-01
    2.37800E+02    1.64787E-02    9.83656E-01
    2.37900E+02    1.61262E-02    9.84003E-01
    2.38000E+02    1.59553E-02    9.84171E-01
    2.38100E+02    1.59461E-02    9.84180E-01
    2.38200E+02    1.61349E-02    9.83995E-01
    2.38300E+02    1.67131E-02    9.83426E-01
    2.38400E+02    1.93902E-02    9.80797E-01
    2.38500E+02    1.83851E-02    9.81783E-01
    2.38600E+02    1.81546E-02    9.82009E-01
    2.38700E+02    1.95062E-02    9.80683E-01
    2.38800E+02    2.18333E-02    9.78403E-01
    2.38900E+02    2.77563E-02    9.72625E-01
    2.39000E+02    4.72324E-02    9.53866E-01
    2.39100E+02    1.77965E-01    8.36972E-01
    2.39200E+02    4.29964E-02    9.57915E-01
    2.39300E+02    2.75921E-02    9.72785E-01
    2.39400E+02    2.25090E-02    9.77742E-01
    2.39500E+02    2.03850E-02    9.79821E-01
    2.39600E+02    1.98056E-02    9.80389E-01
    2.39700E+02    1.84428E-02    9.81726E-01
    2.39800E+02    1.83397E-02    9.81827E-01
    2.39900E+02    1.85859E-02    9.81586E-01
    2.40000E+02    1.80985E-02    9.82064E-01
    2.40100E+02    1.74295E-02    9.82721E-01
    2.40200E+02    1.71820E-02    9.82965E-01
    2.40300E+02    1.70158E-02    9.83128E-01
    2.40400E+02    1.64603E-02    9.83674E-01
    2.40500E+02    1.62048E-02    9.83926E-01
    2.40600E+02    1.56973E-02    9.84425E-01
    2.40700E+02    1.55913E-02    9.84530E-01
    2.40800E+02    1.53857E-02    9.84732E-01
    2.40900E+02    1.59698E-02    9.84157E-01
    2.41000E+02    1.52223E-02    9.84893E-01
    2.41100E+02    1.53877E-02    9.84730E-01
    2.41200E+02    1.79510E-02    9.82209E-01
    2.41300E+02    1.65915E-02    9.83545E-01
    2.41400E+02    1.54986E-02    9.84621E-01
    2.41500E+02    1.55974E-02    9.84524E-01
    2.41600E+02    1.57208E-02    9.84402E-01
    2.41700E+02    1.61499E-02    9.83980E-01
    2.41800E+02    1.68799E-02    9.83262E-01
    2.41900E+02    1.81100E-02    9.82053E-01
    2.42000E+02    2.03802E-02    9.79826E-01
    2.42100E+02    2.52448E-02    9.75071E-01
    2.42200E+02    3.91409E-02    9.61615E-01
    2.42300E+02    1.27237E-01    8.80525E-01
    2.42400E+02    5.24711E-02    9.48882E-01
    2.42500E+02    2.90179E-02    9.71399E-01
    2.42600E+02    2.23911E-02    9.77858E-01
    2.42700E+02    1.97405E-02    9.80453E-01
    2.42800E+02    1.86065E-02    9.81566E-01
    2.42900E+02    1.83386E-02    9.81829E-01
    2.43000E+02    1.89314E-02    9.81247E-01
    2.43100E+02    2.01357E-02    9.80066E-01
    2.43200E+02    2.31836E-02    9.77083E-01
    2.43300E+02    3.16884E-02    9.68808E-01
    2.43400E+02    6.81440E-02    9.34126E-01
    2.43500E+02    7.35883E-02    9.29054E-01
    2.43600E+02    3.23343E-02    9.68183E-01
    2.43700E+02    2.31789E-02    9.77088E-01
    2.43800E+02    1.98171E-02    9.80378E-01
    2.43900E+02    1.85670E-02    9.81604E-01
    2.44000E+02    1.89896E-02    9.81190E-01
    2.44100E+02    2.40573E-02    9.76230E-01
    2.44200E+02    2.62093E-02    9.74131E-01
    2.44300E+02    1.80208E-02    9.82141E-01
    2.44400E+02    1.62968E-02    9.83835E-01
    2.44500E+02    1.51838E-02    9.84931E-01
    2.44600E+02    1.47211E-02    9.85387E-01
    2.44700E+02    1.43946E-02    9.85709E-01
    2.44800E+02    1.42804E-02    9.85821E-01
    2.44900E+02    1.41396E-02    9.85960E-01
    2.45000E+02    1.40362E-02    9.86062E-01
    2.45100E+02    1.39181E-02    9.86178E-01
    2.45200E+02    1.38364E-02    9.86259E-01
    2.45300E+02    1.37829E-02    9.86312E-01
    2.45400E+02    1.37453E-02    9.86349E-01
    2.45500E+02    1.37225E-02    9.86371E-01
    2.45600E+02    1.37193E-02    9.86374E-01
    2.45700E+02    1.37499E-02    9.86344E-01
    2.45800E+02    1.41137E-02    9.85985E-01
    2.45900E+02    1.37317E-02    9.86362E-01
    2.46000E+02    1.37152E-02    9.86378E-01
    2.46100E+02    1.37358E-02    9.86358E-01
    2.46200E+02    1.37870E-02    9.86308E-01
    2.46300E+02    1.39099E-02    9.86186E-01
    2.46400E+02    1.40935E-02    9.86005E-01
    2.46500E+02    1.58850E-02    9.84241E-01
    2.46600E+02    1.43747E-02    9.85728E-01
    2.46700E+02    1.41371E-02    9.85962E-01
    2.46800E+02    1.41583E-02    9.85941E-01
    2.46900E+02    1.42545E-02    9.85847E-01
    2.47000E+02    1.44036E-02    9.85700E-01
    2.47100E+02    1.46386E-02    9.85468E-01
    2.47200E+02    1.48684E-02    9.85242E-01
    2.47300E+02    1.52607E-02    9.84855E-01
    2.47400E+02    1.58261E-02    9.84298E-01
    2.47500E+02    1.68132E-02    9.83327E-01
    2.47600E+02    1.88603E-02    9.81316E-01
    2.47700E+02    2.56350E-02    9.74691E-01
    2.47800E+02    3.14326E-02    9.69056E-01
    2.47900E+02    2.45912E-02    9.75709E-01
    2.48000E+02    2.90049E-02    9.71412E-01
    2.48100E+02    5.01327E-02    9.51103E-01
    2.48200E+02    1.31016E-01    8.77203E-01
    2.48300E+02    3.88653E-02    9.61880E-01
    2.48400E+02    2.52082E-02    9.75107E-01
    2.48500E+02    2.05946E-02    9.79616E-01
    2.48600E+02    1.85399E-02    9.81631E-01
    2.48700E+02    1.76109E-02    9.82543E-01
    2.48800E+02    1.69897E-02    9.83154E-01
    2.48900E+02    1.67506E-02    9.83389E-01
    2.49000E+02    1.67814E-02    9.83359E-01
    2.49100E+02    1.70211E-02    9.83123E-01
    2.49200E+02    1.75126E-02    9.82640E-01
    2.49300E+02    1.84018E-02    9.81766E-01
    2.49400E+02    1.99566E-02    9.80241E-01
    2.49500E+02    2.28367E-02    9.77422E-01
    2.49600E+02    2.90229E-02    9.71394E-01
    2.49700E+02    4.73822E-02    9.53723E-01
    2.49800E+02    1.28716E-01    8.79224E-01
    2.49900E+02    8.01310E-02    9.22995E-01
    2.50000E+02    9.18574E-02    9.12235E-01
    2.50100E+02    3.84209E-02    9.62308E-01
    2.50200E+02    2.68933E-02    9.73465E-01
    2.50300E+02    2.23248E-02    9.77923E-01
    2.50400E+02    1.91673E-02    9.81015E-01
    2.50500E+02    1.76653E-02    9.82490E-01
    2.50600E+02    1.66587E-02    9.83479E-01
    2.50700E+02    1.61415E-02    9.83988E-01
    2.50800E+02    1.55491E-02    9.84571E-01
    2.50900E+02    1.51377E-02    9.84976E-01
    2.51000E+02    1.48577E-02    9.85252E-01
    2.51100E+02    1.46511E-02    9.85456E-01
    2.51200E+02    1.46044E-02    9.85502E-01
    2.51300E+02    1.43441E-02    9.85758E-01
    2.51400E+02    1.42193E-02    9.85881E-01
    2.51500E+02    1.41231E-02    9.85976E-01
    2.51600E+02    1.40449E-02    9.86053E-01
    2.51700E+02    1.39816E-02    9.86116E-01
    2.51800E+02    1.39292E-02    9.86167E-01
    2.51900E+02    1.38890E-02    9.86207E-01
    2.52000E+02    1.38697E-02    9.86226E-01
    2.52100E+02    1.40421E-02    9.86056E-01
    2.52200E+02    1.38312E-02    9.86264E-01
    2.52300E+02    1.38670E-02    9.86229E-01
    2.52400E+02    1.38656E-02    9.86230E-01
    2.52500E+02    1.40600E-02    9.86038E-01
    2.52600E+02    1.40305E-02    9.86067E-01
    2.52700E+02    1.45346E-02    9.85571E-01
    2.52800E+02    1.42666E-02    9.85835E-01
    2.52900E+02    1.38258E-02    9.86269E-01
    2.53000E+02    1.37413E-02    9.86353E-01
    2.53100E+02    1.37050E-02    9.86388E-01
    2.53200E+02    1.36920E-02    9.86401E-01
    2.53300E+02    1.37456E-02    9.86348E-01
    2.53400E+02    1.40293E-02    9.86069E-01
    2.53500E+02    1.36904E-02    9.86403E-01
    2.53600E+02    1.36936E-02    9.86400E-01
    2.53700E+02    1.40385E-02    9.86060E-01
    2.53800E+02    1.38896E-02    9.86206E-01
    2.53900E+02    1.37488E-02    9.86345E-01
    2.54000E+02    1.37057E-02    9.86388E-01
    2.54100E+02    1.37528E-02    9.86341E-01
    2.54200E+02    1.39870E-02    9.86110E-01
    2.54300E+02    1.54705E-02    9.84649E-01
    2.54400E+02    1.39290E-02    9.86168E-01
    2.54500E+02    1.37455E-02    9.86349E-01
    2.54600E+02    1.37126E-02    9.86381E-01
    2.54700E+02    1.38407E-02    9.86255E-01
    2.54800E+02    1.37492E-02    9.86345E-01
    2.54900E+02    1.42783E-02    9.85823E-01
    2.55000E+02    1.37439E-02    9.86350E-01
    2.55100E+02    1.37103E-02    9.86383E-01
    2.55200E+02    1.37251E-02    9.86369E-01
    2.55300E+02    1.37117E-02    9.86382E-01
    2.55400E+02    1.37125E-02    9.86381E-01
    2.55500E+02    1.37207E-02    9.86373E-01
    2.55600E+02    1.37338E-02    9.86360E-01
    2.55700E+02    1.37512E-02    9.86343E-01
    2.55800E+02    1.37902E-02    9.86304E-01
    2.55900E+02    1.37974E-02    9.86297E-01
    2.56000E+02    1.38439E-02    9.86251E-01
    2.56100E+02    1.38785E-02    9.86217E-01
    2.56200E+02    1.38505E-02    9.86245E-01
    2.56300E+02    1.38751E-02    9.86221E-01
    2.56400E+02    1.39361E-02    9.86161E-01
    2.56500E+02    1.39923E-02    9.86105E-01
    2.56600E+02    1.40306E-02    9.86067E-01
    2.56700E+02    1.41703E-02    9.85930E-01
    2.56800E+02    1.41606E-02    9.85939E-01
    2.56900E+02    1.46063E-02    9.85500E-01
    2.57000E+02    1.41941E-02    9.85906E-01
    2.57100E+02    1.41966E-02    9.85904E-01
    2.57200E+02    1.42560E-02    9.85845E-01
    2.57300E+02    1.43361E-02    9.85766E-01
    2.57400E+02    1.44664E-02    9.85638E-01
    2.57500E+02    1.45994E-02    9.85507E-01
    2.57600E+02    1.47937E-02    9.85315E-01
    2.57700E+02    1.50071E-02    9.85105E-01
    2.57800E+02    1.53744E-02    9.84743E-01
    2.57900E+02    1.57992E-02    9.84325E-01
    2.58000E+02    1.67871E-02    9.83353E-01
    2.58100E+02    1.92300E-02    9.80954E-01
    2.58200E+02    4.03941E-02    9.60411E-01
    2.58300E+02    2.13401E-02    9.78886E-01
    2.58400E+02    2.08684E-02    9.79348E-01
    2.58500E+02    2.42760E-02    9.76016E-01
    2.58600E+02    3.58153E-02    9.64819E-01
    2.58700E+02    1.13557E-01    8.92654E-01
    2.58800E+02    4.48589E-02    9.56132E-01
    2.58900E+02    2.61002E-02    9.74237E-01
    2.59000E+02    2.05302E-02    9.79679E-01
    2.59100E+02    1.81199E-02    9.82043E-01
    2.59200E+02    1.68861E-02    9.83256E-01
    2.59300E+02    1.61230E-02    9.84006E-01
    2.59400E+02    1.56636E-02    9.84458E-01
    2.59500E+02    1.55033E-02    9.84616E-01
    2.59600E+02    1.50766E-02    9.85037E-01
    2.59700E+02    1.48844E-02    9.85226E-01
    2.59800E+02    1.47511E-02    9.85357E-01
    2.59900E+02    1.46641E-02    9.85443E-01
    2.60000E+02    1.46603E-02    9.85447E-01
    2.60100E+02    1.45692E-02    9.85536E-01
    2.60200E+02    1.44724E-02    9.85632E-01
    2.60300E+02    1.44300E-02    9.85674E-01
    2.60400E+02    1.44134E-02    9.85690E-01
    2.60500E+02    1.44298E-02    9.85674E-01
    2.60600E+02    1.44525E-02    9.85651E-01
    2.60700E+02    1.45068E-02    9.85598E-01
    2.60800E+02    1.52042E-02    9.84911E-01
    2.60900E+02    1.45662E-02    9.85539E-01
    2.61000E+02    1.44265E-02    9.85677E-01
    2.61100E+02    1.44616E-02    9.85642E-01
    2.61200E+02    1.44182E-02    9.85685E-01
    2.61300E+02    1.44333E-02    9.85670E-01
    2.61400E+02    1.44554E-02    9.85649E-01
    2.61500E+02    1.44806E-02    9.85624E-01
    2.61600E+02    1.45226E-02    9.85582E-01
    2.61700E+02    1.45928E-02    9.85513E-01
    2.61800E+02    1.46566E-02    9.85450E-01
    2.61900E+02    1.47081E-02    9.85400E-01
    2.62000E+02    1.48086E-02    9.85301E-01
    2.62100E+02    1.49072E-02    9.85203E-01
    2.62200E+02    1.50354E-02    9.85077E-01
    2.62300E+02    1.52334E-02    9.84882E-01
    2.62400E+02    1.55406E-02    9.84580E-01
    2.62500E+02    1.60685E-02    9.84060E-01
    2.62600E+02    1.67852E-02    9.83355E-01
    2.62700E+02    1.86796E-02    9.81494E-01
    2.62800E+02    2.62095E-02    9.74131E-01
    2.62900E+02    2.98630E-02    9.70578E-01
    2.63000E+02    2.00942E-02    9.80106E-01
    2.63100E+02    1.87365E-02    9.81438E-01
    2.63200E+02    2.04544E-02    9.79753E-01
    2.63300E+02    1.96319E-02    9.80560E-01
    2.63400E+02    2.16609E-02    9.78572E-01
    2.63500E+02    2.70103E-02    9.73351E-01
    2.63600E+02    4.50259E-02    9.55973E-01
    2.63700E+02    1.64744E-01    8.48111E-01
    2.63800E+02    4.18432E-02    9.59020E-01
    2.63900E+02    3.26029E-02    9.67923E-01
    2.64000E+02    2.20105E-02    9.78230E-01
    2.64100E+02    1.91551E-02    9.81027E-01
    2.64200E+02    1.78098E-02    9.82348E-01
    2.64300E+02    1.70830E-02    9.83062E-01
    2.64400E+02    1.66678E-02    9.83470E-01
    2.64500E+02    1.65253E-02    9.83610E-01
    2.64600E+02    1.66469E-02    9.83491E-01
    2.64700E+02    1.71566E-02    9.82990E-01
    2.64800E+02    1.88956E-02    9.81282E-01
    2.64900E+02    2.96974E-02    9.70739E-01
    2.65000E+02    2.15457E-02    9.78685E-01
    2.65100E+02    1.74295E-02    9.82721E-01
    2.65200E+02    1.62673E-02    9.83864E-01
    2.65300E+02    1.57546E-02    9.84369E-01
    2.65400E+02    1.54851E-02    9.84634E-01
    2.65500E+02    1.53356E-02    9.84781E-01
    2.65600E+02    1.52669E-02    9.84849E-01
    2.65700E+02    1.52002E-02    9.84915E-01
    2.65800E+02    1.51786E-02    9.84936E-01
    2.65900E+02    1.51776E-02    9.84937E-01
    2.66000E+02    1.51932E-02    9.84922E-01
    2.66100E+02    1.52553E-02    9.84860E-01
    2.66200E+02    1.53723E-02    9.84745E-01
    2.66300E+02    1.53970E-02    9.84721E-01
    2.66400E+02    1.55201E-02    9.84600E-01
    2.66500E+02    1.57064E-02    9.84416E-01
    2.66600E+02    1.59806E-02    9.84146E-01
    2.66700E+02    1.63944E-02    9.83739E-01
    2.66800E+02    1.70490E-02    9.83096E-01
    2.66900E+02    1.82053E-02    9.81959E-01
    2.67000E+02    2.03792E-02    9.79827E-01
    2.67100E+02    2.57019E-02    9.74626E-01
    2.67200E+02    4.57752E-02    9.55257E-01
    2.67300E+02    6.84936E-02    9.33799E-01
    2.67400E+02    2.93120E-02    9.71113E-01
    2.67500E+02    2.16066E-02    9.78625E-01
    2.67600E+02    1.87479E-02    9.81427E-01
    2.67700E+02    1.73652E-02    9.82785E-01
    2.67800E+02    1.65929E-02    9.83544E-01
    2.67900E+02    1.61209E-02    9.84008E-01
    2.68000E+02    1.58171E-02    9.84307E-01
    2.68100E+02    1.56394E-02    9.84482E-01
    2.68200E+02    1.58225E-02    9.84302E-01
    2.68300E+02    1.53889E-02    9.84729E-01
    2.68400E+02    1.52994E-02    9.84817E-01
    2.68500E+02    1.53262E-02    9.84791E-01
    2.68600E+02    1.56999E-02    9.84423E-01
    2.68700E+02    1.59989E-02    9.84128E-01
    2.68800E+02    1.51937E-02    9.84921E-01
    2.68900E+02    1.50514E-02    9.85061E-01
    2.69000E+02    1.49856E-02    9.85126E-01
    2.69100E+02    1.49536E-02    9.85158E-01
    2.69200E+02    1.49304E-02    9.85181E-01
    2.69300E+02    1.49150E-02    9.85196E-01
    2.69400E+02    1.49065E-02    9.85204E-01
    2.69500E+02    1.49177E-02    9.85193E-01
    2.69600E+02    1.49084E-02    9.85202E-01
    2.69700E+02    1.49042E-02    9.85206E-01
    2.69800E+02    1.49099E-02    9.85201E-01
    2.69900E+02    1.49191E-02    9.85192E-01
    2.70000E+02    1.49336E-02    9.85177E-01
    2.70100E+02    1.49716E-02    9.85140E-01
    2.70200E+02    1.49591E-02    9.85152E-01
    2.70300E+02    1.49834E-02    9.85128E-01
    2.70400E+02    1.50396E-02    9.85073E-01
    2.70500E+02    1.51107E-02    9.85003E-01
    2.70600E+02    1.50824E-02    9.85031E-01
    2.70700E+02    1.52047E-02    9.84910E-01
    2.70800E+02    1.52523E-02    9.84863E-01
    2.70900E+02    1.54368E-02    9.84682E-01
    2.71000E+02    1.56236E-02    9.84498E-01
    2.71100E+02    1.79678E-02    9.82193E-01
    2.71200E+02    1.55760E-02    9.84545E-01
    2.71300E+02    1.55142E-02    9.84605E-01
    2.71400E+02    1.53474E-02    9.84770E-01
    2.71500E+02    1.53563E-02    9.84761E-01
    2.71600E+02    1.54055E-02    9.84713E-01
    2.71700E+02    1.54930E-02    9.84626E-01
    2.71800E+02    1.56644E-02    9.84458E-01
    2.71900E+02    1.64298E-02    9.83704E-01
    2.72000E+02    1.60361E-02    9.84092E-01
    2.72100E+02    1.59686E-02    9.84158E-01
    2.72200E+02    1.61152E-02    9.84014E-01
    2.72300E+02    1.63612E-02    9.83772E-01
    2.72400E+02    1.67242E-02    9.83415E-01
    2.72500E+02    1.72668E-02    9.82881E-01
    2.72600E+02    1.81286E-02    9.82035E-01
    2.72700E+02    1.96460E-02    9.80546E-01
    2.72800E+02    2.26203E-02    9.77634E-01
    2.72900E+02    3.02030E-02    9.70249E-01
    2.73000E+02    6.32459E-02    9.38713E-01
    2.73100E+02    6.47788E-02    9.37275E-01
    2.73200E+02    3.05857E-02    9.69877E-01
    2.73300E+02    2.29739E-02    9.77288E-01
    2.73400E+02    1.99696E-02    9.80228E-01
    2.73500E+02    1.85665E-02    9.81605E-01
    2.73600E+02    1.78310E-02    9.82327E-01
    2.73700E+02    1.74416E-02    9.82710E-01
    2.73800E+02    1.73191E-02    9.82830E-01
    2.73900E+02    1.74900E-02    9.82662E-01
    2.74000E+02    1.76913E-02    9.82464E-01
    2.74100E+02    1.82086E-02    9.81956E-01
    2.74200E+02    1.94917E-02    9.80697E-01
    2.74300E+02    2.26782E-02    9.77577E-01
    2.74400E+02    3.40443E-02    9.66529E-01
    2.74500E+02    6.39033E-02    9.38096E-01
    2.74600E+02    2.69196E-02    9.73440E-01
    2.74700E+02    2.06950E-02    9.79518E-01
    2.74800E+02    1.84755E-02    9.81694E-01
    2.74900E+02    1.74431E-02    9.82708E-01
    2.75000E+02    1.69180E-02    9.83224E-01
    2.75100E+02    1.65376E-02    9.83598E-01
    2.75200E+02    1.63909E-02    9.83743E-01
    2.75300E+02    1.61172E-02    9.84012E-01
    2.75400E+02    1.59870E-02    9.84140E-01
    2.75500E+02    1.58871E-02    9.84238E-01
    2.75600E+02    1.58217E-02    9.84303E-01
    2.75700E+02    1.57903E-02    9.84334E-01
    2.75800E+02    1.57758E-02    9.84348E-01
    2.75900E+02    1.57916E-02    9.84332E-01
    2.76000E+02    1.57759E-02    9.84348E-01
    2.76100E+02    1.58154E-02    9.84309E-01
    2.76200E+02    1.58759E-02    9.84249E-01
    2.76300E+02    1.59797E-02    9.84147E-01
    2.76400E+02    1.61332E-02    9.83996E-01
    2.76500E+02    1.63919E-02    9.83742E-01
    2.76600E+02    1.68672E-02    9.83274E-01
    2.76700E+02    1.78823E-02    9.82277E-01
    2.76800E+02    2.07513E-02    9.79463E-01
    2.76900E+02    3.78729E-02    9.62835E-01
    2.77000E+02    2.46681E-02    9.75634E-01
    2.77100E+02    1.89755E-02    9.81203E-01
    2.77200E+02    1.73009E-02    9.82848E-01
    2.77300E+02    1.66215E-02    9.83516E-01
    2.77400E+02    1.63183E-02    9.83814E-01
    2.77500E+02    1.61527E-02    9.83977E-01
    2.77600E+02    1.59987E-02    9.84129E-01
    2.77700E+02    1.59102E-02    9.84216E-01
    2.77800E+02    1.58944E-02    9.84231E-01
    2.77900E+02    1.60169E-02    9.84111E-01
    2.78000E+02    1.59163E-02    9.84210E-01
    2.78100E+02    1.59230E-02    9.84203E-01
    2.78200E+02    1.58652E-02    9.84260E-01
    2.78300E+02    1.59238E-02    9.84202E-01
    2.78400E+02    1.61659E-02    9.83964E-01
    2.78500E+02    1.71744E-02    9.82972E-01
    2.78600E+02    1.63093E-02    9.83823E-01
    2.78700E+02    1.60967E-02    9.84032E-01
    2.78800E+02    1.61124E-02    9.84017E-01
    2.78900E+02    1.62177E-02    9.83913E-01
    2.79000E+02    1.64125E-02    9.83721E-01
    2.79100E+02    1.67604E-02    9.83379E-01
    2.79200E+02    1.74819E-02    9.82670E-01
    2.79300E+02    1.94693E-02    9.80719E-01
    2.79400E+02    2.32371E-02    9.77031E-01
    2.79500E+02    4.10184E-02    9.59811E-01
    2.79600E+02    2.14260E-02    9.78802E-01
    2.79700E+02    1.89102E-02    9.81268E-01
    2.79800E+02    1.92994E-02    9.80886E-01
    2.79900E+02    2.89611E-02    9.71454E-01
    2.80000E+02    1.83018E-02    9.81865E-01
    2.80100E+02    1.69709E-02    9.83172E-01
    2.80200E+02    1.65198E-02    9.83616E-01
    2.80300E+02    1.63040E-02    9.83828E-01
    2.80400E+02    1.61861E-02    9.83944E-01
    2.80500E+02    1.61209E-02    9.84008E-01
    2.80600E+02    1.60929E-02    9.84036E-01
    2.80700E+02    1.61044E-02    9.84025E-01
    2.80800E+02    1.61948E-02    9.83936E-01
    2.80900E+02    1.66913E-02    9.83447E-01
    2.81000E+02    1.91402E-02    9.81042E-01
    2.81100E+02    1.64599E-02    9.83675E-01
    2.81200E+02    1.63761E-02    9.83757E-01
    2.81300E+02    1.61789E-02    9.83951E-01
    2.81400E+02    1.62759E-02    9.83856E-01
    2.81500E+02    1.69276E-02    9.83215E-01
    2.81600E+02    1.64177E-02    9.83716E-01
    2.81700E+02    1.61947E-02    9.83936E-01
    2.81800E+02    1.61960E-02    9.83934E-01
    2.81900E+02    1.63473E-02    9.83786E-01
    2.82000E+02    1.65841E-02    9.83553E-01
    2.82100E+02    1.63857E-02    9.83748E-01
    2.82200E+02    1.64225E-02    9.83712E-01
    2.82300E+02    1.65571E-02    9.83579E-01
    2.82400E+02    1.66212E-02    9.83516E-01
    2.82500E+02    1.69054E-02    9.83237E-01
    2.82600E+02    1.75211E-02    9.82632E-01
    2.82700E+02    1.91887E-02    9.80994E-01
    2.82800E+02    2.77406E-02    9.72641E-01
    2.82900E+02    2.35671E-02    9.76708E-01
    2.83000E+02    1.86210E-02    9.81551E-01
    2.83100E+02    1.74208E-02    9.82730E-01
    2.83200E+02    1.69550E-02    9.83188E-01
    2.83300E+02    1.67127E-02    9.83426E-01
    2.83400E+02    1.66243E-02    9.83513E-01
    2.83500E+02    1.65338E-02    9.83602E-01
    2.83600E+02    1.64948E-02    9.83640E-01
    2.83700E+02    1.64846E-02    9.83651E-01
    2.83800E+02    1.64923E-02    9.83643E-01
    2.83900E+02    1.65152E-02    9.83620E-01
    2.84000E+02    1.65695E-02    9.83567E-01
    2.84100E+02    1.65943E-02    9.83543E-01
    2.84200E+02    1.66468E-02    9.83491E-01
    2.84300E+02    1.67496E-02    9.83390E-01
    2.84400E+02    1.72830E-02    9.82866E-01
    2.84500E+02    1.69063E-02    9.83236E-01
    2.84600E+02    1.70893E-02    9.83056E-01
    2.84700E+02    1.70746E-02    9.83070E-01
    2.84800E+02    1.72345E-02    9.82913E-01
    2.84900E+02    1.73816E-02    9.82769E-01
    2.85000E+02    1.75402E-02    9.82613E-01
    2.85100E+02    1.77812E-02    9.82376E-01
    2.85200E+02    1.80971E-02    9.82066E-01
    2.85300E+02    1.85141E-02    9.81656E-01
    2.85400E+02    1.90819E-02    9.81099E-01
    2.85500E+02    1.98895E-02    9.80307E-01
    2.85600E+02    2.11533E-02    9.79069E-01
    2.85700E+02    2.29676E-02    9.77294E-01
    2.85800E+02    2.63504E-02    9.73994E-01
    2.85900E+02    3.35183E-02    9.67037E-01
    2.86000E+02    5.43971E-02    9.47056E-01
    2.86100E+02    1.47636E-01    8.62745E-01
    2.86200E+02    1.01663E-01    9.03334E-01
    2.86300E+02    9.73338E-02    9.07253E-01
    2.86400E+02    3.84657E-02    9.62265E-01
    2.86500E+02    2.81447E-02    9.72248E-01
    2.86600E+02    2.39332E-02    9.76351E-01
    2.86700E+02    2.17451E-02    9.78490E-01
    2.86800E+02    2.04563E-02    9.79751E-01
    2.86900E+02    1.96544E-02    9.80538E-01
    2.87000E+02    1.91826E-02    9.81000E-01
    2.87100E+02    1.86824E-02    9.81491E-01
    2.87200E+02    1.83922E-02    9.81776E-01
    2.87300E+02    1.81939E-02    9.81971E-01
    2.87400E+02    1.80607E-02    9.82101E-01
    2.87500E+02    1.79815E-02    9.82179E-01
    2.87600E+02    1.79429E-02    9.82217E-01
    2.87700E+02    1.79457E-02    9.82214E-01
    2.87800E+02    1.79921E-02    9.82169E-01
    2.87900E+02    1.80860E-02    9.82077E-01
    2.88000E+02    1.82379E-02    9.81927E-01
    2.88100E+02    1.84675E-02    9.81702E-01
    2.88200E+02    1.88094E-02    9.81366E-01
    2.88300E+02    1.93928E-02    9.80794E-01
    2.88400E+02    2.00505E-02    9.80149E-01
    2.88500E+02    2.11986E-02    9.79024E-01
    2.88600E+02    2.32518E-02    9.77016E-01
    2.88700E+02    2.73451E-02    9.73025E-01
    2.88800E+02    3.74979E-02    9.63196E-01
    2.88900E+02    7.79376E-02    9.25022E-01
    2.89000E+02    1.02467E-01    9.02608E-01
    2.89100E+02    4.13533E-02    9.59490E-01
    2.89200E+02    2.86473E-02    9.71759E-01
    2.89300E+02    2.38219E-02    9.76460E-01
    2.89400E+02    2.14782E-02    9.78751E-01
    2.89500E+02    2.01583E-02    9.80044E-01
    2.89600E+02    1.93461E-02    9.80840E-01
    2.89700E+02    1.88228E-02    9.81353E-01
    2.89800E+02    1.85419E-02    9.81629E-01
    2.89900E+02    1.83402E-02    9.81827E-01
    2.90000E+02    1.81657E-02    9.81998E-01
    2.90100E+02    1.78516E-02    9.82307E-01
    2.90200E+02    1.77190E-02    9.82437E-01
    2.90300E+02    1.76417E-02    9.82513E-01
    2.90400E+02    1.76070E-02    9.82547E-01
    2.90500E+02    1.76421E-02    9.82513E-01
    2.90600E+02    1.76841E-02    9.82471E-01
    2.90700E+02    1.78407E-02    9.82318E-01
    2.90800E+02    1.82945E-02    9.81872E-01
    2.90900E+02    2.00929E-02    9.80108E-01
    2.91000E+02    2.43918E-02    9.75903E-01
    2.91100E+02    1.89375E-02    9.81241E-01
    2.91200E+02    1.81070E-02    9.82056E-01
    2.91300E+02    1.79878E-02    9.82173E-01
    2.91400E+02    1.78375E-02    9.82321E-01
    2.91500E+02    1.76819E-02    9.82474E-01
    2.91600E+02    1.77968E-02    9.82361E-01
    2.91700E+02    2.01938E-02    9.80009E-01
    2.91800E+02    1.77744E-02    9.82383E-01
    2.91900E+02    1.76520E-02    9.82503E-01
    2.92000E+02    1.76627E-02    9.82492E-01
    2.92100E+02    1.77245E-02    9.82432E-01
    2.92200E+02    1.78266E-02    9.82331E-01
    2.92300E+02    1.79740E-02    9.82187E-01
    2.92400E+02    1.81964E-02    9.81968E-01
    2.92500E+02    1.87018E-02    9.81472E-01
    2.92600E+02    1.90035E-02    9.81176E-01
    2.92700E+02    1.94707E-02    9.80718E-01
    2.92800E+02    2.04872E-02    9.79721E-01
    2.92900E+02    2.24623E-02    9.77788E-01
    2.93000E+02    2.71242E-02    9.73240E-01
    2.93100E+02    4.38694E-02    9.57079E-01
    2.93200E+02    7.13311E-02    9.31154E-01
    2.93300E+02    3.23862E-02    9.68133E-01
    2.93400E+02    2.65050E-02    9.73843E-01
    2.93500E+02    3.01818E-02    9.70269E-01
    2.93600E+02    2.84214E-02    9.71979E-01
    2.93700E+02    2.17951E-02    9.78441E-01
    2.93800E+02    1.99895E-02    9.80209E-01
    2.93900E+02    1.91455E-02    9.81037E-01
    2.94000E+02    1.86821E-02    9.81491E-01
    2.94100E+02    1.83957E-02    9.81772E-01
    2.94200E+02    1.82130E-02    9.81952E-01
    2.94300E+02    1.80835E-02    9.82079E-01
    2.94400E+02    1.79986E-02    9.82162E-01
    2.94500E+02    1.79489E-02    9.82211E-01
    2.94600E+02    1.79966E-02    9.82164E-01
    2.94700E+02    1.78696E-02    9.82289E-01
    2.94800E+02    1.78642E-02    9.82294E-01
    2.94900E+02    1.78533E-02    9.82305E-01
    2.95000E+02    1.78554E-02    9.82303E-01
    2.95100E+02    1.78603E-02    9.82298E-01
    2.95200E+02    1.79025E-02    9.82257E-01
    2.95300E+02    1.80790E-02    9.82083E-01
    2.95400E+02    1.81050E-02    9.82058E-01
    2.95500E+02    1.80809E-02    9.82082E-01
    2.95600E+02    1.80027E-02    9.82158E-01
    2.95700E+02    1.80379E-02    9.82124E-01
    2.95800E+02    1.81837E-02    9.81981E-01
    2.95900E+02    1.81535E-02    9.82010E-01
    2.96000E+02    1.82775E-02    9.81889E-01
    2.96100E+02    1.85244E-02    9.81646E-01
    2.96200E+02    1.83599E-02    9.81808E-01
    2.96300E+02    1.84383E-02    9.81731E-01
    2.96400E+02    1.88364E-02    9.81340E-01
    2.96500E+02    1.86321E-02    9.81540E-01
    2.96600E+02    1.87286E-02    9.81446E-01
    2.96700E+02    1.88676E-02    9.81309E-01
    2.96800E+02    1.90764E-02    9.81104E-01
    2.96900E+02    1.92460E-02    9.80938E-01
    2.97000E+02    1.95536E-02    9.80636E-01
    2.97100E+02    2.03204E-02    9.79885E-01
    2.97200E+02    2.18188E-02    9.78418E-01
    2.97300E+02    2.04220E-02    9.79785E-01
    2.97400E+02    2.06668E-02    9.79545E-01
    2.97500E+02    2.07392E-02    9.79474E-01
    2.97600E+02    2.10649E-02    9.79155E-01
    2.97700E+02    2.15083E-02    9.78721E-01
    2.97800E+02    2.20577E-02    9.78184E-01
    2.97900E+02    2.27379E-02    9.77519E-01
    2.98000E+02    2.35914E-02    9.76685E-01
    2.98100E+02    2.47016E-02    9.75601E-01
    2.98200E+02    2.62184E-02    9.74122E-01
    2.98300E+02    2.86168E-02    9.71789E-01
    2.98400E+02    3.27982E-02    9.67734E-01
    2.98500E+02    3.64637E-02    9.64193E-01
    2.98600E+02    3.07467E-02    9.69721E-01
    2.98700E+02    2.73210E-02    9.73049E-01
    2.98800E+02    2.60794E-02    9.74258E-01
    2.98900E+02    2.45392E-02    9.75759E-01
    2.99000E+02    2.36102E-02    9.76666E-01
    2.99100E+02    2.29278E-02    9.77333E-01
    2.99200E+02    2.24189E-02    9.77831E-01
    2.99300E+02    2.20912E-02    9.78151E-01
    2.99400E+02    2.21723E-02    9.78072E-01
    2.99500E+02    2.44163E-02    9.75879E-01
    2.99600E+02    2.15078E-02    9.78722E-01
    2.99700E+02    2.12561E-02    9.78968E-01
    2.99800E+02    2.08399E-02    9.79376E-01
    2.99900E+02    2.07188E-02    9.79494E-01
    3.00000E+02    2.06988E-02    9.79514E-01
    3.00100E+02    2.08413E-02    9.79374E-01
    3.00200E+02    2.09747E-02    9.79244E-01
    3.00300E+02    2.12771E-02    9.78948E-01
    3.00400E+02    2.19905E-02    9.78249E-01
    3.00500E+02    2.36951E-02    9.76583E-01
    3.00600E+02    2.94050E-02    9.71023E-01
    3.00700E+02    5.24110E-02    9.48939E-01
    3.00800E+02    2.71286E-02    9.73236E-01
    3.00900E+02    2.38133E-02    9.76468E-01
    3.01000E+02    2.29557E-02    9.77306E-01
    3.01100E+02    2.28437E-02    9.77415E-01
    3.01200E+02    2.32535E-02    9.77015E-01
    3.01300E+02    2.42606E-02    9.76031E-01
    3.01400E+02    2.61358E-02    9.74203E-01
    3.01500E+02    2.97255E-02    9.70712E-01
    3.01600E+02    3.76292E-02    9.63070E-01
    3.01700E+02    6.09541E-02    9.40866E-01
    3.01800E+02    2.26593E-01    7.97245E-01
    3.01900E+02    7.51243E-02    9.27628E-01
    3.02000E+02    4.13645E-02    9.59479E-01
    3.02100E+02    3.13301E-02    9.69156E-01
    3.02200E+02    2.70526E-02    9.73310E-01
    3.02300E+02    2.49101E-02    9.75398E-01
    3.02400E+02    2.37875E-02    9.76493E-01
    3.02500E+02    2.33363E-02    9.76934E-01
    3.02600E+02    2.32276E-02    9.77040E-01
    3.02700E+02    2.35407E-02    9.76734E-01
    3.02800E+02    2.45941E-02    9.75706E-01
    3.02900E+02    2.71095E-02    9.73255E-01
    3.03000E+02    3.37307E-02    9.66832E-01
    3.03100E+02    5.88360E-02    9.42861E-01
    3.03200E+02    8.36828E-02    9.19723E-01
    3.03300E+02    3.72164E-02    9.63468E-01
    3.03400E+02    2.78986E-02    9.72487E-01
    3.03500E+02    2.45118E-02    9.75786E-01
    3.03600E+02    2.30814E-02    9.77183E-01
    3.03700E+02    2.17575E-02    9.78477E-01
    3.03800E+02    2.11291E-02    9.79093E-01
    3.03900E+02    2.07731E-02    9.79441E-01
    3.04000E+02    2.05109E-02    9.79698E-01
    3.04100E+02    2.03553E-02    9.79851E-01
    3.04200E+02    2.02829E-02    9.79921E-01
    3.04300E+02    2.02760E-02    9.79928E-01
    3.04400E+02    2.03356E-02    9.79870E-01
    3.04500E+02    2.04722E-02    9.79736E-01
    3.04600E+02    2.07187E-02    9.79494E-01
    3.04700E+02    2.11786E-02    9.79044E-01
    3.04800E+02    2.25522E-02    9.77700E-01
    3.04900E+02    2.14502E-02    9.78778E-01
    3.05000E+02    2.07156E-02    9.79498E-01
    3.05100E+02    2.03380E-02    9.79867E-01
    3.05200E+02    2.00148E-02    9.80184E-01
    3.05300E+02    1.97886E-02    9.80406E-01
    3.05400E+02    1.96173E-02    9.80574E-01
    3.05500E+02    1.94781E-02    9.80710E-01
    3.05600E+02    1.93671E-02    9.80819E-01
    3.05700E+02    1.92758E-02    9.80909E-01
    3.05800E+02    1.91998E-02    9.80983E-01
    3.05900E+02    1.91539E-02    9.81028E-01
    3.06000E+02    1.91234E-02    9.81058E-01
    3.06100E+02    1.90476E-02    9.81133E-01
    3.06200E+02    1.90039E-02    9.81176E-01
    3.06300E+02    1.89708E-02    9.81208E-01
    3.06400E+02    1.89517E-02    9.81227E-01
    3.06500E+02    1.89177E-02    9.81260E-01
    3.06600E+02    1.88979E-02    9.81280E-01
    3.06700E+02    1.88867E-02    9.81291E-01
    3.06800E+02    1.88854E-02    9.81292E-01
    3.06900E+02    1.89575E-02    9.81221E-01
    3.07000E+02    1.88991E-02    9.81278E-01
    3.07100E+02    1.88622E-02    9.81315E-01
    3.07200E+02    1.88656E-02    9.81311E-01
    3.07300E+02    1.89177E-02    9.81260E-01
    3.07400E+02    1.90029E-02    9.81176E-01
    3.07500E+02    1.91845E-02    9.80998E-01
    3.07600E+02    1.89717E-02    9.81207E-01
    3.07700E+02    1.89170E-02    9.81261E-01
    3.07800E+02    1.89039E-02    9.81274E-01
    3.07900E+02    1.89103E-02    9.81267E-01
    3.08000E+02    1.89102E-02    9.81267E-01
    3.08100E+02    1.89199E-02    9.81258E-01
    3.08200E+02    1.89413E-02    9.81237E-01
    3.08300E+02    1.89786E-02    9.81200E-01
    3.08400E+02    1.90638E-02    9.81117E-01
    3.08500E+02    1.94010E-02    9.80786E-01
    3.08600E+02    1.98373E-02    9.80358E-01
    3.08700E+02    1.92090E-02    9.80974E-01
    3.08800E+02    1.92588E-02    9.80925E-01
    3.08900E+02    1.93214E-02    9.80864E-01
    3.09000E+02    1.91563E-02    9.81026E-01
    3.09100E+02    1.91698E-02    9.81013E-01
    3.09200E+02    1.92615E-02    9.80923E-01
    3.09300E+02    1.93452E-02    9.80841E-01
    3.09400E+02    1.95683E-02    9.80622E-01
    3.09500E+02    1.94906E-02    9.80698E-01
    3.09600E+02    1.96575E-02    9.80534E-01
    3.09700E+02    1.99831E-02    9.80215E-01
    3.09800E+02    2.06677E-02    9.79544E-01
    3.09900E+02    2.22375E-02    9.78008E-01
    3.10000E+02    2.84211E-02    9.71979E-01
    3.10100E+02    3.39748E-02    9.66596E-01
    3.10200E+02    2.31045E-02    9.77160E-01
    3.10300E+02    2.10745E-02    9.79146E-01
    3.10400E+02    2.02067E-02    9.79996E-01
    3.10500E+02    1.98267E-02    9.80369E-01
    3.10600E+02    1.96164E-02    9.80575E-01
    3.10700E+02    1.94928E-02    9.80696E-01
    3.10800E+02    1.94189E-02    9.80768E-01
    3.10900E+02    1.93753E-02    9.80811E-01
    3.11000E+02    1.93568E-02    9.80829E-01
    3.11100E+02    1.94090E-02    9.80778E-01
    3.11200E+02    1.93664E-02    9.80820E-01
    3.11300E+02    1.93221E-02    9.80863E-01
    3.11400E+02    1.93165E-02    9.80869E-01
    3.11500E+02    1.93297E-02    9.80856E-01
    3.11600E+02    1.94248E-02    9.80763E-01
    3.11700E+02    1.94244E-02    9.80763E-01
    3.11800E+02    1.93644E-02    9.80822E-01
    3.11900E+02    1.93367E-02    9.80849E-01
    3.12000E+02    1.93471E-02    9.80839E-01
    3.12100E+02    1.93623E-02    9.80824E-01
    3.12200E+02    1.93828E-02    9.80804E-01
    3.12300E+02    1.94088E-02    9.80778E-01
    3.12400E+02    1.94465E-02    9.80741E-01
    3.12500E+02    1.95352E-02    9.80654E-01
    3.12600E+02    1.95927E-02    9.80598E-01
    3.12700E+02    1.95504E-02    9.80639E-01
    3.12800E+02    1.95897E-02    9.80601E-01
    3.12900E+02    1.99066E-02    9.80290E-01
    3.13000E+02    1.96765E-02    9.80516E-01
    3.13100E+02    1.96839E-02    9.80509E-01
    3.13200E+02    1.96562E-02    9.80536E-01
    3.13300E+02    1.96871E-02    9.80505E-01
    3.13400E+02    1.97509E-02    9.80443E-01
    3.13500E+02    1.98699E-02    9.80326E-01
    3.13600E+02    2.01334E-02    9.80068E-01
    3.13700E+02    1.99030E-02    9.80294E-01
    3.13800E+02    1.99502E-02    9.80247E-01
    3.13900E+02    2.00802E-02    9.80120E-01
    3.14000E+02    2.07591E-02    9.79455E-01
    3.14100E+02    2.01665E-02    9.80036E-01
    3.14200E+02    2.01767E-02    9.80025E-01
    3.14300E+02    2.02411E-02    9.79962E-01
    3.14400E+02    2.03279E-02    9.79877E-01
    3.14500E+02    2.04339E-02    9.79773E-01
    3.14600E+02    2.05571E-02    9.79653E-01
    3.14700E+02    2.07049E-02    9.79508E-01
    3.14800E+02    2.08828E-02    9.79334E-01
    3.14900E+02    2.11008E-02    9.79120E-01
    3.15000E+02    2.13765E-02    9.78850E-01
    3.15100E+02    2.17612E-02    9.78474E-01
    3.15200E+02    2.21872E-02    9.78057E-01
    3.15300E+02    2.28142E-02    9.77444E-01
    3.15400E+02    2.37506E-02    9.76529E-01
    3.15500E+02    2.52585E-02    9.75058E-01
    3.15600E+02    2.80174E-02    9.72371E-01
    3.15700E+02    3.42677E-02    9.66313E-01
    3.15800E+02    5.62358E-02    9.45316E-01
    3.15900E+02    1.05768E-01    8.99633E-01
    3.16000E+02    4.53191E-02    9.55692E-01
    3.16100E+02    3.97694E-02    9.61011E-01
    3.16200E+02    4.89622E-02    9.52217E-01
    3.16300E+02    1.17464E-01    8.89172E-01
    3.16400E+02    6.68601E-02    9.35326E-01
    3.16500E+02    3.95253E-02    9.61246E-01
    3.16600E+02    3.36530E-02    9.66907E-01
    3.16700E+02    3.79854E-02    9.62727E-01
    3.16800E+02    2.75084E-02    9.72867E-01
    3.16900E+02    2.55308E-02    9.74792E-01
    3.17000E+02    2.51870E-02    9.75128E-01
    3.17100E+02    2.69580E-02    9.73402E-01
    3.17200E+02    4.38368E-02    9.57110E-01
    3.17300E+02    2.57809E-02    9.74549E-01
    3.17400E+02    2.34450E-02    9.76828E-01
    3.17500E+02    2.25868E-02    9.77666E-01
    3.17600E+02    2.21559E-02    9.78088E-01
    3.17700E+02    2.19170E-02    9.78321E-01
    3.17800E+02    2.17598E-02    9.78475E-01
    3.17900E+02    2.16374E-02    9.78595E-01
    3.18000E+02    2.15746E-02    9.78656E-01
    3.18100E+02    2.15763E-02    9.78655E-01
    3.18200E+02    2.15246E-02    9.78705E-01
    3.18300E+02    2.15264E-02    9.78704E-01
    3.18400E+02    2.15638E-02    9.78667E-01
    3.18500E+02    2.16374E-02    9.78595E-01
    3.18600E+02    2.16503E-02    9.78582E-01
    3.18700E+02    2.17286E-02    9.78506E-01
    3.18800E+02    2.18329E-02    9.78404E-01
    3.18900E+02    2.19591E-02    9.78280E-01
    3.19000E+02    2.21256E-02    9.78117E-01
    3.19100E+02    2.23519E-02    9.77896E-01
    3.19200E+02    2.27047E-02    9.77551E-01
    3.19300E+02    2.30785E-02    9.77186E-01
    3.19400E+02    2.36868E-02    9.76592E-01
    3.19500E+02    2.42970E-02    9.75996E-01
    3.19600E+02    2.55361E-02    9.74787E-01
    3.19700E+02    2.78576E-02    9.72527E-01
    3.19800E+02    3.30634E-02    9.67477E-01
    3.19900E+02    4.96261E-02    9.51585E-01
    3.20000E+02    1.85950E-01    8.30315E-01
    3.20100E+02    4.77806E-02    9.53343E-01
    3.20200E+02    3.28747E-02    9.67660E-01
    3.20300E+02    2.81752E-02    9.72218E-01
    3.20400E+02    2.61308E-02    9.74208E-01
    3.20500E+02    2.49998E-02    9.75310E-01
    3.20600E+02    2.44291E-02    9.75867E-01
    3.20700E+02    2.40389E-02    9.76248E-01
    3.20800E+02    2.38262E-02    9.76455E-01
    3.20900E+02    2.37167E-02    9.76562E-01
    3.21000E+02    2.36867E-02    9.76592E-01
    3.21100E+02    2.37634E-02    9.76517E-01
    3.21200E+02    2.36891E-02    9.76589E-01
    3.21300E+02    2.37233E-02    9.76556E-01
    3.21400E+02    2.37925E-02    9.76488E-01
    3.21500E+02    2.39602E-02    9.76325E-01
    3.21600E+02    2.39881E-02    9.76297E-01
    3.21700E+02    2.41259E-02    9.76163E-01
    3.21800E+02    2.43242E-02    9.75969E-01
    3.21900E+02    2.47200E-02    9.75583E-01
    3.22000E+02    2.75795E-02    9.72797E-01
    3.22100E+02    2.57829E-02    9.74547E-01
    3.22200E+02    2.54563E-02    9.74865E-01
    3.22300E+02    2.52530E-02    9.75063E-01
    3.22400E+02    2.53933E-02    9.74926E-01
    3.22500E+02    2.56204E-02    9.74705E-01
    3.22600E+02    2.59131E-02    9.74420E-01
    3.22700E+02    2.64046E-02    9.73941E-01
    3.22800E+02    2.65385E-02    9.73811E-01
    3.22900E+02    2.68859E-02    9.73472E-01
    3.23000E+02    2.72854E-02    9.73083E-01
    3.23100E+02    2.77210E-02    9.72660E-01
    3.23200E+02    2.82069E-02    9.72187E-01
    3.23300E+02    2.87498E-02    9.71660E-01
    3.23400E+02    2.93676E-02    9.71059E-01
    3.23500E+02    3.01196E-02    9.70329E-01
    3.23600E+02    3.12719E-02    9.69212E-01
    3.23700E+02    3.75706E-02    9.63126E-01
    3.23800E+02    3.28108E-02    9.67722E-01
    3.23900E+02    3.30595E-02    9.67481E-01
    3.24000E+02    3.37379E-02    9.66825E-01
    3.24100E+02    3.45886E-02    9.66003E-01
    3.24200E+02    3.55850E-02    9.65041E-01
    3.24300E+02    3.66351E-02    9.64028E-01
    3.24400E+02    3.75002E-02    9.63194E-01
    3.24500E+02    3.85050E-02    9.62227E-01
    3.24600E+02    3.95231E-02    9.61248E-01
    3.24700E+02    4.05204E-02    9.60290E-01
    3.24800E+02    4.15009E-02    9.59349E-01
    3.24900E+02    4.23150E-02    9.58568E-01
    3.25000E+02    4.28878E-02    9.58019E-01
    3.25100E+02    4.32993E-02    9.57625E-01
    3.25200E+02    4.34006E-02    9.57528E-01
    3.25300E+02    4.31817E-02    9.57737E-01
    3.25400E+02    4.28119E-02    9.58092E-01
    3.25500E+02    4.21569E-02    9.58719E-01
    3.25600E+02    4.14707E-02    9.59377E-01
    3.25700E+02    4.07438E-02    9.60075E-01
    3.25800E+02    4.00302E-02    9.60760E-01
    3.25900E+02    3.94124E-02    9.61354E-01
    3.26000E+02    3.89654E-02    9.61784E-01
    3.26100E+02    3.85022E-02    9.62230E-01
    3.26200E+02    3.82215E-02    9.62500E-01
    3.26300E+02    3.84658E-02    9.62265E-01
    3.26400E+02    4.00162E-02    9.60774E-01
    3.26500E+02    4.34106E-02    9.57518E-01
    3.26600E+02    4.44729E-02    9.56502E-01
    3.26700E+02    5.32842E-02    9.48110E-01
    3.26800E+02    8.27280E-02    9.20602E-01
    3.26900E+02    3.53229E-01    7.02417E-01
    3.27000E+02    8.26459E-02    9.20677E-01
    3.27100E+02    5.13212E-02    9.49974E-01
    3.27200E+02    4.10764E-02    9.59756E-01
    3.27300E+02    3.64010E-02    9.64254E-01
    3.27400E+02    3.39400E-02    9.66629E-01
    3.27500E+02    3.27049E-02    9.67824E-01
    3.27600E+02    3.26051E-02    9.67921E-01
    3.27700E+02    3.52298E-02    9.65384E-01
    3.27800E+02    4.71522E-02    9.53942E-01
    3.27900E+02    4.33755E-02    9.57552E-01
    3.28000E+02    3.21451E-02    9.68366E-01
    3.28100E+02    2.91343E-02    9.71286E-01
    3.28200E+02    2.77763E-02    9.72606E-01
    3.28300E+02    2.69357E-02    9.73424E-01
    3.28400E+02    2.63613E-02    9.73983E-01
    3.28500E+02    2.59913E-02    9.74344E-01
    3.28600E+02    2.55708E-02    9.74753E-01
    3.28700E+02    2.52395E-02    9.75076E-01
    3.28800E+02    2.50041E-02    9.75306E-01
    3.28900E+02    2.47779E-02    9.75527E-01
    3.29000E+02    2.46078E-02    9.75692E-01
    3.29100E+02    2.45420E-02    9.75757E-01
    3.29200E+02    2.43371E-02    9.75957E-01
    3.29300E+02    2.43268E-02    9.75967E-01
    3.29400E+02    2.40745E-02    9.76213E-01
    3.29500E+02    2.39586E-02    9.76326E-01
    3.29600E+02    2.39801E-02    9.76305E-01
    3.29700E+02    2.39652E-02    9.76320E-01
    3.29800E+02    2.47669E-02    9.75537E-01
    3.29900E+02    2.37002E-02    9.76578E-01
    3.30000E+02    2.35251E-02    9.76749E-01
    3.30100E+02    2.34394E-02    9.76833E-01
    3.30200E+02    2.33804E-02    9.76891E-01
    3.30300E+02    2.33362E-02    9.76934E-01
    3.30400E+02    2.32995E-02    9.76970E-01
    3.30500E+02    2.32752E-02    9.76994E-01
    3.30600E+02    2.32635E-02    9.77005E-01
    3.30700E+02    2.32542E-02    9.77014E-01
    3.30800E+02    2.32613E-02    9.77007E-01
    3.30900E+02    2.32837E-02    9.76985E-01
    3.31000E+02    2.33463E-02    9.76924E-01
    3.31100E+02    2.33943E-02    9.76877E-01
    3.31200E+02    2.34032E-02    9.76869E-01
    3.31300E+02    2.34697E-02    9.76804E-01
    3.31400E+02    2.35702E-02    9.76705E-01
    3.31500E+02    2.37184E-02    9.76561E-01
    3.31600E+02    2.39197E-02    9.76364E-01
    3.31700E+02    2.42207E-02    9.76070E-01
    3.31800E+02    2.52333E-02    9.75082E-01
    3.31900E+02    2.48401E-02    9.75466E-01
    3.32000E+02    2.52903E-02    9.75027E-01
    3.32100E+02    2.61863E-02    9.74154E-01
    3.32200E+02    2.71567E-02    9.73209E-01
    3.32300E+02    2.90078E-02    9.71409E-01
    3.32400E+02    3.23842E-02    9.68135E-01
    3.32500E+02    3.96134E-02    9.61161E-01
    3.32600E+02    6.07754E-02    9.41035E-01
    3.32700E+02    2.32928E-01    7.92210E-01
    3.32800E+02    7.97231E-02    9.23372E-01
    3.32900E+02    9.39246E-02    9.10351E-01
    3.33000E+02    4.36458E-02    9.57293E-01
    3.33100E+02    3.36448E-02    9.66915E-01
    3.33200E+02    2.95217E-02    9.70910E-01
    3.33300E+02    2.73819E-02    9.72990E-01
    3.33400E+02    2.61060E-02    9.74232E-01
    3.33500E+02    2.52736E-02    9.75043E-01
    3.33600E+02    2.47072E-02    9.75596E-01
    3.33700E+02    2.43076E-02    9.75985E-01
    3.33800E+02    2.40284E-02    9.76258E-01
    3.33900E+02    2.39083E-02    9.76375E-01
    3.34000E+02    2.38244E-02    9.76457E-01
    3.34100E+02    2.35197E-02    9.76755E-01
    3.34200E+02    2.33864E-02    9.76885E-01
    3.34300E+02    2.33100E-02    9.76960E-01
    3.34400E+02    2.32687E-02    9.77000E-01
    3.34500E+02    2.32627E-02    9.77006E-01
    3.34600E+02    2.32953E-02    9.76974E-01
    3.34700E+02    2.33836E-02    9.76888E-01
    3.34800E+02    2.35579E-02    9.76717E-01
    3.34900E+02    2.38963E-02    9.76387E-01
    3.35000E+02    2.46007E-02    9.75699E-01
    3.35100E+02    2.63934E-02    9.73952E-01
    3.35200E+02    3.29264E-02    9.67610E-01
    3.35300E+02    4.40963E-02    9.56862E-01
    3.35400E+02    2.79123E-02    9.72474E-01
    3.35500E+02    2.50878E-02    9.75224E-01
    3.35600E+02    2.41998E-02    9.76091E-01
    3.35700E+02    2.41547E-02    9.76135E-01
    3.35800E+02    2.34150E-02    9.76857E-01
    3.35900E+02    2.36884E-02    9.76590E-01
    3.36000E+02    2.31271E-02    9.77138E-01
    3.36100E+02    2.29977E-02    9.77265E-01
    3.36200E+02    2.33149E-02    9.76955E-01
    3.36300E+02    2.28686E-02    9.77391E-01
    3.36400E+02    2.27673E-02    9.77490E-01
    3.36500E+02    2.27201E-02    9.77536E-01
    3.36600E+02    2.26926E-02    9.77563E-01
    3.36700E+02    2.26742E-02    9.77581E-01
    3.36800E+02    2.26645E-02    9.77590E-01
    3.36900E+02    2.26633E-02    9.77592E-01
    3.37000E+02    2.26562E-02    9.77599E-01
    3.37100E+02    2.27782E-02    9.77479E-01
    3.37200E+02    2.27770E-02    9.77480E-01
    3.37300E+02    2.27277E-02    9.77529E-01
    3.37400E+02    2.27226E-02    9.77534E-01
    3.37500E+02    2.28698E-02    9.77390E-01
    3.37600E+02    2.32195E-02    9.77048E-01
    3.37700E+02    2.29672E-02    9.77295E-01
    3.37800E+02    2.27331E-02    9.77523E-01
    3.37900E+02    2.26836E-02    9.77572E-01
    3.38000E+02    2.26746E-02    9.77581E-01
    3.38100E+02    2.26805E-02    9.77575E-01
    3.38200E+02    2.26994E-02    9.77556E-01
    3.38300E+02    2.27779E-02    9.77480E-01
    3.38400E+02    2.27923E-02    9.77465E-01
    3.38500E+02    2.28117E-02    9.77447E-01
    3.38600E+02    2.29866E-02    9.77276E-01
    3.38700E+02    2.43734E-02    9.75921E-01
    3.38800E+02    2.32410E-02    9.77027E-01
    3.38900E+02    2.29346E-02    9.77326E-01
    3.39000E+02    2.28195E-02    9.77439E-01
    3.39100E+02    2.27901E-02    9.77468E-01
    3.39200E+02    2.27827E-02    9.77475E-01
    3.39300E+02    2.27853E-02    9.77472E-01
    3.39400E+02    2.27927E-02    9.77465E-01
    3.39500E+02    2.28019E-02    9.77456E-01
    3.39600E+02    2.28144E-02    9.77444E-01
    3.39700E+02    2.28295E-02    9.77429E-01
    3.39800E+02    2.28601E-02    9.77399E-01
    3.39900E+02    2.29007E-02    9.77359E-01
    3.40000E+02    2.28883E-02    9.77372E-01
    3.40100E+02    2.29010E-02    9.77359E-01
    3.40200E+02    2.29193E-02    9.77341E-01
    3.40300E+02    2.29411E-02    9.77320E-01
    3.40400E+02    2.29677E-02    9.77294E-01
    3.40500E+02    2.30104E-02    9.77252E-01
    3.40600E+02    2.31310E-02    9.77134E-01
    3.40700E+02    2.34676E-02    9.76806E-01
    3.40800E+02    2.31067E-02    9.77158E-01
    3.40900E+02    2.30844E-02    9.77180E-01
    3.41000E+02    2.30942E-02    9.77170E-01
    3.41100E+02    2.31151E-02    9.77150E-01
    3.41200E+02    2.31402E-02    9.77126E-01
    3.41300E+02    2.31681E-02    9.77098E-01
    3.41400E+02    2.31992E-02    9.77068E-01
    3.41500E+02    2.32360E-02    9.77032E-01
    3.41600E+02    2.32790E-02    9.76990E-01
    3.41700E+02    2.33319E-02    9.76938E-01
    3.41800E+02    2.34203E-02    9.76852E-01
    3.41900E+02    2.36765E-02    9.76602E-01
    3.42000E+02    2.35845E-02    9.76691E-01
    3.42100E+02    2.41188E-02    9.76170E-01
    3.42200E+02    2.37123E-02    9.76567E-01
    3.42300E+02    2.37916E-02    9.76489E-01
    3.42400E+02    2.39134E-02    9.76370E-01
    3.42500E+02    2.41194E-02    9.76169E-01
    3.42600E+02    2.42987E-02    9.75994E-01
    3.42700E+02    2.46387E-02    9.75662E-01
    3.42800E+02    2.51959E-02    9.75119E-01
    3.42900E+02    2.61536E-02    9.74185E-01
    3.43000E+02    2.82492E-02    9.72146E-01
    3.43100E+02    3.45862E-02    9.66005E-01
    3.43200E+02    6.15771E-02    9.40280E-01
    3.43300E+02    4.27192E-02    9.58180E-01
    3.43400E+02    3.24353E-02    9.68085E-01
    3.43500E+02    4.20357E-02    9.58836E-01
    3.43600E+02    2.85354E-02    9.71868E-01
    3.43700E+02    2.61244E-02    9.74214E-01
    3.43800E+02    2.52171E-02    9.75098E-01
    3.43900E+02    2.47794E-02    9.75525E-01
    3.44000E+02    2.44784E-02    9.75819E-01
    3.44100E+02    2.42946E-02    9.75998E-01
    3.44200E+02    2.41673E-02    9.76122E-01
    3.44300E+02    2.40766E-02    9.76211E-01
    3.44400E+02    2.40194E-02    9.76267E-01
    3.44500E+02    2.39832E-02    9.76302E-01
    3.44600E+02    2.39830E-02    9.76302E-01
    3.44700E+02    2.39631E-02    9.76322E-01
    3.44800E+02    2.40012E-02    9.76285E-01
    3.44900E+02    2.40060E-02    9.76280E-01
    3.45000E+02    2.39345E-02    9.76350E-01
    3.45100E+02    2.39225E-02    9.76361E-01
    3.45200E+02    2.39230E-02    9.76361E-01
    3.45300E+02    2.39261E-02    9.76358E-01
    3.45400E+02    2.39363E-02    9.76348E-01
    3.45500E+02    2.39481E-02    9.76336E-01
    3.45600E+02    2.39618E-02    9.76323E-01
    3.45700E+02    2.39770E-02    9.76308E-01
    3.45800E+02    2.39945E-02    9.76291E-01
    3.45900E+02    2.40141E-02    9.76272E-01
    3.46000E+02    2.40368E-02    9.76250E-01
    3.46100E+02    2.40803E-02    9.76207E-01
    3.46200E+02    2.41013E-02    9.76187E-01
    3.46300E+02    2.41099E-02    9.76178E-01
    3.46400E+02    2.41313E-02    9.76157E-01
    3.46500E+02    2.41579E-02    9.76132E-01
    3.46600E+02    2.41895E-02    9.76101E-01
    3.46700E+02    2.42206E-02    9.76070E-01
    3.46800E+02    2.42868E-02    9.76006E-01
    3.46900E+02    2.43884E-02    9.75907E-01
    3.47000E+02    2.43289E-02    9.75965E-01
    3.47100E+02    2.43882E-02    9.75907E-01
    3.47200E+02    2.46574E-02    9.75644E-01
    3.47300E+02    2.45081E-02    9.75790E-01
    3.47400E+02    2.44349E-02    9.75861E-01
    3.47500E+02    2.44518E-02    9.75845E-01
    3.47600E+02    2.44914E-02    9.75806E-01
    3.47700E+02    2.45785E-02    9.75721E-01
    3.47800E+02    2.49761E-02    9.75333E-01
    3.47900E+02    2.46653E-02    9.75636E-01
    3.48000E+02    2.47210E-02    9.75582E-01
    3.48100E+02    2.46840E-02    9.75618E-01
    3.48200E+02    2.47091E-02    9.75594E-01
    3.48300E+02    2.47374E-02    9.75566E-01
    3.48400E+02    2.47781E-02    9.75526E-01
    3.48500E+02    2.48422E-02    9.75464E-01
    3.48600E+02    2.49608E-02    9.75348E-01
    3.48700E+02    2.49166E-02    9.75391E-01
    3.48800E+02    2.49540E-02    9.75355E-01
    3.48900E+02    2.50194E-02    9.75291E-01
    3.49000E+02    2.53435E-02    9.74975E-01
    3.49100E+02    2.51396E-02    9.75174E-01
    3.49200E+02    2.51953E-02    9.75119E-01
    3.49300E+02    2.52895E-02    9.75028E-01
    3.49400E+02    2.54443E-02    9.74877E-01
    3.49500E+02    2.58467E-02    9.74484E-01
    3.49600E+02    2.62502E-02    9.74091E-01
    3.49700E+02    2.80698E-02    9.72320E-01
    3.49800E+02    2.76607E-02    9.72718E-01
    3.49900E+02    2.62248E-02    9.74116E-01
