    1.49900E+02    2.93623E-02    9.71065E-01
    1.50000E+02    2.94122E-02    9.71016E-01
    1.50100E+02    2.94585E-02    9.70971E-01
    1.50200E+02    2.94536E-02    9.70976E-01
    1.50300E+02    2.94950E-02    9.70936E-01
    1.50400E+02    2.95070E-02    9.70924E-01
    1.50500E+02    2.95368E-02    9.70895E-01
    1.50600E+02    2.95704E-02    9.70863E-01
    1.50700E+02    2.96065E-02    9.70827E-01
    1.50800E+02    2.96428E-02    9.70792E-01
    1.50900E+02    2.96803E-02    9.70756E-01
    1.51000E+02    2.97185E-02    9.70719E-01
    1.51100E+02    2.97602E-02    9.70678E-01
    1.51200E+02    2.97975E-02    9.70642E-01
    1.51300E+02    2.98382E-02    9.70603E-01
    1.51400E+02    2.98784E-02    9.70564E-01
    1.51500E+02    2.99192E-02    9.70524E-01
    1.51600E+02    2.99616E-02    9.70483E-01
    1.51700E+02    3.00025E-02    9.70443E-01
    1.51800E+02    3.00440E-02    9.70403E-01
    1.51900E+02    3.00872E-02    9.70361E-01
    1.52000E+02    3.01299E-02    9.70319E-01
    1.52100E+02    3.01743E-02    9.70276E-01
    1.52200E+02    3.02135E-02    9.70238E-01
    1.52300E+02    3.02601E-02    9.70193E-01
    1.52400E+02    3.03073E-02    9.70147E-01
    1.52500E+02    3.03584E-02    9.70098E-01
    1.52600E+02    3.04068E-02    9.70051E-01
    1.52700E+02    3.04596E-02    9.70000E-01
    1.52800E+02    3.05148E-02    9.69946E-01
    1.52900E+02    3.05749E-02    9.69888E-01
    1.53000E+02    3.06443E-02    9.69820E-01
    1.53100E+02    3.07151E-02    9.69752E-01
    1.53200E+02    3.07909E-02    9.69678E-01
    1.53300E+02    3.08842E-02    9.69588E-01
    1.53400E+02    3.10069E-02    9.69469E-01
    1.53500E+02    3.11852E-02    9.69296E-01
    1.53600E+02    3.14840E-02    9.69006E-01
    1.53700E+02    3.25935E-02    9.67932E-01
    1.53800E+02    3.25756E-02    9.67949E-01
    1.53900E+02    3.43744E-02    9.66210E-01
    1.54000E+02    3.81593E-02    9.62560E-01
    1.54100E+02    3.62424E-02    9.64406E-01
    1.54200E+02    3.28973E-02    9.67638E-01
    1.54300E+02    3.20916E-02    9.68418E-01
    1.54400E+02    3.17754E-02    9.68724E-01
    1.54500E+02    3.16443E-02    9.68851E-01
    1.54600E+02    3.15938E-02    9.68900E-01
    1.54700E+02    3.15921E-02    9.68902E-01
    1.54800E+02    3.16023E-02    9.68892E-01
    1.54900E+02    3.16238E-02    9.68871E-01
    1.55000E+02    3.16589E-02    9.68837E-01
    1.55100E+02    3.16976E-02    9.68800E-01
    1.55200E+02    3.17412E-02    9.68757E-01
    1.55300E+02    3.17882E-02    9.68712E-01
    1.55400E+02    3.18398E-02    9.68662E-01
    1.55500E+02    3.18955E-02    9.68608E-01
    1.55600E+02    3.19556E-02    9.68550E-01
    1.55700E+02    3.20231E-02    9.68484E-01
    1.55800E+02    3.21046E-02    9.68405E-01
    1.55900E+02    3.22302E-02    9.68284E-01
    1.56000E+02    3.24419E-02    9.68079E-01
    1.56100E+02    3.41012E-02    9.66474E-01
    1.56200E+02    3.26010E-02    9.67925E-01
    1.56300E+02    3.24644E-02    9.68057E-01
    1.56400E+02    3.24852E-02    9.68037E-01
    1.56500E+02    3.26391E-02    9.67888E-01
    1.56600E+02    3.25753E-02    9.67950E-01
    1.56700E+02    3.26279E-02    9.67899E-01
    1.56800E+02    3.26706E-02    9.67857E-01
    1.56900E+02    3.27294E-02    9.67800E-01
    1.57000E+02    3.28069E-02    9.67725E-01
    1.57100E+02    3.28635E-02    9.67671E-01
    1.57200E+02    3.29515E-02    9.67585E-01
    1.57300E+02    3.30922E-02    9.67449E-01
    1.57400E+02    3.30710E-02    9.67470E-01
    1.57500E+02    3.31278E-02    9.67415E-01
    1.57600E+02    3.31944E-02    9.67350E-01
    1.57700E+02    3.32641E-02    9.67283E-01
    1.57800E+02    3.33347E-02    9.67215E-01
    1.57900E+02    3.34075E-02    9.67144E-01
    1.58000E+02    3.34818E-02    9.67073E-01
    1.58100E+02    3.35581E-02    9.66999E-01
    1.58200E+02    3.36354E-02    9.66924E-01
    1.58300E+02    3.37184E-02    9.66844E-01
    1.58400E+02    3.38088E-02    9.66756E-01
    1.58500E+02    3.39781E-02    9.66593E-01
    1.58600E+02    3.40251E-02    9.66547E-01
    1.58700E+02    3.40380E-02    9.66535E-01
    1.58800E+02    3.41105E-02    9.66465E-01
    1.58900E+02    3.41868E-02    9.66391E-01
    1.59000E+02    3.42682E-02    9.66312E-01
    1.59100E+02    3.43607E-02    9.66223E-01
    1.59200E+02    3.44559E-02    9.66131E-01
    1.59300E+02    3.45323E-02    9.66057E-01
    1.59400E+02    3.46091E-02    9.65983E-01
    1.59500E+02    3.47188E-02    9.65877E-01
    1.59600E+02    3.47894E-02    9.65809E-01
    1.59700E+02    3.48642E-02    9.65737E-01
    1.59800E+02    3.49547E-02    9.65649E-01
    1.59900E+02    3.50588E-02    9.65549E-01
    1.60000E+02    3.51476E-02    9.65463E-01
    1.60100E+02    3.52306E-02    9.65383E-01
    1.60200E+02    3.53243E-02    9.65292E-01
    1.60300E+02    3.54119E-02    9.65208E-01
    1.60400E+02    3.55204E-02    9.65103E-01
    1.60500E+02    3.56088E-02    9.65018E-01
    1.60600E+02    3.57009E-02    9.64929E-01
    1.60700E+02    3.57989E-02    9.64834E-01
    1.60800E+02    3.58974E-02    9.64739E-01
    1.60900E+02    3.59984E-02    9.64642E-01
    1.61000E+02    3.61021E-02    9.64542E-01
    1.61100E+02    3.62078E-02    9.64440E-01
    1.61200E+02    3.63177E-02    9.64334E-01
    1.61300E+02    3.64330E-02    9.64223E-01
    1.61400E+02    3.65287E-02    9.64130E-01
    1.61500E+02    3.66361E-02    9.64027E-01
    1.61600E+02    3.67458E-02    9.63921E-01
    1.61700E+02    3.68593E-02    9.63812E-01
    1.61800E+02    3.69724E-02    9.63703E-01
    1.61900E+02    3.70894E-02    9.63590E-01
    1.62000E+02    3.72060E-02    9.63478E-01
    1.62100E+02    3.73250E-02    9.63363E-01
    1.62200E+02    3.74462E-02    9.63246E-01
    1.62300E+02    3.75753E-02    9.63122E-01
    1.62400E+02    3.76933E-02    9.63008E-01
    1.62500E+02    3.78196E-02    9.62887E-01
    1.62600E+02    3.79488E-02    9.62762E-01
    1.62700E+02    3.80787E-02    9.62637E-01
    1.62800E+02    3.82129E-02    9.62508E-01
    1.62900E+02    3.83501E-02    9.62376E-01
    1.63000E+02    3.84913E-02    9.62240E-01
    1.63100E+02    3.86414E-02    9.62096E-01
    1.63200E+02    3.88270E-02    9.61917E-01
    1.63300E+02    3.89881E-02    9.61762E-01
    1.63400E+02    3.90866E-02    9.61667E-01
    1.63500E+02    3.92337E-02    9.61526E-01
    1.63600E+02    3.93952E-02    9.61371E-01
    1.63700E+02    3.95567E-02    9.61215E-01
    1.63800E+02    3.97295E-02    9.61049E-01
    1.63900E+02    3.99122E-02    9.60874E-01
    1.64000E+02    4.01091E-02    9.60685E-01
    1.64100E+02    4.03119E-02    9.60490E-01
    1.64200E+02    4.05402E-02    9.60271E-01
    1.64300E+02    4.07977E-02    9.60023E-01
    1.64400E+02    4.11009E-02    9.59732E-01
    1.64500E+02    4.14824E-02    9.59366E-01
    1.64600E+02    4.20179E-02    9.58853E-01
    1.64700E+02    4.29349E-02    9.57974E-01
    1.64800E+02    4.48821E-02    9.56110E-01
    1.64900E+02    5.15608E-02    9.49746E-01
    1.65000E+02    5.23305E-02    9.49015E-01
    1.65100E+02    4.56789E-02    9.55349E-01
    1.65200E+02    4.45237E-02    9.56453E-01
    1.65300E+02    4.45106E-02    9.56465E-01
    1.65400E+02    4.50948E-02    9.55907E-01
    1.65500E+02    4.64987E-02    9.54566E-01
    1.65600E+02    4.98157E-02    9.51405E-01
    1.65700E+02    6.09048E-02    9.40913E-01
    1.65800E+02    1.03292E-01    9.01864E-01
    1.65900E+02    5.59484E-02    9.45588E-01
    1.66000E+02    4.90590E-02    9.52125E-01
    1.66100E+02    4.68398E-02    9.54240E-01
    1.66200E+02    4.61977E-02    9.54853E-01
    1.66300E+02    4.54768E-02    9.55542E-01
    1.66400E+02    4.52588E-02    9.55750E-01
    1.66500E+02    4.52371E-02    9.55771E-01
    1.66600E+02    4.54304E-02    9.55586E-01
    1.66700E+02    4.53512E-02    9.55662E-01
    1.66800E+02    4.54607E-02    9.55557E-01
    1.66900E+02    4.56173E-02    9.55408E-01
    1.67000E+02    4.58075E-02    9.55226E-01
    1.67100E+02    4.60377E-02    9.55006E-01
    1.67200E+02    4.63017E-02    9.54754E-01
    1.67300E+02    4.66505E-02    9.54421E-01
    1.67400E+02    4.71842E-02    9.53912E-01
    1.67500E+02    4.85883E-02    9.52573E-01
    1.67600E+02    5.09581E-02    9.50318E-01
    1.67700E+02    4.82081E-02    9.52935E-01
    1.67800E+02    4.79124E-02    9.53217E-01
    1.67900E+02    4.79687E-02    9.53164E-01
    1.68000E+02    4.81342E-02    9.53006E-01
    1.68100E+02    4.83490E-02    9.52801E-01
    1.68200E+02    4.85889E-02    9.52573E-01
    1.68300E+02    4.88490E-02    9.52325E-01
    1.68400E+02    4.91217E-02    9.52065E-01
    1.68500E+02    4.94069E-02    9.51794E-01
    1.68600E+02    4.97055E-02    9.51510E-01
    1.68700E+02    5.00184E-02    9.51212E-01
    1.68800E+02    5.03647E-02    9.50883E-01
    1.68900E+02    5.08607E-02    9.50411E-01
    1.69000E+02    5.14533E-02    9.49848E-01
    1.69100E+02    5.13853E-02    9.49913E-01
    1.69200E+02    5.16412E-02    9.49670E-01
    1.69300E+02    5.19644E-02    9.49363E-01
    1.69400E+02    5.23022E-02    9.49042E-01
    1.69500E+02    5.26600E-02    9.48703E-01
    1.69600E+02    5.30383E-02    9.48344E-01
    1.69700E+02    5.34154E-02    9.47986E-01
    1.69800E+02    5.38425E-02    9.47581E-01
    1.69900E+02    5.42475E-02    9.47198E-01
    1.70000E+02    5.47107E-02    9.46759E-01
    1.70100E+02    5.49949E-02    9.46490E-01
    1.70200E+02    5.54061E-02    9.46101E-01
    1.70300E+02    5.59540E-02    9.45583E-01
    1.70400E+02    5.62618E-02    9.45292E-01
    1.70500E+02    5.67006E-02    9.44877E-01
    1.70600E+02    5.71548E-02    9.44448E-01
    1.70700E+02    5.76237E-02    9.44005E-01
    1.70800E+02    5.81051E-02    9.43551E-01
    1.70900E+02    5.86031E-02    9.43081E-01
    1.71000E+02    5.91255E-02    9.42588E-01
    1.71100E+02    5.96680E-02    9.42077E-01
    1.71200E+02    6.02342E-02    9.41544E-01
    1.71300E+02    6.08820E-02    9.40934E-01
    1.71400E+02    6.23849E-02    9.39521E-01
    1.71500E+02    6.20294E-02    9.39855E-01
    1.71600E+02    6.24486E-02    9.39461E-01
    1.71700E+02    6.29803E-02    9.38962E-01
    1.71800E+02    6.35652E-02    9.38413E-01
    1.71900E+02    6.41770E-02    9.37839E-01
    1.72000E+02    6.48097E-02    9.37246E-01
    1.72100E+02    6.54586E-02    9.36638E-01
    1.72200E+02    6.61280E-02    9.36011E-01
    1.72300E+02    6.68153E-02    9.35368E-01
    1.72400E+02    6.75230E-02    9.34706E-01
    1.72500E+02    6.82515E-02    9.34026E-01
    1.72600E+02    6.90014E-02    9.33325E-01
    1.72700E+02    6.97766E-02    9.32602E-01
    1.72800E+02    7.05905E-02    9.31843E-01
    1.72900E+02    7.14006E-02    9.31089E-01
    1.73000E+02    7.22563E-02    9.30292E-01
    1.73100E+02    7.31604E-02    9.29452E-01
    1.73200E+02    7.41416E-02    9.28540E-01
    1.73300E+02    7.53469E-02    9.27422E-01
    1.73400E+02    7.69298E-02    9.25955E-01
    1.73500E+02    8.08352E-02    9.22346E-01
    1.73600E+02    7.85217E-02    9.24482E-01
    1.73700E+02    7.90456E-02    9.23998E-01
    1.73800E+02    7.99222E-02    9.23188E-01
    1.73900E+02    8.09224E-02    9.22265E-01
    1.74000E+02    8.19981E-02    9.21274E-01
    1.74100E+02    8.31211E-02    9.20240E-01
    1.74200E+02    8.42998E-02    9.19156E-01
    1.74300E+02    8.55122E-02    9.18042E-01
    1.74400E+02    8.67777E-02    9.16881E-01
    1.74500E+02    8.81051E-02    9.15665E-01
    1.74600E+02    8.94709E-02    9.14415E-01
    1.74700E+02    9.08988E-02    9.13110E-01
    1.74800E+02    9.24150E-02    9.11727E-01
    1.74900E+02    9.40543E-02    9.10233E-01
    1.75000E+02    9.59313E-02    9.08526E-01
    1.75100E+02    9.86031E-02    9.06102E-01
    1.75200E+02    1.04992E-01    9.00331E-01
    1.75300E+02    1.02666E-01    9.02428E-01
    1.75400E+02    1.07658E-01    8.97935E-01
    1.75500E+02    1.08517E-01    8.97164E-01
    1.75600E+02    1.07054E-01    8.98477E-01
    1.75700E+02    1.08194E-01    8.97454E-01
    1.75800E+02    1.09877E-01    8.95945E-01
    1.75900E+02    1.11810E-01    8.94214E-01
    1.76000E+02    1.13884E-01    8.92361E-01
    1.76100E+02    1.16085E-01    8.90399E-01
    1.76200E+02    1.18407E-01    8.88335E-01
    1.76300E+02    1.20835E-01    8.86180E-01
    1.76400E+02    1.23551E-01    8.83777E-01
    1.76500E+02    1.25999E-01    8.81616E-01
    1.76600E+02    1.28723E-01    8.79218E-01
    1.76700E+02    1.31580E-01    8.76710E-01
    1.76800E+02    1.34578E-01    8.74085E-01
    1.76900E+02    1.37702E-01    8.71358E-01
    1.77000E+02    1.40970E-01    8.68515E-01
    1.77100E+02    1.44370E-01    8.65567E-01
    1.77200E+02    1.47927E-01    8.62494E-01
    1.77300E+02    1.51648E-01    8.59291E-01
    1.77400E+02    1.55556E-01    8.55939E-01
    1.77500E+02    1.59627E-01    8.52462E-01
    1.77600E+02    1.63903E-01    8.48824E-01
    1.77700E+02    1.68390E-01    8.45024E-01
    1.77800E+02    1.73099E-01    8.41055E-01
    1.77900E+02    1.78044E-01    8.36906E-01
    1.78000E+02    1.83222E-01    8.32583E-01
    1.78100E+02    1.88676E-01    8.28055E-01
    1.78200E+02    1.94412E-01    8.23318E-01
    1.78300E+02    2.00452E-01    8.18361E-01
    1.78400E+02    2.06831E-01    8.13157E-01
    1.78500E+02    2.13615E-01    8.07659E-01
    1.78600E+02    2.20907E-01    8.01791E-01
    1.78700E+02    2.28161E-01    7.95996E-01
    1.78800E+02    2.35968E-01    7.89806E-01
    1.78900E+02    2.44296E-01    7.83256E-01
    1.79000E+02    2.53123E-01    7.76373E-01
    1.79100E+02    2.62478E-01    7.69143E-01
    1.79200E+02    2.72400E-01    7.61550E-01
    1.79300E+02    2.82938E-01    7.53567E-01
    1.79400E+02    2.94120E-01    7.45187E-01
    1.79500E+02    3.06026E-01    7.36367E-01
    1.79600E+02    3.18688E-01    7.27102E-01
    1.79700E+02    3.32187E-01    7.17353E-01
    1.79800E+02    3.46584E-01    7.07099E-01
    1.79900E+02    3.62013E-01    6.96273E-01
    1.80000E+02    3.79506E-01    6.84199E-01
    1.80100E+02    3.95924E-01    6.73058E-01
    1.80200E+02    4.14576E-01    6.60620E-01
    1.80300E+02    4.34622E-01    6.47509E-01
    1.80400E+02    4.56131E-01    6.33731E-01
    1.80500E+02    4.79206E-01    6.19275E-01
    1.80600E+02    5.03991E-01    6.04115E-01
    1.80700E+02    5.30615E-01    5.88243E-01
    1.80800E+02    5.59232E-01    5.71648E-01
    1.80900E+02    5.90022E-01    5.54315E-01
    1.81000E+02    6.23191E-01    5.36230E-01
    1.81100E+02    6.58826E-01    5.17458E-01
    1.81200E+02    6.97189E-01    4.97983E-01
    1.81300E+02    7.38497E-01    4.77831E-01
    1.81400E+02    7.82973E-01    4.57045E-01
    1.81500E+02    8.30768E-01    4.35714E-01
    1.81600E+02    8.82113E-01    4.13907E-01
    1.81700E+02    9.37200E-01    3.91723E-01
    1.81800E+02    9.96190E-01    3.69284E-01
    1.81900E+02    1.05915E+00    3.46751E-01
    1.82000E+02    1.12623E+00    3.24252E-01
    1.82100E+02    1.19737E+00    3.01986E-01
    1.82200E+02    1.27282E+00    2.80040E-01
    1.82300E+02    1.35073E+00    2.59050E-01
    1.82400E+02    1.43211E+00    2.38804E-01
    1.82500E+02    1.51565E+00    2.19665E-01
    1.82600E+02    1.60042E+00    2.01811E-01
    1.82700E+02    1.68481E+00    1.85479E-01
    1.82800E+02    1.76693E+00    1.70857E-01
    1.82900E+02    1.84440E+00    1.58120E-01
    1.83000E+02    1.91415E+00    1.47467E-01
    1.83100E+02    1.97273E+00    1.39077E-01
    1.83200E+02    2.01587E+00    1.33204E-01
    1.83300E+02    2.03715E+00    1.30400E-01
    1.83400E+02    2.02627E+00    1.31826E-01
    1.83500E+02    1.99136E+00    1.36509E-01
    1.83600E+02    1.93966E+00    1.43752E-01
    1.83700E+02    1.87566E+00    1.53254E-01
    1.83800E+02    1.80328E+00    1.64758E-01
    1.83900E+02    1.72522E+00    1.78133E-01
    1.84000E+02    1.64427E+00    1.93154E-01
    1.84100E+02    1.56289E+00    2.09530E-01
    1.84200E+02    1.48399E+00    2.26730E-01
    1.84300E+02    1.41496E+00    2.42936E-01
    1.84400E+02    1.36586E+00    2.55161E-01
    1.84500E+02    1.25574E+00    2.84864E-01
    1.84600E+02    1.17962E+00    3.07396E-01
    1.84700E+02    1.11484E+00    3.27967E-01
    1.84800E+02    1.05012E+00    3.49897E-01
    1.84900E+02    9.85399E-01    3.73290E-01
    1.85000E+02    9.28243E-01    3.95248E-01
    1.85100E+02    8.75515E-01    4.16647E-01
    1.85200E+02    8.26547E-01    4.37558E-01
    1.85300E+02    7.81135E-01    4.57886E-01
    1.85400E+02    7.38863E-01    4.77657E-01
    1.85500E+02    7.00103E-01    4.96534E-01
    1.85600E+02    6.63761E-01    5.14911E-01
    1.85700E+02    6.28873E-01    5.33192E-01
    1.85800E+02    5.97051E-01    5.50432E-01
    1.85900E+02    5.67506E-01    5.66937E-01
    1.86000E+02    5.40023E-01    5.82735E-01
    1.86100E+02    5.14442E-01    5.97834E-01
    1.86200E+02    4.90585E-01    6.12268E-01
    1.86300E+02    4.68345E-01    6.26038E-01
    1.86400E+02    4.47585E-01    6.39170E-01
    1.86500E+02    4.28181E-01    6.51694E-01
    1.86600E+02    4.09987E-01    6.63659E-01
    1.86700E+02    3.92981E-01    6.75042E-01
    1.86800E+02    3.77064E-01    6.85872E-01
    1.86900E+02    3.62140E-01    6.96185E-01
    1.87000E+02    3.48167E-01    7.05981E-01
    1.87100E+02    3.35341E-01    7.15094E-01
    1.87200E+02    3.22855E-01    7.24079E-01
    1.87300E+02    3.10929E-01    7.32766E-01
    1.87400E+02    2.99899E-01    7.40893E-01
    1.87500E+02    2.89529E-01    7.48616E-01
    1.87600E+02    2.79790E-01    7.55942E-01
    1.87700E+02    2.70554E-01    7.62957E-01
    1.87800E+02    2.61901E-01    7.69587E-01
    1.87900E+02    2.54036E-01    7.75664E-01
    1.88000E+02    2.45769E-01    7.82103E-01
    1.88100E+02    2.38298E-01    7.87968E-01
    1.88200E+02    2.31254E-01    7.93538E-01
    1.88300E+02    2.24582E-01    7.98850E-01
    1.88400E+02    2.18249E-01    8.03925E-01
    1.88500E+02    2.12219E-01    8.08787E-01
    1.88600E+02    2.06492E-01    8.13433E-01
    1.88700E+02    2.01048E-01    8.17873E-01
    1.88800E+02    1.95892E-01    8.22101E-01
    1.88900E+02    1.91189E-01    8.25976E-01
    1.89000E+02    1.86253E-01    8.30063E-01
    1.89100E+02    1.81723E-01    8.33832E-01
    1.89200E+02    1.77408E-01    8.37438E-01
    1.89300E+02    1.73317E-01    8.40871E-01
    1.89400E+02    1.69362E-01    8.44203E-01
    1.89500E+02    1.65605E-01    8.47381E-01
    1.89600E+02    1.62020E-01    8.50424E-01
    1.89700E+02    1.58584E-01    8.53351E-01
    1.89800E+02    1.55280E-01    8.56175E-01
    1.89900E+02    1.52121E-01    8.58884E-01
    1.90000E+02    1.49093E-01    8.61489E-01
    1.90100E+02    1.46187E-01    8.63996E-01
    1.90200E+02    1.43402E-01    8.66406E-01
    1.90300E+02    1.40743E-01    8.68712E-01
    1.90400E+02    1.38192E-01    8.70932E-01
    1.90500E+02    1.35837E-01    8.72985E-01
    1.90600E+02    1.33724E-01    8.74832E-01
    1.90700E+02    1.31089E-01    8.77140E-01
    1.90800E+02    1.28836E-01    8.79118E-01
    1.90900E+02    1.26695E-01    8.81002E-01
    1.91000E+02    1.24645E-01    8.82810E-01
    1.91100E+02    1.22677E-01    8.84549E-01
    1.91200E+02    1.20779E-01    8.86230E-01
    1.91300E+02    1.18951E-01    8.87851E-01
    1.91400E+02    1.17192E-01    8.89414E-01
    1.91500E+02    1.15497E-01    8.90923E-01
    1.91600E+02    1.13866E-01    8.92378E-01
    1.91700E+02    1.12303E-01    8.93773E-01
    1.91800E+02    1.10905E-01    8.95023E-01
    1.91900E+02    1.09319E-01    8.96444E-01
    1.92000E+02    1.07884E-01    8.97732E-01
    1.92100E+02    1.06516E-01    8.98960E-01
    1.92200E+02    1.05223E-01    9.00124E-01
    1.92300E+02    1.03975E-01    9.01248E-01
    1.92400E+02    1.02721E-01    9.02379E-01
    1.92500E+02    1.01538E-01    9.03447E-01
    1.92600E+02    1.00420E-01    9.04457E-01
    1.92700E+02    9.93740E-02    9.05404E-01
    1.92800E+02    9.83470E-02    9.06334E-01
    1.92900E+02    9.74267E-02    9.07169E-01
    1.93000E+02    9.66189E-02    9.07902E-01
    1.93100E+02    9.60621E-02    9.08408E-01
    1.93200E+02    9.60926E-02    9.08380E-01
    1.93300E+02    9.95389E-02    9.05255E-01
    1.93400E+02    9.89206E-02    9.05815E-01
    1.93500E+02    9.35186E-02    9.10721E-01
    1.93600E+02    9.16832E-02    9.12394E-01
    1.93700E+02    9.04995E-02    9.13475E-01
    1.93800E+02    8.95386E-02    9.14353E-01
    1.93900E+02    8.86807E-02    9.15138E-01
    1.94000E+02    8.78793E-02    9.15871E-01
    1.94100E+02    8.71104E-02    9.16576E-01
    1.94200E+02    8.63755E-02    9.17250E-01
    1.94300E+02    8.56776E-02    9.17890E-01
    1.94400E+02    8.50045E-02    9.18508E-01
    1.94500E+02    8.43871E-02    9.19075E-01
    1.94600E+02    8.38292E-02    9.19588E-01
    1.94700E+02    8.33482E-02    9.20031E-01
    1.94800E+02    8.29763E-02    9.20373E-01
    1.94900E+02    8.27779E-02    9.20556E-01
    1.95000E+02    8.28789E-02    9.20463E-01
    1.95100E+02    8.35728E-02    9.19824E-01
    1.95200E+02    8.56963E-02    9.17873E-01
    1.95300E+02    9.24434E-02    9.11701E-01
    1.95400E+02    1.30773E-01    8.77417E-01
    1.95500E+02    1.05599E-01    8.99786E-01
    1.95600E+02    8.93790E-02    9.14499E-01
    1.95700E+02    9.40425E-02    9.10244E-01
    1.95800E+02    8.35763E-02    9.19821E-01
    1.95900E+02    7.91446E-02    9.23906E-01
    1.96000E+02    7.72380E-02    9.25669E-01
    1.96100E+02    7.60432E-02    9.26776E-01
    1.96200E+02    7.51630E-02    9.27592E-01
    1.96300E+02    7.44219E-02    9.28280E-01
    1.96400E+02    7.38266E-02    9.28833E-01
    1.96500E+02    7.32131E-02    9.29403E-01
    1.96600E+02    7.26822E-02    9.29896E-01
    1.96700E+02    7.21938E-02    9.30351E-01
    1.96800E+02    7.17368E-02    9.30776E-01
    1.96900E+02    7.13051E-02    9.31178E-01
    1.97000E+02    7.08837E-02    9.31570E-01
    1.97100E+02    7.04910E-02    9.31936E-01
    1.97200E+02    7.01081E-02    9.32293E-01
    1.97300E+02    6.97387E-02    9.32637E-01
    1.97400E+02    6.93964E-02    9.32957E-01
    1.97500E+02    6.91267E-02    9.33208E-01
    1.97600E+02    6.88311E-02    9.33484E-01
    1.97700E+02    6.84369E-02    9.33852E-01
    1.97800E+02    6.80934E-02    9.34173E-01
    1.97900E+02    6.77981E-02    9.34449E-01
    1.98000E+02    6.77362E-02    9.34507E-01
    1.98100E+02    6.72166E-02    9.34993E-01
    1.98200E+02    6.69156E-02    9.35274E-01
    1.98300E+02    6.66417E-02    9.35530E-01
    1.98400E+02    6.63822E-02    9.35773E-01
    1.98500E+02    6.61334E-02    9.36006E-01
    1.98600E+02    6.58993E-02    9.36225E-01
    1.98700E+02    6.56743E-02    9.36436E-01
    1.98800E+02    6.54692E-02    9.36628E-01
    1.98900E+02    6.52891E-02    9.36797E-01
    1.99000E+02    6.51594E-02    9.36918E-01
    1.99100E+02    6.51478E-02    9.36929E-01
    1.99200E+02    6.58164E-02    9.36303E-01
    1.99300E+02    6.63782E-02    9.35777E-01
    1.99400E+02    7.01424E-02    9.32261E-01
    1.99500E+02    6.51029E-02    9.36971E-01
    1.99600E+02    6.42542E-02    9.37767E-01
    1.99700E+02    6.38246E-02    9.38169E-01
    1.99800E+02    6.35440E-02    9.38433E-01
    1.99900E+02    6.33212E-02    9.38642E-01
    2.00000E+02    6.31315E-02    9.38820E-01
    2.00100E+02    6.29524E-02    9.38988E-01
    2.00200E+02    6.27913E-02    9.39139E-01
    2.00300E+02    6.26426E-02    9.39279E-01
    2.00400E+02    6.25040E-02    9.39409E-01
    2.00500E+02    6.23753E-02    9.39530E-01
    2.00600E+02    6.22561E-02    9.39642E-01
    2.00700E+02    6.21461E-02    9.39746E-01
    2.00800E+02    6.20480E-02    9.39838E-01
    2.00900E+02    6.19588E-02    9.39922E-01
    2.01000E+02    6.18799E-02    9.39996E-01
    2.01100E+02    6.18108E-02    9.40061E-01
    2.01200E+02    6.17542E-02    9.40114E-01
    2.01300E+02    6.17142E-02    9.40152E-01
    2.01400E+02    6.17159E-02    9.40150E-01
    2.01500E+02    6.17133E-02    9.40152E-01
    2.01600E+02    6.16535E-02    9.40209E-01
    2.01700E+02    6.16535E-02    9.40209E-01
    2.01800E+02    6.16759E-02    9.40188E-01
    2.01900E+02    6.17178E-02    9.40148E-01
    2.02000E+02    6.17793E-02    9.40090E-01
    2.02100E+02    6.18600E-02    9.40014E-01
    2.02200E+02    6.19693E-02    9.39912E-01
    2.02300E+02    6.20842E-02    9.39804E-01
    2.02400E+02    6.22266E-02    9.39670E-01
    2.02500E+02    6.23824E-02    9.39524E-01
    2.02600E+02    6.25644E-02    9.39353E-01
    2.02700E+02    6.27573E-02    9.39171E-01
    2.02800E+02    6.29638E-02    9.38977E-01
    2.02900E+02    6.31717E-02    9.38782E-01
    2.03000E+02    6.33745E-02    9.38592E-01
    2.03100E+02    6.35660E-02    9.38412E-01
    2.03200E+02    6.37373E-02    9.38251E-01
    2.03300E+02    6.39112E-02    9.38088E-01
    2.03400E+02    6.43593E-02    9.37668E-01
    2.03500E+02    6.42924E-02    9.37731E-01
    2.03600E+02    6.35300E-02    9.38446E-01
    2.03700E+02    6.31275E-02    9.38824E-01
    2.03800E+02    6.27544E-02    9.39174E-01
    2.03900E+02    6.23743E-02    9.39531E-01
    2.04000E+02    6.20285E-02    9.39856E-01
    2.04100E+02    6.15862E-02    9.40272E-01
    2.04200E+02    6.12028E-02    9.40632E-01
    2.04300E+02    6.08371E-02    9.40977E-01
    2.04400E+02    6.04900E-02    9.41303E-01
    2.04500E+02    6.01615E-02    9.41612E-01
    2.04600E+02    5.98545E-02    9.41902E-01
    2.04700E+02    5.95665E-02    9.42173E-01
    2.04800E+02    5.93034E-02    9.42421E-01
    2.04900E+02    5.90614E-02    9.42649E-01
    2.05000E+02    5.88292E-02    9.42868E-01
    2.05100E+02    5.86378E-02    9.43048E-01
    2.05200E+02    5.86452E-02    9.43041E-01
    2.05300E+02    5.82815E-02    9.43384E-01
    2.05400E+02    5.80949E-02    9.43560E-01
    2.05500E+02    5.79798E-02    9.43669E-01
    2.05600E+02    5.78622E-02    9.43780E-01
    2.05700E+02    5.77611E-02    9.43875E-01
    2.05800E+02    5.77406E-02    9.43895E-01
    2.05900E+02    5.78776E-02    9.43765E-01
    2.06000E+02    5.85049E-02    9.43174E-01
    2.06100E+02    6.25767E-02    9.39341E-01
    2.06200E+02    5.98694E-02    9.41888E-01
    2.06300E+02    5.78407E-02    9.43800E-01
    2.06400E+02    5.72672E-02    9.44342E-01
    2.06500E+02    5.73449E-02    9.44268E-01
    2.06600E+02    5.67905E-02    9.44792E-01
    2.06700E+02    5.66285E-02    9.44945E-01
    2.06800E+02    5.65137E-02    9.45054E-01
    2.06900E+02    5.64238E-02    9.45139E-01
    2.07000E+02    5.63473E-02    9.45211E-01
    2.07100E+02    5.62846E-02    9.45270E-01
    2.07200E+02    5.62351E-02    9.45317E-01
    2.07300E+02    5.62038E-02    9.45347E-01
    2.07400E+02    5.62179E-02    9.45333E-01
    2.07500E+02    5.64339E-02    9.45129E-01
    2.07600E+02    5.61599E-02    9.45388E-01
    2.07700E+02    5.61425E-02    9.45404E-01
    2.07800E+02    5.61689E-02    9.45379E-01
    2.07900E+02    5.62383E-02    9.45314E-01
    2.08000E+02    5.63661E-02    9.45193E-01
    2.08100E+02    5.65871E-02    9.44984E-01
    2.08200E+02    5.69695E-02    9.44623E-01
    2.08300E+02    5.76852E-02    9.43947E-01
    2.08400E+02    5.91925E-02    9.42525E-01
    2.08500E+02    6.31888E-02    9.38766E-01
    2.08600E+02    8.17067E-02    9.21542E-01
    2.08700E+02    7.58823E-02    9.26925E-01
    2.08800E+02    6.21448E-02    9.39747E-01
    2.08900E+02    5.87020E-02    9.42988E-01
    2.09000E+02    5.73016E-02    9.44309E-01
    2.09100E+02    5.65891E-02    9.44982E-01
    2.09200E+02    5.61687E-02    9.45380E-01
    2.09300E+02    5.59133E-02    9.45621E-01
    2.09400E+02    5.57883E-02    9.45739E-01
    2.09500E+02    5.60077E-02    9.45532E-01
    2.09600E+02    5.56456E-02    9.45874E-01
    2.09700E+02    5.54470E-02    9.46062E-01
    2.09800E+02    5.53753E-02    9.46130E-01
    2.09900E+02    5.53495E-02    9.46154E-01
    2.10000E+02    5.53736E-02    9.46132E-01
    2.10100E+02    5.54814E-02    9.46030E-01
    2.10200E+02    5.63009E-02    9.45255E-01
    2.10300E+02    5.60358E-02    9.45505E-01
    2.10400E+02    5.82505E-02    9.43414E-01
    2.10500E+02    5.69105E-02    9.44679E-01
    2.10600E+02    5.71357E-02    9.44466E-01
    2.10700E+02    5.98241E-02    9.41930E-01
    2.10800E+02    7.96766E-02    9.23415E-01
    2.10900E+02    5.93537E-02    9.42373E-01
    2.11000E+02    5.66679E-02    9.44908E-01
    2.11100E+02    5.57929E-02    9.45735E-01
    2.11200E+02    5.53876E-02    9.46118E-01
    2.11300E+02    5.51413E-02    9.46351E-01
    2.11400E+02    5.49940E-02    9.46491E-01
    2.11500E+02    5.48947E-02    9.46585E-01
    2.11600E+02    5.48226E-02    9.46653E-01
    2.11700E+02    5.47676E-02    9.46705E-01
    2.11800E+02    5.47251E-02    9.46745E-01
    2.11900E+02    5.46900E-02    9.46779E-01
    2.12000E+02    5.46631E-02    9.46804E-01
    2.12100E+02    5.46450E-02    9.46821E-01
    2.12200E+02    5.46242E-02    9.46841E-01
    2.12300E+02    5.46080E-02    9.46856E-01
    2.12400E+02    5.45969E-02    9.46867E-01
    2.12500E+02    5.45914E-02    9.46872E-01
    2.12600E+02    5.45956E-02    9.46868E-01
    2.12700E+02    5.46048E-02    9.46859E-01
    2.12800E+02    5.46166E-02    9.46848E-01
    2.12900E+02    5.46404E-02    9.46826E-01
    2.13000E+02    5.45878E-02    9.46875E-01
    2.13100E+02    5.45803E-02    9.46882E-01
    2.13200E+02    5.45831E-02    9.46880E-01
    2.13300E+02    5.45923E-02    9.46871E-01
    2.13400E+02    5.46033E-02    9.46861E-01
    2.13500E+02    5.46179E-02    9.46847E-01
    2.13600E+02    5.46385E-02    9.46827E-01
    2.13700E+02    5.46636E-02    9.46804E-01
    2.13800E+02    5.46987E-02    9.46770E-01
    2.13900E+02    5.47409E-02    9.46730E-01
    2.14000E+02    5.47963E-02    9.46678E-01
    2.14100E+02    5.48692E-02    9.46609E-01
    2.14200E+02    5.49689E-02    9.46515E-01
    2.14300E+02    5.51087E-02    9.46382E-01
    2.14400E+02    5.53148E-02    9.46187E-01
    2.14500E+02    5.56418E-02    9.45878E-01
    2.14600E+02    5.62070E-02    9.45343E-01
    2.14700E+02    5.73308E-02    9.44282E-01
    2.14800E+02    6.01604E-02    9.41613E-01
    2.14900E+02    7.18648E-02    9.30657E-01
    2.15000E+02    7.54912E-02    9.27288E-01
    2.15100E+02    6.07620E-02    9.41047E-01
    2.15200E+02    5.75765E-02    9.44050E-01
    2.15300E+02    5.63514E-02    9.45207E-01
    2.15400E+02    5.57592E-02    9.45767E-01
    2.15500E+02    5.54277E-02    9.46080E-01
    2.15600E+02    5.52279E-02    9.46270E-01
    2.15700E+02    5.51032E-02    9.46387E-01
    2.15800E+02    5.50216E-02    9.46465E-01
    2.15900E+02    5.49957E-02    9.46489E-01
    2.16000E+02    5.52884E-02    9.46212E-01
    2.16100E+02    5.50413E-02    9.46446E-01
    2.16200E+02    5.48898E-02    9.46589E-01
    2.16300E+02    5.48443E-02    9.46632E-01
    2.16400E+02    5.48370E-02    9.46639E-01
    2.16500E+02    5.48083E-02    9.46667E-01
    2.16600E+02    5.48008E-02    9.46674E-01
    2.16700E+02    5.47997E-02    9.46675E-01
    2.16800E+02    5.48081E-02    9.46667E-01
    2.16900E+02    5.48405E-02    9.46636E-01
    2.17000E+02    5.48163E-02    9.46659E-01
    2.17100E+02    5.48217E-02    9.46654E-01
    2.17200E+02    5.48358E-02    9.46641E-01
    2.17300E+02    5.48554E-02    9.46622E-01
    2.17400E+02    5.48941E-02    9.46585E-01
    2.17500E+02    5.51243E-02    9.46367E-01
    2.17600E+02    5.49333E-02    9.46548E-01
    2.17700E+02    5.49196E-02    9.46561E-01
    2.17800E+02    5.49370E-02    9.46545E-01
    2.17900E+02    5.49777E-02    9.46506E-01
    2.18000E+02    5.50757E-02    9.46413E-01
    2.18100E+02    5.57761E-02    9.45751E-01
    2.18200E+02    5.52041E-02    9.46292E-01
    2.18300E+02    5.50559E-02    9.46432E-01
    2.18400E+02    5.50290E-02    9.46458E-01
    2.18500E+02    5.50311E-02    9.46456E-01
    2.18600E+02    5.50472E-02    9.46440E-01
    2.18700E+02    5.50538E-02    9.46434E-01
    2.18800E+02    5.50691E-02    9.46420E-01
    2.18900E+02    5.50885E-02    9.46401E-01
    2.19000E+02    5.51174E-02    9.46374E-01
    2.19100E+02    5.51850E-02    9.46310E-01
    2.19200E+02    5.52100E-02    9.46286E-01
    2.19300E+02    5.53932E-02    9.46113E-01
    2.19400E+02    5.52601E-02    9.46239E-01
    2.19500E+02    5.52315E-02    9.46266E-01
    2.19600E+02    5.52472E-02    9.46251E-01
    2.19700E+02    5.52678E-02    9.46232E-01
    2.19800E+02    5.53018E-02    9.46200E-01
    2.19900E+02    5.53982E-02    9.46108E-01
    2.20000E+02    5.54175E-02    9.46090E-01
    2.20100E+02    5.53692E-02    9.46136E-01
    2.20200E+02    5.53796E-02    9.46126E-01
    2.20300E+02    5.54016E-02    9.46105E-01
    2.20400E+02    5.54255E-02    9.46082E-01
    2.20500E+02    5.54541E-02    9.46055E-01
    2.20600E+02    5.54940E-02    9.46018E-01
    2.20700E+02    5.56446E-02    9.45875E-01
    2.20800E+02    5.55743E-02    9.45942E-01
    2.20900E+02    5.55644E-02    9.45951E-01
    2.21000E+02    5.55865E-02    9.45930E-01
    2.21100E+02    5.56144E-02    9.45904E-01
    2.21200E+02    5.56545E-02    9.45866E-01
    2.21300E+02    5.57874E-02    9.45740E-01
    2.21400E+02    5.57317E-02    9.45793E-01
    2.21500E+02    5.57330E-02    9.45792E-01
    2.21600E+02    5.57563E-02    9.45770E-01
    2.21700E+02    5.57855E-02    9.45742E-01
    2.21800E+02    5.58160E-02    9.45713E-01
    2.21900E+02    5.58469E-02    9.45684E-01
    2.22000E+02    5.58798E-02    9.45653E-01
    2.22100E+02    5.59147E-02    9.45620E-01
    2.22200E+02    5.59507E-02    9.45586E-01
    2.22300E+02    5.59927E-02    9.45546E-01
    2.22400E+02    5.60803E-02    9.45463E-01
    2.22500E+02    5.60839E-02    9.45460E-01
    2.22600E+02    5.60981E-02    9.45446E-01
    2.22700E+02    5.61324E-02    9.45414E-01
    2.22800E+02    5.61703E-02    9.45378E-01
    2.22900E+02    5.62125E-02    9.45338E-01
    2.23000E+02    5.62733E-02    9.45281E-01
    2.23100E+02    5.63291E-02    9.45228E-01
    2.23200E+02    5.64275E-02    9.45135E-01
    2.23300E+02    5.64936E-02    9.45073E-01
    2.23400E+02    5.65040E-02    9.45063E-01
    2.23500E+02    5.64973E-02    9.45069E-01
    2.23600E+02    5.65387E-02    9.45030E-01
    2.23700E+02    5.65930E-02    9.44979E-01
    2.23800E+02    5.66673E-02    9.44908E-01
    2.23900E+02    5.70328E-02    9.44563E-01
    2.24000E+02    5.67779E-02    9.44804E-01
    2.24100E+02    5.68134E-02    9.44770E-01
    2.24200E+02    5.68700E-02    9.44717E-01
    2.24300E+02    5.69332E-02    9.44657E-01
    2.24400E+02    5.70057E-02    9.44589E-01
    2.24500E+02    5.70860E-02    9.44513E-01
    2.24600E+02    5.71886E-02    9.44416E-01
    2.24700E+02    5.73623E-02    9.44252E-01
    2.24800E+02    5.76824E-02    9.43950E-01
    2.24900E+02    5.77137E-02    9.43920E-01
    2.25000E+02    5.76191E-02    9.44009E-01
    2.25100E+02    5.76296E-02    9.44000E-01
    2.25200E+02    5.77242E-02    9.43910E-01
    2.25300E+02    5.78077E-02    9.43831E-01
    2.25400E+02    5.79367E-02    9.43710E-01
    2.25500E+02    5.81024E-02    9.43553E-01
    2.25600E+02    5.83268E-02    9.43342E-01
    2.25700E+02    5.86777E-02    9.43011E-01
    2.25800E+02    5.93732E-02    9.42355E-01
    2.25900E+02    6.08390E-02    9.40975E-01
    2.26000E+02    6.65659E-02    9.35601E-01
    2.26100E+02    6.76274E-02    9.34609E-01
    2.26200E+02    6.08910E-02    9.40926E-01
    2.26300E+02    5.94226E-02    9.42308E-01
    2.26400E+02    5.88609E-02    9.42838E-01
    2.26500E+02    5.85874E-02    9.43096E-01
    2.26600E+02    5.84335E-02    9.43241E-01
    2.26700E+02    5.83416E-02    9.43328E-01
    2.26800E+02    5.82897E-02    9.43377E-01
    2.26900E+02    5.82650E-02    9.43400E-01
    2.27000E+02    5.82171E-02    9.43445E-01
    2.27100E+02    5.82005E-02    9.43461E-01
    2.27200E+02    5.81929E-02    9.43468E-01
    2.27300E+02    5.81960E-02    9.43465E-01
    2.27400E+02    5.82017E-02    9.43460E-01
    2.27500E+02    5.82139E-02    9.43448E-01
    2.27600E+02    5.82310E-02    9.43432E-01
    2.27700E+02    5.82581E-02    9.43406E-01
    2.27800E+02    5.82904E-02    9.43376E-01
    2.27900E+02    5.83164E-02    9.43351E-01
    2.28000E+02    5.83417E-02    9.43328E-01
    2.28100E+02    5.83733E-02    9.43298E-01
    2.28200E+02    5.84120E-02    9.43261E-01
    2.28300E+02    5.84623E-02    9.43214E-01
    2.28400E+02    5.85039E-02    9.43175E-01
    2.28500E+02    5.85683E-02    9.43114E-01
    2.28600E+02    5.86256E-02    9.43060E-01
    2.28700E+02    5.86933E-02    9.42996E-01
    2.28800E+02    5.87701E-02    9.42924E-01
    2.28900E+02    5.88594E-02    9.42839E-01
    2.29000E+02    5.89699E-02    9.42735E-01
    2.29100E+02    5.91243E-02    9.42590E-01
    2.29200E+02    5.93043E-02    9.42420E-01
    2.29300E+02    5.96296E-02    9.42113E-01
    2.29400E+02    6.03247E-02    9.41459E-01
    2.29500E+02    6.27178E-02    9.39208E-01
    2.29600E+02    6.79952E-02    9.34265E-01
    2.29700E+02    6.13050E-02    9.40536E-01
    2.29800E+02    6.03003E-02    9.41482E-01
    2.29900E+02    6.00294E-02    9.41737E-01
    2.30000E+02    5.99933E-02    9.41771E-01
    2.30100E+02    6.00205E-02    9.41745E-01
    2.30200E+02    6.01127E-02    9.41658E-01
    2.30300E+02    6.02696E-02    9.41511E-01
    2.30400E+02    6.04655E-02    9.41326E-01
    2.30500E+02    6.07216E-02    9.41085E-01
    2.30600E+02    6.10718E-02    9.40756E-01
    2.30700E+02    6.15609E-02    9.40296E-01
    2.30800E+02    6.22872E-02    9.39613E-01
    2.30900E+02    6.34639E-02    9.38508E-01
    2.31000E+02    6.56558E-02    9.36453E-01
    2.31100E+02    7.06648E-02    9.31774E-01
    2.31200E+02    8.75621E-02    9.16162E-01
    2.31300E+02    1.42343E-01    8.67324E-01
    2.31400E+02    7.85231E-02    9.24481E-01
    2.31500E+02    6.87660E-02    9.33545E-01
    2.31600E+02    6.54779E-02    9.36620E-01
    2.31700E+02    6.40398E-02    9.37968E-01
    2.31800E+02    6.33410E-02    9.38623E-01
    2.31900E+02    6.30204E-02    9.38924E-01
    2.32000E+02    6.30859E-02    9.38863E-01
    2.32100E+02    6.28489E-02    9.39085E-01
    2.32200E+02    6.29049E-02    9.39033E-01
    2.32300E+02    6.30495E-02    9.38897E-01
    2.32400E+02    6.32888E-02    9.38672E-01
    2.32500E+02    6.37359E-02    9.38253E-01
    2.32600E+02    6.39421E-02    9.38059E-01
    2.32700E+02    6.44536E-02    9.37580E-01
    2.32800E+02    6.47430E-02    9.37308E-01
    2.32900E+02    6.52339E-02    9.36848E-01
    2.33000E+02    6.59788E-02    9.36151E-01
    2.33100E+02    6.65477E-02    9.35618E-01
    2.33200E+02    6.74100E-02    9.34812E-01
    2.33300E+02    6.85355E-02    9.33760E-01
    2.33400E+02    6.97996E-02    9.32581E-01
    2.33500E+02    7.12753E-02    9.31205E-01
    2.33600E+02    7.33034E-02    9.29319E-01
    2.33700E+02    7.61071E-02    9.26717E-01
    2.33800E+02    8.03746E-02    9.22771E-01
    2.33900E+02    8.91137E-02    9.14742E-01
    2.34000E+02    8.82401E-02    9.15541E-01
    2.34100E+02    8.04375E-02    9.22713E-01
    2.34200E+02    7.65960E-02    9.26264E-01
    2.34300E+02    7.40337E-02    9.28640E-01
    2.34400E+02    7.21762E-02    9.30367E-01
    2.34500E+02    7.08011E-02    9.31647E-01
    2.34600E+02    6.97374E-02    9.32639E-01
    2.34700E+02    6.89189E-02    9.33402E-01
    2.34800E+02    6.83174E-02    9.33964E-01
    2.34900E+02    6.79633E-02    9.34295E-01
    2.35000E+02    6.78579E-02    9.34393E-01
    2.35100E+02    6.81514E-02    9.34119E-01
    2.35200E+02    6.83687E-02    9.33916E-01
    2.35300E+02    6.93636E-02    9.32987E-01
    2.35400E+02    7.15366E-02    9.30962E-01
    2.35500E+02    7.66304E-02    9.26232E-01
    2.35600E+02    9.23009E-02    9.11831E-01
    2.35700E+02    2.14479E-01    8.06962E-01
    2.35800E+02    9.93893E-02    9.05390E-01
    2.35900E+02    7.88362E-02    9.24191E-01
    2.36000E+02    7.19275E-02    9.30598E-01
    2.36100E+02    6.91243E-02    9.33211E-01
    2.36200E+02    6.76754E-02    9.34564E-01
    2.36300E+02    6.69899E-02    9.35205E-01
    2.36400E+02    6.66856E-02    9.35489E-01
    2.36500E+02    6.67449E-02    9.35434E-01
    2.36600E+02    6.73856E-02    9.34835E-01
    2.36700E+02    6.80615E-02    9.34203E-01
    2.36800E+02    6.98377E-02    9.32545E-01
    2.36900E+02    7.36726E-02    9.28976E-01
    2.37000E+02    8.36461E-02    9.19757E-01
    2.37100E+02    1.29434E-01    8.78593E-01
    2.37200E+02    1.21527E-01    8.85567E-01
    2.37300E+02    8.24043E-02    9.20900E-01
    2.37400E+02    7.30154E-02    9.29586E-01
    2.37500E+02    6.93901E-02    9.32963E-01
    2.37600E+02    6.78532E-02    9.34398E-01
    2.37700E+02    6.66081E-02    9.35562E-01
    2.37800E+02    6.60348E-02    9.36098E-01
    2.37900E+02    6.57253E-02    9.36388E-01
    2.38000E+02    6.55979E-02    9.36507E-01
    2.38100E+02    6.56335E-02    9.36474E-01
    2.38200E+02    6.58665E-02    9.36256E-01
    2.38300E+02    6.64903E-02    9.35672E-01
    2.38400E+02    6.92125E-02    9.33128E-01
    2.38500E+02    6.82540E-02    9.34023E-01
    2.38600E+02    6.80707E-02    9.34194E-01
    2.38700E+02    6.94691E-02    9.32889E-01
    2.38800E+02    7.18446E-02    9.30675E-01
    2.38900E+02    7.78178E-02    9.25133E-01
    2.39000E+02    9.73437E-02    9.07244E-01
    2.39100E+02    2.28127E-01    7.96023E-01
    2.39200E+02    9.32101E-02    9.11002E-01
    2.39300E+02    7.78585E-02    9.25095E-01
    2.39400E+02    7.28301E-02    9.29759E-01
    2.39500E+02    7.07609E-02    9.31685E-01
    2.39600E+02    7.02386E-02    9.32171E-01
    2.39700E+02    6.89332E-02    9.33389E-01
    2.39800E+02    6.88898E-02    9.33430E-01
    2.39900E+02    6.91973E-02    9.33143E-01
    2.40000E+02    6.87727E-02    9.33539E-01
    2.40100E+02    6.81681E-02    9.34103E-01
    2.40200E+02    6.79867E-02    9.34273E-01
    2.40300E+02    6.78883E-02    9.34365E-01
    2.40400E+02    6.74023E-02    9.34819E-01
    2.40500E+02    6.72179E-02    9.34991E-01
    2.40600E+02    6.67840E-02    9.35397E-01
    2.40700E+02    6.67518E-02    9.35427E-01
    2.40800E+02    6.66210E-02    9.35550E-01
    2.40900E+02    6.72813E-02    9.34932E-01
    2.41000E+02    6.66089E-02    9.35561E-01
    2.41100E+02    6.68494E-02    9.35336E-01
    2.41200E+02    6.94858E-02    9.32873E-01
    2.41300E+02    6.81951E-02    9.34078E-01
    2.41400E+02    6.71672E-02    9.35039E-01
    2.41500E+02    6.73242E-02    9.34892E-01
    2.41600E+02    6.74953E-02    9.34732E-01
    2.41700E+02    6.79605E-02    9.34297E-01
    2.41800E+02    6.87187E-02    9.33589E-01
    2.41900E+02    6.99716E-02    9.32420E-01
    2.42000E+02    7.22584E-02    9.30290E-01
    2.42100E+02    7.71355E-02    9.25764E-01
    2.42200E+02    9.10421E-02    9.12979E-01
    2.42300E+02    1.79147E-01    8.35983E-01
    2.42400E+02    1.04388E-01    9.00876E-01
    2.42500E+02    8.09433E-02    9.22246E-01
    2.42600E+02    7.43240E-02    9.28371E-01
    2.42700E+02    7.16829E-02    9.30826E-01
    2.42800E+02    7.05593E-02    9.31872E-01
    2.42900E+02    7.03034E-02    9.32111E-01
    2.43000E+02    7.09097E-02    9.31546E-01
    2.43100E+02    7.21290E-02    9.30411E-01
    2.43200E+02    7.51934E-02    9.27564E-01
    2.43300E+02    8.37175E-02    9.19691E-01
    2.43400E+02    1.20193E-01    8.86749E-01
    2.43500E+02    1.25659E-01    8.81916E-01
    2.43600E+02    8.44281E-02    9.19038E-01
    2.43700E+02    7.52968E-02    9.27468E-01
    2.43800E+02    7.19604E-02    9.30568E-01
    2.43900E+02    7.07388E-02    9.31705E-01
    2.44000E+02    7.11890E-02    9.31286E-01
    2.44100E+02    7.62842E-02    9.26553E-01
    2.44200E+02    7.84678E-02    9.24532E-01
    2.44300E+02    7.03098E-02    9.32105E-01
    2.44400E+02    6.86191E-02    9.33682E-01
    2.44500E+02    6.75390E-02    9.34691E-01
    2.44600E+02    6.71090E-02    9.35093E-01
    2.44700E+02    6.68179E-02    9.35366E-01
    2.44800E+02    6.67386E-02    9.35440E-01
    2.44900E+02    6.66344E-02    9.35537E-01
    2.45000E+02    6.65670E-02    9.35600E-01
    2.45100E+02    6.64864E-02    9.35676E-01
    2.45200E+02    6.64415E-02    9.35718E-01
    2.45300E+02    6.64263E-02    9.35732E-01
    2.45400E+02    6.64265E-02    9.35732E-01
    2.45500E+02    6.64427E-02    9.35717E-01
    2.45600E+02    6.64788E-02    9.35683E-01
    2.45700E+02    6.65490E-02    9.35617E-01
    2.45800E+02    6.69528E-02    9.35239E-01
    2.45900E+02    6.66108E-02    9.35559E-01
    2.46000E+02    6.66349E-02    9.35537E-01
    2.46100E+02    6.66961E-02    9.35479E-01
    2.46200E+02    6.67891E-02    9.35392E-01
    2.46300E+02    6.69531E-02    9.35239E-01
    2.46400E+02    6.71780E-02    9.35029E-01
    2.46500E+02    6.90119E-02    9.33316E-01
    2.46600E+02    6.75432E-02    9.34687E-01
    2.46700E+02    6.73483E-02    9.34870E-01
    2.46800E+02    6.74124E-02    9.34810E-01
    2.46900E+02    6.75506E-02    9.34680E-01
    2.47000E+02    6.77429E-02    9.34501E-01
    2.47100E+02    6.80211E-02    9.34241E-01
    2.47200E+02    6.82944E-02    9.33985E-01
    2.47300E+02    6.87292E-02    9.33579E-01
    2.47400E+02    6.93392E-02    9.33010E-01
    2.47500E+02    7.03701E-02    9.32049E-01
    2.47600E+02    7.24621E-02    9.30101E-01
    2.47700E+02    7.92797E-02    9.23782E-01
    2.47800E+02    8.51223E-02    9.18400E-01
    2.47900E+02    7.83251E-02    9.24664E-01
    2.48000E+02    8.27841E-02    9.20550E-01
    2.48100E+02    1.03956E-01    9.01265E-01
    2.48200E+02    1.84884E-01    8.31200E-01
    2.48300E+02    9.27787E-02    9.11395E-01
    2.48400E+02    7.91672E-02    9.23885E-01
    2.48500E+02    7.45992E-02    9.28115E-01
    2.48600E+02    7.25903E-02    9.29982E-01
    2.48700E+02    7.17071E-02    9.30804E-01
    2.48800E+02    7.11308E-02    9.31340E-01
    2.48900E+02    7.09377E-02    9.31520E-01
    2.49000E+02    7.10146E-02    9.31448E-01
    2.49100E+02    7.13015E-02    9.31181E-01
    2.49200E+02    7.18392E-02    9.30681E-01
    2.49300E+02    7.27748E-02    9.29810E-01
    2.49400E+02    7.43770E-02    9.28322E-01
    2.49500E+02    7.73037E-02    9.25609E-01
    2.49600E+02    8.35374E-02    9.19857E-01
    2.49700E+02    1.01944E-01    9.03080E-01
    2.49800E+02    1.83325E-01    8.32498E-01
    2.49900E+02    1.34788E-01    8.73901E-01
    2.50000E+02    1.46562E-01    8.63672E-01
    2.50100E+02    9.31740E-02    9.11035E-01
    2.50200E+02    8.16938E-02    9.21554E-01
    2.50300E+02    7.71736E-02    9.25729E-01
    2.50400E+02    7.40647E-02    9.28612E-01
    2.50500E+02    7.26114E-02    9.29962E-01
    2.50600E+02    7.16546E-02    9.30852E-01
    2.50700E+02    7.11863E-02    9.31288E-01
    2.50800E+02    7.06441E-02    9.31793E-01
    2.50900E+02    7.02820E-02    9.32131E-01
    2.51000E+02    7.00524E-02    9.32345E-01
    2.51100E+02    6.98955E-02    9.32491E-01
    2.51200E+02    6.98987E-02    9.32488E-01
    2.51300E+02    6.96896E-02    9.32683E-01
    2.51400E+02    6.96163E-02    9.32752E-01
    2.51500E+02    6.95717E-02    9.32793E-01
    2.51600E+02    6.95454E-02    9.32818E-01
    2.51700E+02    6.95343E-02    9.32828E-01
    2.51800E+02    6.95336E-02    9.32829E-01
    2.51900E+02    6.95463E-02    9.32817E-01
    2.52000E+02    6.95813E-02    9.32784E-01
    2.52100E+02    6.98074E-02    9.32573E-01
    2.52200E+02    6.96507E-02    9.32720E-01
    2.52300E+02    6.97413E-02    9.32635E-01
    2.52400E+02    6.97960E-02    9.32584E-01
    2.52500E+02    7.00462E-02    9.32351E-01
    2.52600E+02    7.00740E-02    9.32325E-01
    2.52700E+02    7.06362E-02    9.31801E-01
    2.52800E+02    7.04261E-02    9.31997E-01
    2.52900E+02    7.00448E-02    9.32352E-01
    2.53000E+02    7.00206E-02    9.32375E-01
    2.53100E+02    7.00456E-02    9.32351E-01
    2.53200E+02    7.00938E-02    9.32306E-01
    2.53300E+02    7.02117E-02    9.32196E-01
    2.53400E+02    7.05597E-02    9.31872E-01
    2.53500E+02    7.02790E-02    9.32134E-01
    2.53600E+02    7.03497E-02    9.32068E-01
    2.53700E+02    7.07623E-02    9.31683E-01
    2.53800E+02    7.06832E-02    9.31757E-01
    2.53900E+02    7.06124E-02    9.31823E-01
    2.54000E+02    7.06412E-02    9.31796E-01
    2.54100E+02    7.07602E-02    9.31685E-01
    2.54200E+02    7.10679E-02    9.31399E-01
    2.54300E+02    7.26243E-02    9.29950E-01
    2.54400E+02    7.11566E-02    9.31316E-01
    2.54500E+02    7.10463E-02    9.31419E-01
    2.54600E+02    7.10856E-02    9.31382E-01
    2.54700E+02    7.12836E-02    9.31198E-01
    2.54800E+02    7.12591E-02    9.31221E-01
    2.54900E+02    7.18513E-02    9.30669E-01
    2.55000E+02    7.13748E-02    9.31113E-01
    2.55100E+02    7.13917E-02    9.31097E-01
    2.55200E+02    7.14500E-02    9.31043E-01
    2.55300E+02    7.14730E-02    9.31021E-01
    2.55400E+02    7.15081E-02    9.30989E-01
    2.55500E+02    7.15475E-02    9.30952E-01
    2.55600E+02    7.15888E-02    9.30914E-01
    2.55700E+02    7.16342E-02    9.30871E-01
    2.55800E+02    7.17005E-02    9.30810E-01
    2.55900E+02    7.17340E-02    9.30778E-01
    2.56000E+02    7.18082E-02    9.30709E-01
    2.56100E+02    7.18709E-02    9.30651E-01
    2.56200E+02    7.18720E-02    9.30650E-01
    2.56300E+02    7.19267E-02    9.30599E-01
    2.56400E+02    7.20189E-02    9.30513E-01
    2.56500E+02    7.21072E-02    9.30431E-01
    2.56600E+02    7.21791E-02    9.30364E-01
    2.56700E+02    7.23543E-02    9.30201E-01
    2.56800E+02    7.23812E-02    9.30176E-01
    2.56900E+02    7.28626E-02    9.29729E-01
    2.57000E+02    7.24891E-02    9.30076E-01
    2.57100E+02    7.25312E-02    9.30037E-01
    2.57200E+02    7.26311E-02    9.29944E-01
    2.57300E+02    7.27526E-02    9.29831E-01
    2.57400E+02    7.29242E-02    9.29671E-01
    2.57500E+02    7.30999E-02    9.29508E-01
    2.57600E+02    7.33379E-02    9.29287E-01
    2.57700E+02    7.35954E-02    9.29048E-01
    2.57800E+02    7.40075E-02    9.28665E-01
    2.57900E+02    7.44775E-02    9.28228E-01
    2.58000E+02    7.55122E-02    9.27268E-01
    2.58100E+02    7.80004E-02    9.24964E-01
    2.58200E+02    9.92112E-02    9.05551E-01
    2.58300E+02    8.02052E-02    9.22927E-01
    2.58400E+02    7.97810E-02    9.23319E-01
    2.58500E+02    8.32373E-02    9.20133E-01
    2.58600E+02    9.48258E-02    9.09531E-01
    2.58700E+02    1.72615E-01    8.41461E-01
    2.58800E+02    1.03967E-01    9.01255E-01
    2.58900E+02    8.52587E-02    9.18275E-01
    2.59000E+02    7.97389E-02    9.23357E-01
    2.59100E+02    7.73790E-02    9.25539E-01
    2.59200E+02    7.61959E-02    9.26635E-01
    2.59300E+02    7.54837E-02    9.27295E-01
    2.59400E+02    7.50753E-02    9.27674E-01
    2.59500E+02    7.49673E-02    9.27774E-01
    2.59600E+02    7.45920E-02    9.28122E-01
    2.59700E+02    7.44515E-02    9.28252E-01
    2.59800E+02    7.43709E-02    9.28327E-01
    2.59900E+02    7.43360E-02    9.28360E-01
    2.60000E+02    7.43851E-02    9.28314E-01
    2.60100E+02    7.43473E-02    9.28349E-01
    2.60200E+02    7.43039E-02    9.28390E-01
    2.60300E+02    7.43141E-02    9.28380E-01
    2.60400E+02    7.43512E-02    9.28346E-01
    2.60500E+02    7.44215E-02    9.28280E-01
    2.60600E+02    7.44983E-02    9.28209E-01
    2.60700E+02    7.46069E-02    9.28108E-01
    2.60800E+02    7.53595E-02    9.27410E-01
    2.60900E+02    7.47760E-02    9.27951E-01
    2.61000E+02    7.46910E-02    9.28030E-01
    2.61100E+02    7.47808E-02    9.27947E-01
    2.61200E+02    7.47934E-02    9.27935E-01
    2.61300E+02    7.48645E-02    9.27869E-01
    2.61400E+02    7.49419E-02    9.27797E-01
    2.61500E+02    7.50236E-02    9.27722E-01
    2.61600E+02    7.51222E-02    9.27630E-01
    2.61700E+02    7.52493E-02    9.27512E-01
    2.61800E+02    7.53692E-02    9.27401E-01
    2.61900E+02    7.54779E-02    9.27300E-01
    2.62000E+02    7.56368E-02    9.27153E-01
    2.62100E+02    7.57932E-02    9.27008E-01
    2.62200E+02    7.59794E-02    9.26835E-01
    2.62300E+02    7.62357E-02    9.26598E-01
    2.62400E+02    7.66015E-02    9.26259E-01
    2.62500E+02    7.71892E-02    9.25715E-01
    2.62600E+02    7.79661E-02    9.24996E-01
    2.62700E+02    7.99201E-02    9.23190E-01
    2.62800E+02    8.75109E-02    9.16209E-01
    2.62900E+02    9.12248E-02    9.12812E-01
    2.63000E+02    8.15177E-02    9.21716E-01
    2.63100E+02    8.02223E-02    9.22911E-01
    2.63200E+02    8.20031E-02    9.21269E-01
    2.63300E+02    8.12439E-02    9.21969E-01
    2.63400E+02    8.33369E-02    9.20041E-01
    2.63500E+02    8.87520E-02    9.15073E-01
    2.63600E+02    1.06833E-01    8.98676E-01
    2.63700E+02    2.26617E-01    7.97226E-01
    2.63800E+02    1.03784E-01    9.01420E-01
    2.63900E+02    9.46120E-02    9.09726E-01
    2.64000E+02    8.40884E-02    9.19350E-01
    2.64100E+02    8.13049E-02    9.21913E-01
    2.64200E+02    8.00305E-02    9.23088E-01
    2.64300E+02    7.93770E-02    9.23692E-01
    2.64400E+02    7.90362E-02    9.24006E-01
    2.64500E+02    7.89696E-02    9.24068E-01
    2.64600E+02    7.91683E-02    9.23884E-01
    2.64700E+02    7.97567E-02    9.23341E-01
    2.64800E+02    8.15759E-02    9.21663E-01
    2.64900E+02    9.24604E-02    9.11685E-01
    2.65000E+02    8.43918E-02    9.19071E-01
    2.65100E+02    8.03603E-02    9.22784E-01
    2.65200E+02    7.92848E-02    9.23777E-01
    2.65300E+02    7.88588E-02    9.24170E-01
    2.65400E+02    7.86778E-02    9.24338E-01
    2.65500E+02    7.86169E-02    9.24394E-01
    2.65600E+02    7.86354E-02    9.24377E-01
    2.65700E+02    7.86555E-02    9.24358E-01
    2.65800E+02    7.87195E-02    9.24299E-01
    2.65900E+02    7.87988E-02    9.24226E-01
    2.66000E+02    7.88906E-02    9.24141E-01
    2.66100E+02    7.90231E-02    9.24019E-01
    2.66200E+02    7.92003E-02    9.23855E-01
    2.66300E+02    7.92731E-02    9.23788E-01
    2.66400E+02    7.94370E-02    9.23636E-01
    2.66500E+02    7.96597E-02    9.23431E-01
    2.66600E+02    7.99653E-02    9.23148E-01
    2.66700E+02    8.04092E-02    9.22739E-01
    2.66800E+02    8.10923E-02    9.22109E-01
    2.66900E+02    8.22755E-02    9.21018E-01
    2.67000E+02    8.44773E-02    9.18993E-01
    2.67100E+02    8.98292E-02    9.14087E-01
    2.67200E+02    1.09932E-01    8.95895E-01
    2.67300E+02    1.32681E-01    8.75745E-01
    2.67400E+02    9.35320E-02    9.10709E-01
    2.67500E+02    8.58599E-02    9.17723E-01
    2.67600E+02    8.30367E-02    9.20317E-01
    2.67700E+02    8.16901E-02    9.21558E-01
    2.67800E+02    8.09563E-02    9.22234E-01
    2.67900E+02    8.05234E-02    9.22633E-01
    2.68000E+02    8.02599E-02    9.22876E-01
    2.68100E+02    8.01248E-02    9.23001E-01
    2.68200E+02    8.03517E-02    9.22792E-01
    2.68300E+02    7.99630E-02    9.23150E-01
    2.68400E+02    7.99205E-02    9.23190E-01
    2.68500E+02    7.99940E-02    9.23122E-01
    2.68600E+02    8.04157E-02    9.22733E-01
    2.68700E+02    8.07633E-02    9.22412E-01
    2.68800E+02    8.00095E-02    9.23108E-01
    2.68900E+02    7.99174E-02    9.23193E-01
    2.69000E+02    7.99033E-02    9.23206E-01
    2.69100E+02    7.99237E-02    9.23187E-01
    2.69200E+02    7.99526E-02    9.23160E-01
    2.69300E+02    7.99907E-02    9.23125E-01
    2.69400E+02    8.00361E-02    9.23083E-01
    2.69500E+02    8.01016E-02    9.23023E-01
    2.69600E+02    8.01471E-02    9.22981E-01
    2.69700E+02    8.01981E-02    9.22934E-01
    2.69800E+02    8.02612E-02    9.22875E-01
    2.69900E+02    8.03263E-02    9.22815E-01
    2.70000E+02    8.03969E-02    9.22750E-01
    2.70100E+02    8.04923E-02    9.22662E-01
    2.70200E+02    8.05365E-02    9.22621E-01
    2.70300E+02    8.06196E-02    9.22545E-01
    2.70400E+02    8.07329E-02    9.22440E-01
    2.70500E+02    8.08623E-02    9.22321E-01
    2.70600E+02    8.08925E-02    9.22293E-01
    2.70700E+02    8.10744E-02    9.22125E-01
    2.70800E+02    8.11808E-02    9.22027E-01
    2.70900E+02    8.14243E-02    9.21803E-01
    2.71000E+02    8.16702E-02    9.21576E-01
    2.71100E+02    8.40756E-02    9.19362E-01
    2.71200E+02    8.17432E-02    9.21509E-01
    2.71300E+02    8.17409E-02    9.21511E-01
    2.71400E+02    8.16356E-02    9.21608E-01
    2.71500E+02    8.17042E-02    9.21544E-01
    2.71600E+02    8.18142E-02    9.21443E-01
    2.71700E+02    8.19636E-02    9.21306E-01
    2.71800E+02    8.21959E-02    9.21091E-01
    2.71900E+02    8.30224E-02    9.20331E-01
    2.72000E+02    8.26908E-02    9.20636E-01
    2.72100E+02    8.26844E-02    9.20642E-01
    2.72200E+02    8.28933E-02    9.20449E-01
    2.72300E+02    8.32006E-02    9.20167E-01
    2.72400E+02    8.36270E-02    9.19774E-01
    2.72500E+02    8.42348E-02    9.19215E-01
    2.72600E+02    8.51581E-02    9.18367E-01
    2.72700E+02    8.67390E-02    9.16916E-01
    2.72800E+02    8.97758E-02    9.14136E-01
    2.72900E+02    9.74222E-02    9.07173E-01
    2.73000E+02    1.30528E-01    8.77632E-01
    2.73100E+02    1.32123E-01    8.76233E-01
    2.73200E+02    9.79939E-02    9.06654E-01
    2.73300E+02    9.04459E-02    9.13524E-01
    2.73400E+02    8.75054E-02    9.16214E-01
    2.73500E+02    8.61652E-02    9.17443E-01
    2.73600E+02    8.54946E-02    9.18058E-01
    2.73700E+02    8.51681E-02    9.18358E-01
    2.73800E+02    8.51105E-02    9.18411E-01
    2.73900E+02    8.53451E-02    9.18195E-01
    2.74000E+02    8.56114E-02    9.17951E-01
    2.74100E+02    8.61937E-02    9.17417E-01
    2.74200E+02    8.75408E-02    9.16182E-01
    2.74300E+02    9.07923E-02    9.13207E-01
    2.74400E+02    1.02224E-01    9.02828E-01
    2.74500E+02    1.32147E-01    8.76213E-01
    2.74600E+02    9.52290E-02    9.09165E-01
    2.74700E+02    8.90695E-02    9.14782E-01
    2.74800E+02    8.69151E-02    9.16755E-01
    2.74900E+02    8.59480E-02    9.17642E-01
    2.75000E+02    8.54890E-02    9.18063E-01
    2.75100E+02    8.51748E-02    9.18352E-01
    2.75200E+02    8.50932E-02    9.18427E-01
    2.75300E+02    8.48857E-02    9.18617E-01
    2.75400E+02    8.48219E-02    9.18676E-01
    2.75500E+02    8.47882E-02    9.18707E-01
    2.75600E+02    8.47880E-02    9.18707E-01
    2.75700E+02    8.48239E-02    9.18674E-01
    2.75800E+02    8.48756E-02    9.18627E-01
    2.75900E+02    8.49577E-02    9.18551E-01
    2.76000E+02    8.50093E-02    9.18504E-01
    2.76100E+02    8.51141E-02    9.18408E-01
    2.76200E+02    8.52419E-02    9.18290E-01
    2.76300E+02    8.54130E-02    9.18133E-01
    2.76400E+02    8.56339E-02    9.17930E-01
    2.76500E+02    8.59609E-02    9.17630E-01
    2.76600E+02    8.65035E-02    9.17132E-01
    2.76700E+02    8.75860E-02    9.16140E-01
    2.76800E+02    9.05234E-02    9.13453E-01
    2.76900E+02    1.07713E-01    8.97885E-01
    2.77000E+02    9.45748E-02    9.09760E-01
    2.77100E+02    8.89507E-02    9.14891E-01
    2.77200E+02    8.73445E-02    9.16361E-01
    2.77300E+02    8.67334E-02    9.16921E-01
    2.77400E+02    8.64988E-02    9.17137E-01
    2.77500E+02    8.64024E-02    9.17225E-01
    2.77600E+02    8.63168E-02    9.17304E-01
    2.77700E+02    8.62979E-02    9.17321E-01
    2.77800E+02    8.63504E-02    9.17273E-01
    2.77900E+02    8.65423E-02    9.17097E-01
    2.78000E+02    8.65112E-02    9.17125E-01
    2.78100E+02    8.65882E-02    9.17055E-01
    2.78200E+02    8.65999E-02    9.17044E-01
    2.78300E+02    8.67280E-02    9.16926E-01
    2.78400E+02    8.70395E-02    9.16641E-01
    2.78500E+02    8.81183E-02    9.15653E-01
    2.78600E+02    8.73228E-02    9.16381E-01
    2.78700E+02    8.71806E-02    9.16512E-01
    2.78800E+02    8.72658E-02    9.16433E-01
    2.78900E+02    8.74415E-02    9.16272E-01
    2.79000E+02    8.77077E-02    9.16029E-01
    2.79100E+02    8.81261E-02    9.15645E-01
    2.79200E+02    8.89190E-02    9.14920E-01
    2.79300E+02    9.09769E-02    9.13039E-01
    2.79400E+02    9.48152E-02    9.09541E-01
    2.79500E+02    1.12668E-01    8.93447E-01
    2.79600E+02    9.31480E-02    9.11059E-01
    2.79700E+02    9.07027E-02    9.13289E-01
    2.79800E+02    9.11634E-02    9.12869E-01
    2.79900E+02    1.00897E-01    9.04026E-01
    2.80000E+02    9.03107E-02    9.13647E-01
    2.80100E+02    8.90513E-02    9.14799E-01
    2.80200E+02    8.86717E-02    9.15146E-01
    2.80300E+02    8.85283E-02    9.15277E-01
    2.80400E+02    8.84839E-02    9.15318E-01
    2.80500E+02    8.84902E-02    9.15312E-01
    2.80600E+02    8.85347E-02    9.15271E-01
    2.80700E+02    8.86196E-02    9.15194E-01
    2.80800E+02    8.87835E-02    9.15044E-01
    2.80900E+02    8.93526E-02    9.14523E-01
    2.81000E+02    9.18748E-02    9.12219E-01
    2.81100E+02    8.92681E-02    9.14600E-01
    2.81200E+02    8.92587E-02    9.14609E-01
    2.81300E+02    8.91350E-02    9.14722E-01
    2.81400E+02    8.93055E-02    9.14566E-01
    2.81500E+02    9.00317E-02    9.13902E-01
    2.81600E+02    8.95952E-02    9.14301E-01
    2.81700E+02    8.94468E-02    9.14437E-01
    2.81800E+02    8.95226E-02    9.14368E-01
    2.81900E+02    8.97493E-02    9.14160E-01
    2.82000E+02    9.00596E-02    9.13877E-01
    2.82100E+02    8.99368E-02    9.13989E-01
    2.82200E+02    9.00480E-02    9.13887E-01
    2.82300E+02    9.02591E-02    9.13694E-01
    2.82400E+02    9.03976E-02    9.13568E-01
    2.82500E+02    9.07583E-02    9.13238E-01
    2.82600E+02    9.14485E-02    9.12608E-01
    2.82700E+02    9.31926E-02    9.11018E-01
    2.82800E+02    1.01820E-01    9.03192E-01
    2.82900E+02    9.77230E-02    9.06900E-01
    2.83000E+02    9.28534E-02    9.11327E-01
    2.83100E+02    9.17296E-02    9.12352E-01
    2.83200E+02    9.13403E-02    9.12707E-01
    2.83300E+02    9.11745E-02    9.12858E-01
    2.83400E+02    9.11636E-02    9.12868E-01
    2.83500E+02    9.11506E-02    9.12880E-01
    2.83600E+02    9.11880E-02    9.12846E-01
    2.83700E+02    9.12553E-02    9.12785E-01
    2.83800E+02    9.13414E-02    9.12706E-01
    2.83900E+02    9.14418E-02    9.12614E-01
    2.84000E+02    9.15736E-02    9.12494E-01
    2.84100E+02    9.16769E-02    9.12400E-01
    2.84200E+02    9.18069E-02    9.12281E-01
    2.84300E+02    9.19891E-02    9.12115E-01
    2.84400E+02    9.26009E-02    9.11557E-01
    2.84500E+02    9.23037E-02    9.11828E-01
    2.84600E+02    9.25652E-02    9.11590E-01
    2.84700E+02    9.26290E-02    9.11532E-01
    2.84800E+02    9.28693E-02    9.11313E-01
    2.84900E+02    9.30958E-02    9.11106E-01
    2.85000E+02    9.33330E-02    9.10890E-01
    2.85100E+02    9.36544E-02    9.10597E-01
    2.85200E+02    9.40508E-02    9.10237E-01
    2.85300E+02    9.45482E-02    9.09784E-01
    2.85400E+02    9.51966E-02    9.09194E-01
    2.85500E+02    9.60845E-02    9.08387E-01
    2.85600E+02    9.74299E-02    9.07166E-01
    2.85700E+02    9.93237E-02    9.05450E-01
    2.85800E+02    1.02788E-01    9.02318E-01
    2.85900E+02    1.10037E-01    8.95801E-01
    2.86000E+02    1.30997E-01    8.77220E-01
    2.86100E+02    2.24319E-01    7.99060E-01
    2.86200E+02    1.78427E-01    8.36585E-01
    2.86300E+02    1.74180E-01    8.40145E-01
    2.86400E+02    1.15395E-01    8.91014E-01
    2.86500E+02    1.05156E-01    9.00184E-01
    2.86600E+02    1.01027E-01    9.03909E-01
    2.86700E+02    9.89225E-02    9.05813E-01
    2.86800E+02    9.77171E-02    9.06905E-01
    2.86900E+02    9.69986E-02    9.07557E-01
    2.87000E+02    9.66102E-02    9.07910E-01
    2.87100E+02    9.61935E-02    9.08288E-01
    2.87200E+02    9.59867E-02    9.08476E-01
    2.87300E+02    9.58728E-02    9.08580E-01
    2.87400E+02    9.58240E-02    9.08624E-01
    2.87500E+02    9.58293E-02    9.08619E-01
    2.87600E+02    9.58760E-02    9.08577E-01
    2.87700E+02    9.59633E-02    9.08497E-01
    2.87800E+02    9.60950E-02    9.08378E-01
    2.87900E+02    9.62744E-02    9.08215E-01
    2.88000E+02    9.65127E-02    9.07998E-01
    2.88100E+02    9.68277E-02    9.07712E-01
    2.88200E+02    9.72559E-02    9.07324E-01
    2.88300E+02    9.79258E-02    9.06716E-01
    2.88400E+02    9.86699E-02    9.06042E-01
    2.88500E+02    9.99044E-02    9.04924E-01
    2.88600E+02    1.02045E-01    9.02989E-01
    2.88700E+02    1.06226E-01    8.99222E-01
    2.88800E+02    1.16466E-01    8.90061E-01
    2.88900E+02    1.56993E-01    8.54710E-01
    2.89000E+02    1.81611E-01    8.33926E-01
    2.89100E+02    1.20585E-01    8.86401E-01
    2.89200E+02    1.07968E-01    8.97657E-01
    2.89300E+02    1.03231E-01    9.01919E-01
    2.89400E+02    1.00975E-01    9.03955E-01
    2.89500E+02    9.97458E-02    9.05067E-01
    2.89600E+02    9.90230E-02    9.05722E-01
    2.89700E+02    9.85891E-02    9.06115E-01
    2.89800E+02    9.83986E-02    9.06288E-01
    2.89900E+02    9.82872E-02    9.06389E-01
    2.90000E+02    9.82020E-02    9.06466E-01
    2.90100E+02    9.79802E-02    9.06667E-01
    2.90200E+02    9.79380E-02    9.06705E-01
    2.90300E+02    9.79511E-02    9.06693E-01
    2.90400E+02    9.80087E-02    9.06641E-01
    2.90500E+02    9.81352E-02    9.06526E-01
    2.90600E+02    9.82705E-02    9.06404E-01
    2.90700E+02    9.85184E-02    9.06179E-01
    2.90800E+02    9.90645E-02    9.05684E-01
    2.90900E+02    1.00956E-01    9.03973E-01
    2.91000E+02    1.05349E-01    9.00011E-01
    2.91100E+02    9.99885E-02    9.04848E-01
    2.91200E+02    9.92513E-02    9.05515E-01
    2.91300E+02    9.92265E-02    9.05538E-01
    2.91400E+02    9.91695E-02    9.05589E-01
    2.91500E+02    9.91091E-02    9.05644E-01
    2.91600E+02    9.93175E-02    9.05455E-01
    2.91700E+02    1.01811E-01    9.03200E-01
    2.91800E+02    9.94868E-02    9.05302E-01
    2.91900E+02    9.94606E-02    9.05326E-01
    2.92000E+02    9.95664E-02    9.05230E-01
    2.92100E+02    9.97255E-02    9.05086E-01
    2.92200E+02    9.99249E-02    9.04905E-01
    2.92300E+02    1.00169E-01    9.04685E-01
    2.92400E+02    1.00489E-01    9.04395E-01
    2.92500E+02    1.01091E-01    9.03851E-01
    2.92600E+02    1.01492E-01    9.03489E-01
    2.92700E+02    1.02057E-01    9.02978E-01
    2.92800E+02    1.03172E-01    9.01972E-01
    2.92900E+02    1.05247E-01    9.00103E-01
    2.93000E+02    1.10009E-01    8.95826E-01
    2.93100E+02    1.26853E-01    8.80863E-01
    2.93200E+02    1.54415E-01    8.56916E-01
    2.93300E+02    1.15571E-01    8.90857E-01
    2.93400E+02    1.09791E-01    8.96022E-01
    2.93500E+02    1.13569E-01    8.92643E-01
    2.93600E+02    1.11910E-01    8.94124E-01
    2.93700E+02    1.05386E-01    8.99977E-01
    2.93800E+02    1.03682E-01    9.01512E-01
    2.93900E+02    1.02941E-01    9.02180E-01
    2.94000E+02    1.02581E-01    9.02505E-01
    2.94100E+02    1.02398E-01    9.02670E-01
    2.94200E+02    1.02319E-01    9.02741E-01
    2.94300E+02    1.02294E-01    9.02764E-01
    2.94400E+02    1.02313E-01    9.02747E-01
    2.94500E+02    1.02369E-01    9.02696E-01
    2.94600E+02    1.02523E-01    9.02558E-01
    2.94700E+02    1.02502E-01    9.02576E-01
    2.94800E+02    1.02603E-01    9.02485E-01
    2.94900E+02    1.02698E-01    9.02399E-01
    2.95000E+02    1.02807E-01    9.02301E-01
    2.95100E+02    1.02919E-01    9.02200E-01
    2.95200E+02    1.03070E-01    9.02064E-01
    2.95300E+02    1.03355E-01    9.01807E-01
    2.95400E+02    1.03490E-01    9.01685E-01
    2.95500E+02    1.03575E-01    9.01609E-01
    2.95600E+02    1.03606E-01    9.01581E-01
    2.95700E+02    1.03751E-01    9.01450E-01
    2.95800E+02    1.04008E-01    9.01218E-01
    2.95900E+02    1.04088E-01    9.01146E-01
    2.96000E+02    1.04324E-01    9.00933E-01
    2.96100E+02    1.04683E-01    9.00610E-01
    2.96200E+02    1.04631E-01    9.00657E-01
    2.96300E+02    1.04822E-01    9.00484E-01
    2.96400E+02    1.05334E-01    9.00024E-01
    2.96500E+02    1.05244E-01    9.00105E-01
    2.96600E+02    1.05454E-01    8.99916E-01
    2.96700E+02    1.05708E-01    8.99687E-01
    2.96800E+02    1.06032E-01    8.99396E-01
    2.96900E+02    1.06318E-01    8.99139E-01
    2.97000E+02    1.06742E-01    8.98758E-01
    2.97100E+02    1.07625E-01    8.97964E-01
    2.97200E+02    1.09242E-01    8.96513E-01
    2.97300E+02    1.07964E-01    8.97660E-01
    2.97400E+02    1.08327E-01    8.97334E-01
    2.97500E+02    1.08519E-01    8.97162E-01
    2.97600E+02    1.08965E-01    8.96762E-01
    2.97700E+02    1.09528E-01    8.96257E-01
    2.97800E+02    1.10199E-01    8.95656E-01
    2.97900E+02    1.11001E-01    8.94938E-01
    2.98000E+02    1.11976E-01    8.94065E-01
    2.98100E+02    1.13210E-01    8.92963E-01
    2.98200E+02    1.14850E-01    8.91500E-01
    2.98300E+02    1.17378E-01    8.89249E-01
    2.98400E+02    1.21686E-01    8.85427E-01
    2.98500E+02    1.25476E-01    8.82077E-01
    2.98600E+02    1.19884E-01    8.87023E-01
    2.98700E+02    1.16587E-01    8.89953E-01
    2.98800E+02    1.15472E-01    8.90945E-01
    2.98900E+02    1.14059E-01    8.92205E-01
    2.99000E+02    1.13259E-01    8.92919E-01
    2.99100E+02    1.12707E-01    8.93413E-01
    2.99200E+02    1.12327E-01    8.93752E-01
    2.99300E+02    1.12130E-01    8.93928E-01
    2.99400E+02    1.12343E-01    8.93737E-01
    2.99500E+02    1.14720E-01    8.91616E-01
    2.99600E+02    1.11944E-01    8.94094E-01
    2.99700E+02    1.11827E-01    8.94199E-01
    2.99800E+02    1.11544E-01    8.94452E-01
    2.99900E+02    1.11559E-01    8.94438E-01
    3.00000E+02    1.11675E-01    8.94335E-01
    3.00100E+02    1.11955E-01    8.94084E-01
    3.00200E+02    1.12226E-01    8.93842E-01
    3.00300E+02    1.12667E-01    8.93448E-01
    3.00400E+02    1.13520E-01    8.92686E-01
    3.00500E+02    1.15365E-01    8.91041E-01
    3.00600E+02    1.21216E-01    8.85843E-01
    3.00700E+02    1.44363E-01    8.65574E-01
    3.00800E+02    1.19225E-01    8.87608E-01
    3.00900E+02    1.16054E-01    8.90427E-01
    3.01000E+02    1.15340E-01    8.91063E-01
    3.01100E+02    1.15374E-01    8.91032E-01
    3.01200E+02    1.15931E-01    8.90537E-01
    3.01300E+02    1.17086E-01    8.89509E-01
    3.01400E+02    1.19109E-01    8.87711E-01
    3.01500E+02    1.22849E-01    8.84398E-01
    3.01600E+02    1.30903E-01    8.77303E-01
    3.01700E+02    1.54380E-01    8.56946E-01
    3.01800E+02    3.20172E-01    7.26024E-01
    3.01900E+02    1.68857E-01    8.44630E-01
    3.02000E+02    1.35253E-01    8.73495E-01
    3.02100E+02    1.25375E-01    8.82166E-01
    3.02200E+02    1.21254E-01    8.85809E-01
    3.02300E+02    1.19270E-01    8.87568E-01
    3.02400E+02    1.18308E-01    8.88423E-01
    3.02500E+02    1.18016E-01    8.88682E-01
    3.02600E+02    1.18070E-01    8.88634E-01
    3.02700E+02    1.18547E-01    8.88210E-01
    3.02800E+02    1.19765E-01    8.87129E-01
    3.02900E+02    1.22446E-01    8.84753E-01
    3.03000E+02    1.29235E-01    8.78767E-01
    3.03100E+02    1.54510E-01    8.56835E-01
    3.03200E+02    1.79526E-01    8.35666E-01
    3.03300E+02    1.33231E-01    8.75263E-01
    3.03400E+02    1.24087E-01    8.83303E-01
    3.03500E+02    1.20874E-01    8.86146E-01
    3.03600E+02    1.19621E-01    8.87257E-01
    3.03700E+02    1.18473E-01    8.88276E-01
    3.03800E+02    1.18024E-01    8.88675E-01
    3.03900E+02    1.17849E-01    8.88830E-01
    3.04000E+02    1.17769E-01    8.88901E-01
    3.04100E+02    1.17798E-01    8.88875E-01
    3.04200E+02    1.17912E-01    8.88774E-01
    3.04300E+02    1.18092E-01    8.88615E-01
    3.04400E+02    1.18340E-01    8.88394E-01
    3.04500E+02    1.18666E-01    8.88104E-01
    3.04600E+02    1.19104E-01    8.87715E-01
    3.04700E+02    1.19757E-01    8.87136E-01
    3.04800E+02    1.21326E-01    8.85745E-01
    3.04900E+02    1.20420E-01    8.86548E-01
    3.05000E+02    1.19883E-01    8.87025E-01
    3.05100E+02    1.19703E-01    8.87184E-01
    3.05200E+02    1.19579E-01    8.87294E-01
    3.05300E+02    1.19554E-01    8.87316E-01
    3.05400E+02    1.19584E-01    8.87289E-01
    3.05500E+02    1.19650E-01    8.87231E-01
    3.05600E+02    1.19745E-01    8.87147E-01
    3.05700E+02    1.19861E-01    8.87044E-01
    3.05800E+02    1.19995E-01    8.86925E-01
    3.05900E+02    1.20160E-01    8.86778E-01
    3.06000E+02    1.20344E-01    8.86615E-01
    3.06100E+02    1.20485E-01    8.86491E-01
    3.06200E+02    1.20662E-01    8.86334E-01
    3.06300E+02    1.20850E-01    8.86167E-01
    3.06400E+02    1.21055E-01    8.85986E-01
    3.06500E+02    1.21247E-01    8.85815E-01
    3.06600E+02    1.21457E-01    8.85629E-01
    3.06700E+02    1.21678E-01    8.85434E-01
    3.06800E+02    1.21912E-01    8.85227E-01
    3.06900E+02    1.22222E-01    8.84952E-01
    3.07000E+02    1.22405E-01    8.84790E-01
    3.07100E+02    1.22611E-01    8.84608E-01
    3.07200E+02    1.22862E-01    8.84386E-01
    3.07300E+02    1.23226E-01    8.84064E-01
    3.07400E+02    1.23565E-01    8.83764E-01
    3.07500E+02    1.24003E-01    8.83377E-01
    3.07600E+02    1.24050E-01    8.83336E-01
    3.07700E+02    1.24259E-01    8.83151E-01
    3.07800E+02    1.24514E-01    8.82926E-01
    3.07900E+02    1.24791E-01    8.82681E-01
    3.08000E+02    1.25066E-01    8.82438E-01
    3.08100E+02    1.25355E-01    8.82184E-01
    3.08200E+02    1.25660E-01    8.81915E-01
    3.08300E+02    1.25984E-01    8.81629E-01
    3.08400E+02    1.26360E-01    8.81298E-01
    3.08500E+02    1.26994E-01    8.80739E-01
    3.08600E+02    1.27730E-01    8.80091E-01
    3.08700E+02    1.27406E-01    8.80376E-01
    3.08800E+02    1.27766E-01    8.80059E-01
    3.08900E+02    1.28144E-01    8.79726E-01
    3.09000E+02    1.28299E-01    8.79590E-01
    3.09100E+02    1.28638E-01    8.79292E-01
    3.09200E+02    1.29060E-01    8.78921E-01
    3.09300E+02    1.29481E-01    8.78551E-01
    3.09400E+02    1.30046E-01    8.78055E-01
    3.09500E+02    1.30315E-01    8.77819E-01
    3.09600E+02    1.30835E-01    8.77362E-01
    3.09700E+02    1.31520E-01    8.76762E-01
    3.09800E+02    1.32569E-01    8.75843E-01
    3.09900E+02    1.34508E-01    8.74146E-01
    3.10000E+02    1.41066E-01    8.68432E-01
    3.10100E+02    1.46999E-01    8.63295E-01
    3.10200E+02    1.36511E-01    8.72397E-01
    3.10300E+02    1.34867E-01    8.73832E-01
    3.10400E+02    1.34388E-01    8.74251E-01
    3.10500E+02    1.34400E-01    8.74240E-01
    3.10600E+02    1.34579E-01    8.74084E-01
    3.10700E+02    1.34848E-01    8.73849E-01
    3.10800E+02    1.35168E-01    8.73569E-01
    3.10900E+02    1.35523E-01    8.73259E-01
    3.11000E+02    1.35908E-01    8.72923E-01
    3.11100E+02    1.36369E-01    8.72521E-01
    3.11200E+02    1.36743E-01    8.72194E-01
    3.11300E+02    1.37124E-01    8.71862E-01
    3.11400E+02    1.37550E-01    8.71491E-01
    3.11500E+02    1.38005E-01    8.71095E-01
    3.11600E+02    1.38552E-01    8.70618E-01
    3.11700E+02    1.39013E-01    8.70217E-01
    3.11800E+02    1.39424E-01    8.69859E-01
    3.11900E+02    1.39880E-01    8.69463E-01
    3.12000E+02    1.40384E-01    8.69024E-01
    3.12100E+02    1.40905E-01    8.68571E-01
    3.12200E+02    1.41443E-01    8.68104E-01
    3.12300E+02    1.42000E-01    8.67621E-01
    3.12400E+02    1.42580E-01    8.67119E-01
    3.12500E+02    1.43224E-01    8.66560E-01
    3.12600E+02    1.43850E-01    8.66018E-01
    3.12700E+02    1.44390E-01    8.65551E-01
    3.12800E+02    1.45024E-01    8.65001E-01
    3.12900E+02    1.45949E-01    8.64202E-01
    3.13000E+02    1.46341E-01    8.63863E-01
    3.13100E+02    1.46985E-01    8.63307E-01
    3.13200E+02    1.47604E-01    8.62772E-01
    3.13300E+02    1.48297E-01    8.62175E-01
    3.13400E+02    1.49032E-01    8.61541E-01
    3.13500E+02    1.49835E-01    8.60850E-01
    3.13600E+02    1.50792E-01    8.60027E-01
    3.13700E+02    1.51264E-01    8.59620E-01
    3.13800E+02    1.52022E-01    8.58969E-01
    3.13900E+02    1.52871E-01    8.58241E-01
    3.14000E+02    1.54279E-01    8.57033E-01
    3.14100E+02    1.54428E-01    8.56906E-01
    3.14200E+02    1.55195E-01    8.56248E-01
    3.14300E+02    1.56034E-01    8.55530E-01
    3.14400E+02    1.56913E-01    8.54778E-01
    3.14500E+02    1.57831E-01    8.53994E-01
    3.14600E+02    1.58789E-01    8.53176E-01
    3.14700E+02    1.59795E-01    8.52319E-01
    3.14800E+02    1.60855E-01    8.51416E-01
    3.14900E+02    1.61980E-01    8.50458E-01
    3.15000E+02    1.63191E-01    8.49429E-01
    3.15100E+02    1.64538E-01    8.48286E-01
    3.15200E+02    1.65956E-01    8.47084E-01
    3.15300E+02    1.67604E-01    8.45688E-01
    3.15400E+02    1.69594E-01    8.44007E-01
    3.15500E+02    1.72188E-01    8.41821E-01
    3.15600E+02    1.76066E-01    8.38562E-01
    3.15700E+02    1.83471E-01    8.32376E-01
    3.15800E+02    2.06631E-01    8.13319E-01
    3.15900E+02    2.57393E-01    7.73064E-01
    3.16000E+02    1.98212E-01    8.20196E-01
    3.16100E+02    1.93972E-01    8.23681E-01
    3.16200E+02    2.04517E-01    8.15041E-01
    3.16300E+02    2.74422E-01    7.60012E-01
    3.16400E+02    2.25260E-01    7.98308E-01
    3.16500E+02    1.99409E-01    8.19215E-01
    3.16600E+02    1.95079E-01    8.22769E-01
    3.16700E+02    2.01015E-01    8.17900E-01
    3.16800E+02    1.92179E-01    8.25159E-01
    3.16900E+02    1.91911E-01    8.25380E-01
    3.17000E+02    1.93335E-01    8.24206E-01
    3.17100E+02    1.96931E-01    8.21247E-01
    3.17200E+02    2.15692E-01    8.05984E-01
    3.17300E+02    1.99603E-01    8.19056E-01
    3.17400E+02    1.99292E-01    8.19311E-01
    3.17500E+02    2.00537E-01    8.18292E-01
    3.17600E+02    2.02296E-01    8.16853E-01
    3.17700E+02    2.04335E-01    8.15189E-01
    3.17800E+02    2.06546E-01    8.13389E-01
    3.17900E+02    2.08889E-01    8.11485E-01
    3.18000E+02    2.11392E-01    8.09457E-01
    3.18100E+02    2.14077E-01    8.07286E-01
    3.18200E+02    2.16818E-01    8.05077E-01
    3.18300E+02    2.19742E-01    8.02725E-01
    3.18400E+02    2.22831E-01    8.00250E-01
    3.18500E+02    2.26106E-01    7.97634E-01
    3.18600E+02    2.29458E-01    7.94964E-01
    3.18700E+02    2.33044E-01    7.92118E-01
    3.18800E+02    2.36827E-01    7.89128E-01
    3.18900E+02    2.40818E-01    7.85984E-01
    3.19000E+02    2.45040E-01    7.82673E-01
    3.19100E+02    2.49529E-01    7.79168E-01
    3.19200E+02    2.54383E-01    7.75395E-01
    3.19300E+02    2.59486E-01    7.71448E-01
    3.19400E+02    2.65092E-01    7.67135E-01
    3.19500E+02    2.70977E-01    7.62634E-01
    3.19600E+02    2.77779E-01    7.57464E-01
    3.19700E+02    2.85989E-01    7.51271E-01
    3.19800E+02    2.97422E-01    7.42730E-01
    3.19900E+02    3.20579E-01    7.25729E-01
    3.20000E+02    4.63883E-01    6.28837E-01
    3.20100E+02    3.33101E-01    7.16698E-01
    3.20200E+02    3.25998E-01    7.21806E-01
    3.20300E+02    3.29540E-01    7.19254E-01
    3.20400E+02    3.36194E-01    7.14485E-01
    3.20500E+02    3.44197E-01    7.08789E-01
    3.20600E+02    3.53200E-01    7.02436E-01
    3.20700E+02    3.62793E-01    6.95730E-01
    3.20800E+02    3.72942E-01    6.88705E-01
    3.20900E+02    3.83508E-01    6.81467E-01
    3.21000E+02    3.94415E-01    6.74074E-01
    3.21100E+02    4.05634E-01    6.66554E-01
    3.21200E+02    4.16867E-01    6.59109E-01
    3.21300E+02    4.28325E-01    6.51599E-01
    3.21400E+02    4.40100E-01    6.43972E-01
    3.21500E+02    4.52403E-01    6.36098E-01
    3.21600E+02    4.65160E-01    6.28035E-01
    3.21700E+02    4.78795E-01    6.19529E-01
    3.21800E+02    4.93423E-01    6.10533E-01
    3.21900E+02    5.09354E-01    6.00884E-01
    3.22000E+02    5.28988E-01    5.89201E-01
    3.22100E+02    5.45366E-01    5.79630E-01
    3.22200E+02    5.64735E-01    5.68511E-01
    3.22300E+02    5.85919E-01    5.56594E-01
    3.22400E+02    6.09254E-01    5.43756E-01
    3.22500E+02    6.34649E-01    5.30122E-01
    3.22600E+02    6.62241E-01    5.15694E-01
    3.22700E+02    6.92378E-01    5.00385E-01
    3.22800E+02    7.24697E-01    4.84471E-01
    3.22900E+02    7.60013E-01    4.67660E-01
    3.23000E+02    7.98385E-01    4.50055E-01
    3.23100E+02    8.40059E-01    4.31685E-01
    3.23200E+02    8.85315E-01    4.12584E-01
    3.23300E+02    9.34419E-01    3.92814E-01
    3.23400E+02    9.87685E-01    3.72438E-01
    3.23500E+02    1.04544E+00    3.51538E-01
    3.23600E+02    1.10816E+00    3.30166E-01
    3.23700E+02    1.18091E+00    3.07000E-01
    3.23800E+02    1.24760E+00    2.87194E-01
    3.23900E+02    1.32439E+00    2.65966E-01
    3.24000E+02    1.40660E+00    2.44974E-01
    3.24100E+02    1.49380E+00    2.24519E-01
    3.24200E+02    1.58564E+00    2.04816E-01
    3.24300E+02    1.68108E+00    1.86173E-01
    3.24400E+02    1.77898E+00    1.68810E-01
    3.24500E+02    1.87791E+00    1.52910E-01
    3.24600E+02    1.97567E+00    1.38668E-01
    3.24700E+02    2.06941E+00    1.26260E-01
    3.24800E+02    2.15559E+00    1.15835E-01
    3.24900E+02    2.23004E+00    1.07524E-01
    3.25000E+02    2.28770E+00    1.01500E-01
    3.25100E+02    2.32295E+00    9.79836E-02
    3.25200E+02    2.32537E+00    9.77474E-02
    3.25300E+02    2.29415E+00    1.00847E-01
    3.25400E+02    2.24014E+00    1.06443E-01
    3.25500E+02    2.16870E+00    1.14326E-01
    3.25600E+02    2.08519E+00    1.24284E-01
    3.25700E+02    1.99350E+00    1.36218E-01
    3.25800E+02    1.89751E+00    1.49941E-01
    3.25900E+02    1.79996E+00    1.65305E-01
    3.26000E+02    1.70317E+00    1.82104E-01
    3.26100E+02    1.60863E+00    2.00162E-01
    3.26200E+02    1.51760E+00    2.19238E-01
    3.26300E+02    1.43131E+00    2.38996E-01
    3.26400E+02    1.35103E+00    2.58974E-01
    3.26500E+02    1.27740E+00    2.78761E-01
    3.26600E+02    1.20644E+00    2.99261E-01
    3.26700E+02    1.14813E+00    3.17230E-01
    3.26800E+02    1.11520E+00    3.27851E-01
    3.26900E+02    1.32782E+00    2.65054E-01
    3.27000E+02    1.00363E+00    3.66545E-01
    3.27100E+02    9.22716E-01    3.97438E-01
    3.27200E+02    8.66604E-01    4.20377E-01
    3.27300E+02    8.19531E-01    4.40638E-01
    3.27400E+02    7.77868E-01    4.59385E-01
    3.27500E+02    7.40373E-01    4.76936E-01
    3.27600E+02    7.06727E-01    4.93256E-01
    3.27700E+02    6.78298E-01    5.07480E-01
    3.27800E+02    6.61459E-01    5.16098E-01
    3.27900E+02    6.31010E-01    5.32054E-01
    3.28000E+02    5.95028E-01    5.51547E-01
    3.28100E+02    5.69020E-01    5.66080E-01
    3.28200E+02    5.46294E-01    5.79092E-01
    3.28300E+02    5.25564E-01    5.91222E-01
    3.28400E+02    5.06455E-01    6.02628E-01
    3.28500E+02    4.88814E-01    6.13353E-01
    3.28600E+02    4.72261E-01    6.23591E-01
    3.28700E+02    4.56854E-01    6.33273E-01
    3.28800E+02    4.42525E-01    6.42412E-01
    3.28900E+02    4.29098E-01    6.51096E-01
    3.29000E+02    4.16559E-01    6.59312E-01
    3.29100E+02    4.04881E-01    6.67057E-01
    3.29200E+02    3.93778E-01    6.74504E-01
    3.29300E+02    3.83517E-01    6.81460E-01
    3.29400E+02    3.73622E-01    6.88237E-01
    3.29500E+02    3.64433E-01    6.94590E-01
    3.29600E+02    3.55901E-01    7.00542E-01
    3.29700E+02    3.47812E-01    7.06231E-01
    3.29800E+02    3.40992E-01    7.11065E-01
    3.29900E+02    3.32725E-01    7.16967E-01
    3.30000E+02    3.25732E-01    7.21999E-01
    3.30100E+02    3.19201E-01    7.26730E-01
    3.30200E+02    3.13040E-01    7.31221E-01
    3.30300E+02    3.07207E-01    7.35498E-01
    3.30400E+02    3.01687E-01    7.39570E-01
    3.30500E+02    2.96444E-01    7.43458E-01
    3.30600E+02    2.91488E-01    7.47151E-01
    3.30700E+02    2.86779E-01    7.50678E-01
    3.30800E+02    2.82303E-01    7.54045E-01
    3.30900E+02    2.78068E-01    7.57245E-01
    3.31000E+02    2.74079E-01    7.60272E-01
    3.31100E+02    2.70261E-01    7.63180E-01
    3.31200E+02    2.66592E-01    7.65986E-01
    3.31300E+02    2.63147E-01    7.68629E-01
    3.31400E+02    2.59893E-01    7.71134E-01
    3.31500E+02    2.56844E-01    7.73489E-01
    3.31600E+02    2.53985E-01    7.75704E-01
    3.31700E+02    2.51364E-01    7.77739E-01
    3.31800E+02    2.49582E-01    7.79126E-01
    3.31900E+02    2.46522E-01    7.81514E-01
    3.32000E+02    2.44414E-01    7.83163E-01
    3.32100E+02    2.42860E-01    7.84381E-01
    3.32200E+02    2.41488E-01    7.85458E-01
    3.32300E+02    2.41086E-01    7.85774E-01
    3.32400E+02    2.42308E-01    7.84815E-01
    3.32500E+02    2.47480E-01    7.80766E-01
    3.32600E+02    2.66655E-01    7.65938E-01
    3.32700E+02    4.36909E-01    6.46030E-01
    3.32800E+02    2.81885E-01    7.54361E-01
    3.32900E+02    2.94336E-01    7.45026E-01
    3.33000E+02    2.42377E-01    7.84761E-01
    3.33100E+02    2.30764E-01    7.93927E-01
    3.33200E+02    2.25099E-01    7.98437E-01
    3.33300E+02    2.21468E-01    8.01342E-01
    3.33400E+02    2.18769E-01    8.03507E-01
    3.33500E+02    2.16555E-01    8.05289E-01
    3.33600E+02    2.14676E-01    8.06803E-01
    3.33700E+02    2.13005E-01    8.08152E-01
    3.33800E+02    2.11514E-01    8.09358E-01
    3.33900E+02    2.10222E-01    8.10404E-01
    3.34000E+02    2.09007E-01    8.11390E-01
    3.34100E+02    2.07621E-01    8.12515E-01
    3.34200E+02    2.06447E-01    8.13469E-01
    3.34300E+02    2.05381E-01    8.14337E-01
    3.34400E+02    2.04370E-01    8.15161E-01
    3.34500E+02    2.03444E-01    8.15916E-01
    3.34600E+02    2.02588E-01    8.16615E-01
    3.34700E+02    2.01826E-01    8.17237E-01
    3.34800E+02    2.01169E-01    8.17774E-01
    3.34900E+02    2.00715E-01    8.18146E-01
    3.35000E+02    2.00654E-01    8.18195E-01
    3.35100E+02    2.01710E-01    8.17332E-01
    3.35200E+02    2.07530E-01    8.12589E-01
    3.35300E+02    2.18002E-01    8.04124E-01
    3.35400E+02    2.01143E-01    8.17796E-01
    3.35500E+02    1.97664E-01    8.20646E-01
    3.35600E+02    1.96134E-01    8.21902E-01
    3.35700E+02    1.95461E-01    8.22456E-01
    3.35800E+02    1.94119E-01    8.23560E-01
    3.35900E+02    1.93799E-01    8.23824E-01
    3.36000E+02    1.92671E-01    8.24754E-01
    3.36100E+02    1.91993E-01    8.25313E-01
    3.36200E+02    1.91782E-01    8.25487E-01
    3.36300E+02    1.90817E-01    8.26284E-01
    3.36400E+02    1.90227E-01    8.26771E-01
    3.36500E+02    1.89703E-01    8.27205E-01
    3.36600E+02    1.89218E-01    8.27606E-01
    3.36700E+02    1.88754E-01    8.27990E-01
    3.36800E+02    1.88318E-01    8.28351E-01
    3.36900E+02    1.87912E-01    8.28688E-01
    3.37000E+02    1.87512E-01    8.29019E-01
    3.37100E+02    1.87261E-01    8.29227E-01
    3.37200E+02    1.86899E-01    8.29528E-01
    3.37300E+02    1.86508E-01    8.29852E-01
    3.37400E+02    1.86173E-01    8.30130E-01
    3.37500E+02    1.86001E-01    8.30273E-01
    3.37600E+02    1.86042E-01    8.30239E-01
    3.37700E+02    1.85501E-01    8.30688E-01
    3.37800E+02    1.84990E-01    8.31113E-01
    3.37900E+02    1.84673E-01    8.31376E-01
    3.38000E+02    1.84408E-01    8.31596E-01
    3.38100E+02    1.84177E-01    8.31789E-01
    3.38200E+02    1.83961E-01    8.31969E-01
    3.38300E+02    1.83823E-01    8.32083E-01
    3.38400E+02    1.83628E-01    8.32246E-01
    3.38500E+02    1.83448E-01    8.32395E-01
    3.38600E+02    1.83434E-01    8.32406E-01
    3.38700E+02    1.84642E-01    8.31402E-01
    3.38800E+02    1.83340E-01    8.32485E-01
    3.38900E+02    1.82874E-01    8.32873E-01
    3.39000E+02    1.82608E-01    8.33095E-01
    3.39100E+02    1.82435E-01    8.33239E-01
    3.39200E+02    1.82295E-01    8.33356E-01
    3.39300E+02    1.82171E-01    8.33459E-01
    3.39400E+02    1.82061E-01    8.33550E-01
    3.39500E+02    1.81961E-01    8.33634E-01
    3.39600E+02    1.81872E-01    8.33708E-01
    3.39700E+02    1.81794E-01    8.33773E-01
    3.39800E+02    1.81738E-01    8.33820E-01
    3.39900E+02    1.81700E-01    8.33852E-01
    3.40000E+02    1.81614E-01    8.33923E-01
    3.40100E+02    1.81562E-01    8.33967E-01
    3.40200E+02    1.81522E-01    8.34000E-01
    3.40300E+02    1.81492E-01    8.34025E-01
    3.40400E+02    1.81473E-01    8.34040E-01
    3.40500E+02    1.81477E-01    8.34037E-01
    3.40600E+02    1.81566E-01    8.33964E-01
    3.40700E+02    1.81876E-01    8.33705E-01
    3.40800E+02    1.81495E-01    8.34022E-01
    3.40900E+02    1.81459E-01    8.34053E-01
    3.41000E+02    1.81459E-01    8.34052E-01
    3.41100E+02    1.81477E-01    8.34038E-01
    3.41200E+02    1.81505E-01    8.34014E-01
    3.41300E+02    1.81541E-01    8.33984E-01
    3.41400E+02    1.81586E-01    8.33947E-01
    3.41500E+02    1.81642E-01    8.33900E-01
    3.41600E+02    1.81709E-01    8.33844E-01
    3.41700E+02    1.81791E-01    8.33775E-01
    3.41800E+02    1.81915E-01    8.33672E-01
    3.41900E+02    1.82210E-01    8.33426E-01
    3.42000E+02    1.82163E-01    8.33466E-01
    3.42100E+02    1.82746E-01    8.32979E-01
    3.42200E+02    1.82394E-01    8.33273E-01
    3.42300E+02    1.82532E-01    8.33158E-01
    3.42400E+02    1.82717E-01    8.33003E-01
    3.42500E+02    1.82991E-01    8.32775E-01
    3.42600E+02    1.83243E-01    8.32566E-01
    3.42700E+02    1.83660E-01    8.32219E-01
    3.42800E+02    1.84299E-01    8.31687E-01
    3.42900E+02    1.85342E-01    8.30820E-01
    3.43000E+02    1.87528E-01    8.29006E-01
    3.43100E+02    1.93959E-01    8.23691E-01
    3.43200E+02    2.21049E-01    8.01677E-01
    3.43300E+02    2.02294E-01    8.16855E-01
    3.43400E+02    1.92116E-01    8.25211E-01
    3.43500E+02    2.01828E-01    8.17235E-01
    3.43600E+02    1.88443E-01    8.28247E-01
    3.43700E+02    1.86152E-01    8.30148E-01
    3.43800E+02    1.85368E-01    8.30799E-01
    3.43900E+02    1.85056E-01    8.31057E-01
    3.44000E+02    1.84887E-01    8.31199E-01
    3.44100E+02    1.84838E-01    8.31239E-01
    3.44200E+02    1.84850E-01    8.31229E-01
    3.44300E+02    1.84902E-01    8.31186E-01
    3.44400E+02    1.84991E-01    8.31112E-01
    3.44500E+02    1.85104E-01    8.31018E-01
    3.44600E+02    1.85259E-01    8.30889E-01
    3.44700E+02    1.85396E-01    8.30775E-01
    3.44800E+02    1.85596E-01    8.30609E-01
    3.44900E+02    1.85765E-01    8.30469E-01
    3.45000E+02    1.85863E-01    8.30387E-01
    3.45100E+02    1.86023E-01    8.30255E-01
    3.45200E+02    1.86200E-01    8.30108E-01
    3.45300E+02    1.86382E-01    8.29956E-01
    3.45400E+02    1.86576E-01    8.29796E-01
    3.45500E+02    1.86774E-01    8.29631E-01
    3.45600E+02    1.86979E-01    8.29461E-01
    3.45700E+02    1.87188E-01    8.29288E-01
    3.45800E+02    1.87403E-01    8.29110E-01
    3.45900E+02    1.87624E-01    8.28926E-01
    3.46000E+02    1.87851E-01    8.28738E-01
    3.46100E+02    1.88100E-01    8.28532E-01
    3.46200E+02    1.88335E-01    8.28338E-01
    3.46300E+02    1.88557E-01    8.28153E-01
    3.46400E+02    1.88803E-01    8.27949E-01
    3.46500E+02    1.89043E-01    8.27751E-01
    3.46600E+02    1.89310E-01    8.27530E-01
    3.46700E+02    1.89564E-01    8.27319E-01
    3.46800E+02    1.89865E-01    8.27071E-01
    3.46900E+02    1.90200E-01    8.26794E-01
    3.47000E+02    1.90385E-01    8.26641E-01
    3.47100E+02    1.90688E-01    8.26391E-01
    3.47200E+02    1.91201E-01    8.25966E-01
    3.47300E+02    1.91305E-01    8.25881E-01
    3.47400E+02    1.91486E-01    8.25731E-01
    3.47500E+02    1.91756E-01    8.25508E-01
    3.47600E+02    1.92059E-01    8.25258E-01
    3.47700E+02    1.92410E-01    8.24969E-01
    3.47800E+02    1.93081E-01    8.24415E-01
    3.47900E+02    1.93034E-01    8.24454E-01
    3.48000E+02    1.93372E-01    8.24175E-01
    3.48100E+02    1.93609E-01    8.23980E-01
    3.48200E+02    1.93918E-01    8.23726E-01
    3.48300E+02    1.94229E-01    8.23469E-01
    3.48400E+02    1.94563E-01    8.23194E-01
    3.48500E+02    1.94921E-01    8.22900E-01
    3.48600E+02    1.95341E-01    8.22554E-01
    3.48700E+02    1.95591E-01    8.22349E-01
    3.48800E+02    1.95941E-01    8.22061E-01
    3.48900E+02    1.96309E-01    8.21758E-01
    3.49000E+02    1.96946E-01    8.21235E-01
    3.49100E+02    1.97055E-01    8.21145E-01
    3.49200E+02    1.97433E-01    8.20835E-01
    3.49300E+02    1.97850E-01    8.20493E-01
    3.49400E+02    1.98337E-01    8.20093E-01
    3.49500E+02    1.99063E-01    8.19499E-01
    3.49600E+02    1.99809E-01    8.18888E-01
    3.49700E+02    2.01960E-01    8.17128E-01
    3.49800E+02    2.01893E-01    8.17182E-01
    3.49900E+02    2.00810E-01    8.18068E-01
