    1.49900E+02    2.47254E-01    7.80942E-01
    1.50000E+02    2.47769E-01    7.80541E-01
    1.50100E+02    2.48284E-01    7.80139E-01
    1.50200E+02    2.48750E-01    7.79775E-01
    1.50300E+02    2.49264E-01    7.79374E-01
    1.50400E+02    2.49763E-01    7.78985E-01
    1.50500E+02    2.50273E-01    7.78588E-01
    1.50600E+02    2.50789E-01    7.78187E-01
    1.50700E+02    2.51319E-01    7.77774E-01
    1.50800E+02    2.51843E-01    7.77366E-01
    1.50900E+02    2.52372E-01    7.76956E-01
    1.51000E+02    2.52902E-01    7.76544E-01
    1.51100E+02    2.53447E-01    7.76121E-01
    1.51200E+02    2.53980E-01    7.75707E-01
    1.51300E+02    2.54525E-01    7.75284E-01
    1.51400E+02    2.55062E-01    7.74868E-01
    1.51500E+02    2.55600E-01    7.74452E-01
    1.51600E+02    2.56147E-01    7.74028E-01
    1.51700E+02    2.56681E-01    7.73615E-01
    1.51800E+02    2.57214E-01    7.73203E-01
    1.51900E+02    2.57760E-01    7.72781E-01
    1.52000E+02    2.58294E-01    7.72368E-01
    1.52100E+02    2.58840E-01    7.71946E-01
    1.52200E+02    2.59375E-01    7.71534E-01
    1.52300E+02    2.59926E-01    7.71109E-01
    1.52400E+02    2.60472E-01    7.70688E-01
    1.52500E+02    2.61035E-01    7.70254E-01
    1.52600E+02    2.61586E-01    7.69829E-01
    1.52700E+02    2.62156E-01    7.69391E-01
    1.52800E+02    2.62722E-01    7.68956E-01
    1.52900E+02    2.63306E-01    7.68507E-01
    1.53000E+02    2.63894E-01    7.68055E-01
    1.53100E+02    2.64495E-01    7.67593E-01
    1.53200E+02    2.65097E-01    7.67132E-01
    1.53300E+02    2.65728E-01    7.66648E-01
    1.53400E+02    2.66383E-01    7.66146E-01
    1.53500E+02    2.67107E-01    7.65591E-01
    1.53600E+02    2.67956E-01    7.64942E-01
    1.53700E+02    2.69610E-01    7.63678E-01
    1.53800E+02    2.70149E-01    7.63266E-01
    1.53900E+02    2.72499E-01    7.61474E-01
    1.54000E+02    2.76850E-01    7.58169E-01
    1.54100E+02    2.75501E-01    7.59192E-01
    1.54200E+02    2.72718E-01    7.61307E-01
    1.54300E+02    2.72489E-01    7.61482E-01
    1.54400E+02    2.72752E-01    7.61282E-01
    1.54500E+02    2.73196E-01    7.60943E-01
    1.54600E+02    2.73733E-01    7.60535E-01
    1.54700E+02    2.74456E-01    7.59986E-01
    1.54800E+02    2.75062E-01    7.59525E-01
    1.54900E+02    2.75673E-01    7.59061E-01
    1.55000E+02    2.76313E-01    7.58575E-01
    1.55100E+02    2.76959E-01    7.58085E-01
    1.55200E+02    2.77615E-01    7.57588E-01
    1.55300E+02    2.78269E-01    7.57093E-01
    1.55400E+02    2.78941E-01    7.56585E-01
    1.55500E+02    2.79622E-01    7.56070E-01
    1.55600E+02    2.80308E-01    7.55551E-01
    1.55700E+02    2.81011E-01    7.55020E-01
    1.55800E+02    2.81719E-01    7.54486E-01
    1.55900E+02    2.82489E-01    7.53905E-01
    1.56000E+02    2.83346E-01    7.53259E-01
    1.56100E+02    2.85659E-01    7.51519E-01
    1.56200E+02    2.84813E-01    7.52155E-01
    1.56300E+02    2.85331E-01    7.51765E-01
    1.56400E+02    2.86024E-01    7.51244E-01
    1.56500E+02    2.86842E-01    7.50631E-01
    1.56600E+02    2.87450E-01    7.50174E-01
    1.56700E+02    2.88176E-01    7.49630E-01
    1.56800E+02    2.88909E-01    7.49080E-01
    1.56900E+02    2.89650E-01    7.48526E-01
    1.57000E+02    2.90427E-01    7.47944E-01
    1.57100E+02    2.91185E-01    7.47378E-01
    1.57200E+02    2.91974E-01    7.46788E-01
    1.57300E+02    2.92824E-01    7.46153E-01
    1.57400E+02    2.93525E-01    7.45631E-01
    1.57500E+02    2.94300E-01    7.45053E-01
    1.57600E+02    2.95095E-01    7.44461E-01
    1.57700E+02    2.95901E-01    7.43861E-01
    1.57800E+02    2.96709E-01    7.43261E-01
    1.57900E+02    2.97527E-01    7.42653E-01
    1.58000E+02    2.98357E-01    7.42037E-01
    1.58100E+02    2.99196E-01    7.41414E-01
    1.58200E+02    3.00029E-01    7.40797E-01
    1.58300E+02    3.00886E-01    7.40162E-01
    1.58400E+02    3.01749E-01    7.39524E-01
    1.58500E+02    3.02701E-01    7.38820E-01
    1.58600E+02    3.03539E-01    7.38201E-01
    1.58700E+02    3.04344E-01    7.37607E-01
    1.58800E+02    3.05226E-01    7.36957E-01
    1.58900E+02    3.06112E-01    7.36304E-01
    1.59000E+02    3.07003E-01    7.35648E-01
    1.59100E+02    3.07924E-01    7.34971E-01
    1.59200E+02    3.08847E-01    7.34293E-01
    1.59300E+02    3.09760E-01    7.33623E-01
    1.59400E+02    3.10692E-01    7.32940E-01
    1.59500E+02    3.11647E-01    7.32240E-01
    1.59600E+02    3.12582E-01    7.31556E-01
    1.59700E+02    3.13522E-01    7.30868E-01
    1.59800E+02    3.14503E-01    7.30151E-01
    1.59900E+02    3.15490E-01    7.29432E-01
    1.60000E+02    3.16469E-01    7.28717E-01
    1.60100E+02    3.17462E-01    7.27994E-01
    1.60200E+02    3.18465E-01    7.27264E-01
    1.60300E+02    3.19463E-01    7.26539E-01
    1.60400E+02    3.20508E-01    7.25780E-01
    1.60500E+02    3.21533E-01    7.25036E-01
    1.60600E+02    3.22571E-01    7.24285E-01
    1.60700E+02    3.23633E-01    7.23516E-01
    1.60800E+02    3.24687E-01    7.22754E-01
    1.60900E+02    3.25760E-01    7.21978E-01
    1.61000E+02    3.26855E-01    7.21188E-01
    1.61100E+02    3.27961E-01    7.20391E-01
    1.61200E+02    3.29079E-01    7.19586E-01
    1.61300E+02    3.30204E-01    7.18777E-01
    1.61400E+02    3.31327E-01    7.17970E-01
    1.61500E+02    3.32471E-01    7.17149E-01
    1.61600E+02    3.33626E-01    7.16321E-01
    1.61700E+02    3.34812E-01    7.15472E-01
    1.61800E+02    3.35989E-01    7.14631E-01
    1.61900E+02    3.37196E-01    7.13769E-01
    1.62000E+02    3.38404E-01    7.12908E-01
    1.62100E+02    3.39631E-01    7.12033E-01
    1.62200E+02    3.40870E-01    7.11151E-01
    1.62300E+02    3.42136E-01    7.10252E-01
    1.62400E+02    3.43389E-01    7.09362E-01
    1.62500E+02    3.44678E-01    7.08448E-01
    1.62600E+02    3.45979E-01    7.07527E-01
    1.62700E+02    3.47291E-01    7.06600E-01
    1.62800E+02    3.48624E-01    7.05659E-01
    1.62900E+02    3.49969E-01    7.04710E-01
    1.63000E+02    3.51346E-01    7.03740E-01
    1.63100E+02    3.52740E-01    7.02760E-01
    1.63200E+02    3.54170E-01    7.01756E-01
    1.63300E+02    3.55612E-01    7.00744E-01
    1.63400E+02    3.56999E-01    6.99773E-01
    1.63500E+02    3.58445E-01    6.98762E-01
    1.63600E+02    3.59923E-01    6.97730E-01
    1.63700E+02    3.61419E-01    6.96687E-01
    1.63800E+02    3.62945E-01    6.95625E-01
    1.63900E+02    3.64499E-01    6.94545E-01
    1.64000E+02    3.66085E-01    6.93444E-01
    1.64100E+02    3.67685E-01    6.92335E-01
    1.64200E+02    3.69338E-01    6.91192E-01
    1.64300E+02    3.71039E-01    6.90017E-01
    1.64400E+02    3.72803E-01    6.88801E-01
    1.64500E+02    3.74664E-01    6.87520E-01
    1.64600E+02    3.76696E-01    6.86124E-01
    1.64700E+02    3.79129E-01    6.84458E-01
    1.64800E+02    3.82619E-01    6.82073E-01
    1.64900E+02    3.90867E-01    6.76470E-01
    1.65000E+02    3.93215E-01    6.74884E-01
    1.65100E+02    3.88160E-01    6.78304E-01
    1.65200E+02    3.88637E-01    6.77980E-01
    1.65300E+02    3.90275E-01    6.76870E-01
    1.65400E+02    3.92537E-01    6.75341E-01
    1.65500E+02    3.95636E-01    6.73251E-01
    1.65600E+02    4.00677E-01    6.69866E-01
    1.65700E+02    4.13516E-01    6.61321E-01
    1.65800E+02    4.57680E-01    6.32750E-01
    1.65900E+02    4.12140E-01    6.62231E-01
    1.66000E+02    4.07065E-01    6.65601E-01
    1.66100E+02    4.06704E-01    6.65841E-01
    1.66200E+02    4.07947E-01    6.65014E-01
    1.66300E+02    4.09139E-01    6.64222E-01
    1.66400E+02    4.10860E-01    6.63079E-01
    1.66500E+02    4.12805E-01    6.61792E-01
    1.66600E+02    4.15001E-01    6.60340E-01
    1.66700E+02    4.16961E-01    6.59047E-01
    1.66800E+02    4.19136E-01    6.57615E-01
    1.66900E+02    4.21395E-01    6.56131E-01
    1.67000E+02    4.23714E-01    6.54611E-01
    1.67100E+02    4.26118E-01    6.53039E-01
    1.67200E+02    4.28592E-01    6.51425E-01
    1.67300E+02    4.31178E-01    6.49743E-01
    1.67400E+02    4.33994E-01    6.47916E-01
    1.67500E+02    4.37708E-01    6.45514E-01
    1.67600E+02    4.42432E-01    6.42472E-01
    1.67700E+02    4.42082E-01    6.42697E-01
    1.67800E+02    4.44222E-01    6.41323E-01
    1.67900E+02    4.46759E-01    6.39698E-01
    1.68000E+02    4.49459E-01    6.37973E-01
    1.68100E+02    4.52245E-01    6.36198E-01
    1.68200E+02    4.55092E-01    6.34390E-01
    1.68300E+02    4.58014E-01    6.32539E-01
    1.68400E+02    4.61001E-01    6.30652E-01
    1.68500E+02    4.64047E-01    6.28734E-01
    1.68600E+02    4.67160E-01    6.26780E-01
    1.68700E+02    4.70342E-01    6.24789E-01
    1.68800E+02    4.73601E-01    6.22756E-01
    1.68900E+02    4.77074E-01    6.20596E-01
    1.69000E+02    4.80698E-01    6.18352E-01
    1.69100E+02    4.83724E-01    6.16483E-01
    1.69200E+02    4.87128E-01    6.14389E-01
    1.69300E+02    4.90662E-01    6.12221E-01
    1.69400E+02    4.94274E-01    6.10013E-01
    1.69500E+02    4.97970E-01    6.07763E-01
    1.69600E+02    5.01758E-01    6.05465E-01
    1.69700E+02    5.05617E-01    6.03134E-01
    1.69800E+02    5.09589E-01    6.00743E-01
    1.69900E+02    5.13629E-01    5.98321E-01
    1.70000E+02    5.17790E-01    5.95836E-01
    1.70100E+02    5.21844E-01    5.93425E-01
    1.70200E+02    5.26115E-01    5.90896E-01
    1.70300E+02    5.30596E-01    5.88254E-01
    1.70400E+02    5.34927E-01    5.85712E-01
    1.70500E+02    5.39487E-01    5.83047E-01
    1.70600E+02    5.44135E-01    5.80344E-01
    1.70700E+02    5.48906E-01    5.77581E-01
    1.70800E+02    5.53778E-01    5.74774E-01
    1.70900E+02    5.58776E-01    5.71909E-01
    1.71000E+02    5.63889E-01    5.68992E-01
    1.71100E+02    5.69130E-01    5.66018E-01
    1.71200E+02    5.74504E-01    5.62984E-01
    1.71300E+02    5.80075E-01    5.59856E-01
    1.71400E+02    5.86619E-01    5.56204E-01
    1.71500E+02    5.91423E-01    5.53539E-01
    1.71600E+02    5.97126E-01    5.50391E-01
    1.71700E+02    6.03069E-01    5.47130E-01
    1.71800E+02    6.09200E-01    5.43786E-01
    1.71900E+02    6.15502E-01    5.40370E-01
    1.72000E+02    6.21959E-01    5.36892E-01
    1.72100E+02    6.28578E-01    5.33350E-01
    1.72200E+02    6.35379E-01    5.29735E-01
    1.72300E+02    6.42342E-01    5.26059E-01
    1.72400E+02    6.49497E-01    5.22308E-01
    1.72500E+02    6.56844E-01    5.18485E-01
    1.72600E+02    6.64384E-01    5.14590E-01
    1.72700E+02    6.72138E-01    5.10616E-01
    1.72800E+02    6.80121E-01    5.06556E-01
    1.72900E+02    6.88279E-01    5.02440E-01
    1.73000E+02    6.96700E-01    4.98227E-01
    1.73100E+02    7.05376E-01    4.93923E-01
    1.73200E+02    7.14345E-01    4.89513E-01
    1.73300E+02    7.23774E-01    4.84919E-01
    1.73400E+02    7.33813E-01    4.80075E-01
    1.73500E+02    7.46419E-01    4.74061E-01
    1.73600E+02    7.53058E-01    4.70924E-01
    1.73700E+02    7.62804E-01    4.66357E-01
    1.73800E+02    7.73184E-01    4.61541E-01
    1.73900E+02    7.83975E-01    4.56587E-01
    1.74000E+02    7.95138E-01    4.51519E-01
    1.74100E+02    8.06647E-01    4.46352E-01
    1.74200E+02    8.18553E-01    4.41069E-01
    1.74300E+02    8.30827E-01    4.35689E-01
    1.74400E+02    8.43506E-01    4.30200E-01
    1.74500E+02    8.56625E-01    4.24593E-01
    1.74600E+02    8.70160E-01    4.18884E-01
    1.74700E+02    8.84144E-01    4.13067E-01
    1.74800E+02    8.98659E-01    4.07115E-01
    1.74900E+02    9.13730E-01    4.01026E-01
    1.75000E+02    9.29489E-01    3.94755E-01
    1.75100E+02    9.46529E-01    3.88086E-01
    1.75200E+02    9.67791E-01    3.79921E-01
    1.75300E+02    9.80861E-01    3.74988E-01
    1.75400E+02    1.00180E+00    3.67219E-01
    1.75500E+02    1.01919E+00    3.60888E-01
    1.75600E+02    1.03485E+00    3.55279E-01
    1.75700E+02    1.05376E+00    3.48626E-01
    1.75800E+02    1.07387E+00    3.41683E-01
    1.75900E+02    1.09494E+00    3.34560E-01
    1.76000E+02    1.11688E+00    3.27299E-01
    1.76100E+02    1.13972E+00    3.19909E-01
    1.76200E+02    1.16350E+00    3.12390E-01
    1.76300E+02    1.18825E+00    3.04755E-01
    1.76400E+02    1.21417E+00    2.96956E-01
    1.76500E+02    1.24076E+00    2.89164E-01
    1.76600E+02    1.26868E+00    2.81203E-01
    1.76700E+02    1.29772E+00    2.73155E-01
    1.76800E+02    1.32807E+00    2.64989E-01
    1.76900E+02    1.35972E+00    2.56732E-01
    1.77000E+02    1.39278E+00    2.48384E-01
    1.77100E+02    1.42731E+00    2.39952E-01
    1.77200E+02    1.46336E+00    2.31457E-01
    1.77300E+02    1.50101E+00    2.22905E-01
    1.77400E+02    1.54047E+00    2.14280E-01
    1.77500E+02    1.58172E+00    2.05622E-01
    1.77600E+02    1.62498E+00    1.96916E-01
    1.77700E+02    1.67033E+00    1.88184E-01
    1.77800E+02    1.71789E+00    1.79444E-01
    1.77900E+02    1.76776E+00    1.70715E-01
    1.78000E+02    1.82021E+00    1.61991E-01
    1.78100E+02    1.87536E+00    1.53299E-01
    1.78200E+02    1.93332E+00    1.44667E-01
    1.78300E+02    1.99429E+00    1.36111E-01
    1.78400E+02    2.05857E+00    1.27636E-01
    1.78500E+02    2.12641E+00    1.19265E-01
    1.78600E+02    2.19809E+00    1.11015E-01
    1.78700E+02    2.27334E+00    1.02968E-01
    1.78800E+02    2.35301E+00    9.50828E-02
    1.78900E+02    2.43734E+00    8.73927E-02
    1.79000E+02    2.52660E+00    7.99302E-02
    1.79100E+02    2.62116E+00    7.27187E-02
    1.79200E+02    2.72141E+00    6.57818E-02
    1.79300E+02    2.82788E+00    5.91381E-02
    1.79400E+02    2.94084E+00    5.28214E-02
    1.79500E+02    3.06110E+00    4.68362E-02
    1.79600E+02    3.18897E+00    4.12142E-02
    1.79700E+02    3.32524E+00    3.59638E-02
    1.79800E+02    3.47044E+00    3.11034E-02
    1.79900E+02    3.62549E+00    2.66361E-02
    1.80000E+02    3.79216E+00    2.25469E-02
    1.80100E+02    3.96802E+00    1.89109E-02
    1.80200E+02    4.15728E+00    1.56500E-02
    1.80300E+02    4.36003E+00    1.27781E-02
    1.80400E+02    4.57738E+00    1.02818E-02
    1.80500E+02    4.81054E+00    8.14346E-03
    1.80600E+02    5.06090E+00    6.33985E-03
    1.80700E+02    5.32987E+00    4.84471E-03
    1.80800E+02    5.61894E+00    3.62850E-03
    1.80900E+02    5.92990E+00    2.65874E-03
    1.81000E+02    6.26452E+00    1.90262E-03
    1.81100E+02    6.62466E+00    1.32723E-03
    1.81200E+02    7.01241E+00    9.00638E-04
    1.81300E+02    7.42967E+00    5.93384E-04
    1.81400E+02    7.87876E+00    3.78703E-04
    1.81500E+02    8.36162E+00    2.33665E-04
    1.81600E+02    8.88028E+00    1.39105E-04
    1.81700E+02    9.43666E+00    7.97464E-05
    1.81800E+02    1.00324E+01    4.39508E-05
    1.81900E+02    1.06682E+01    2.32729E-05
    1.82000E+02    1.13455E+01    1.18222E-05
    1.82100E+02    1.20629E+01    5.76946E-06
    1.82200E+02    1.28207E+01    2.70428E-06
    1.82300E+02    1.36124E+01    1.22518E-06
    1.82400E+02    1.44347E+01    5.38396E-07
    1.82500E+02    1.52789E+01    2.31453E-07
    1.82600E+02    1.61352E+01    9.83075E-08
    1.82700E+02    1.69875E+01    4.19222E-08
    1.82800E+02    1.78167E+01    1.82931E-08
    1.82900E+02    1.85990E+01    8.36647E-09
    1.83000E+02    1.93033E+01    4.13682E-09
    1.83100E+02    1.98947E+01    2.29014E-09
    1.83200E+02    2.03300E+01    1.48185E-09
    1.83300E+02    2.05443E+01    1.19596E-09
    1.83400E+02    2.04337E+01    1.33589E-09
    1.83500E+02    2.00800E+01    1.90259E-09
    1.83600E+02    1.95565E+01    3.21167E-09
    1.83700E+02    1.89080E+01    6.14290E-09
    1.83800E+02    1.81727E+01    1.28144E-08
    1.83900E+02    1.73804E+01    2.83001E-08
    1.84000E+02    1.65564E+01    6.45155E-08
    1.84100E+02    1.57220E+01    1.48603E-07
    1.84200E+02    1.48955E+01    3.39594E-07
    1.84300E+02    1.40942E+01    7.56764E-07
    1.84400E+02    1.33354E+01    1.61629E-06
    1.84500E+02    1.25453E+01    3.56176E-06
    1.84600E+02    1.18216E+01    7.34449E-06
    1.84700E+02    1.11435E+01    1.44697E-05
    1.84800E+02    1.05014E+01    2.74970E-05
    1.84900E+02    9.89384E+00    5.04845E-05
    1.85000E+02    9.32887E+00    8.88230E-05
    1.85100E+02    8.80165E+00    1.50484E-04
    1.85200E+02    8.31009E+00    2.46022E-04
    1.85300E+02    7.85236E+00    3.88832E-04
    1.85400E+02    7.42616E+00    5.95473E-04
    1.85500E+02    7.03022E+00    8.84737E-04
    1.85600E+02    6.66157E+00    1.27914E-03
    1.85700E+02    6.31753E+00    1.80439E-03
    1.85800E+02    5.99800E+00    2.48371E-03
    1.85900E+02    5.70066E+00    3.34376E-03
    1.86000E+02    5.42367E+00    4.41092E-03
    1.86100E+02    5.16571E+00    5.70898E-03
    1.86200E+02    4.92506E+00    7.26228E-03
    1.86300E+02    4.70062E+00    9.08965E-03
    1.86400E+02    4.49099E+00    1.12095E-02
    1.86500E+02    4.29507E+00    1.36357E-02
    1.86600E+02    4.11170E+00    1.63798E-02
    1.86700E+02    3.94007E+00    1.94468E-02
    1.86800E+02    3.77936E+00    2.28374E-02
    1.86900E+02    3.62855E+00    2.65547E-02
    1.87000E+02    3.48698E+00    3.05932E-02
    1.87100E+02    3.35431E+00    3.49336E-02
    1.87200E+02    3.22918E+00    3.95898E-02
    1.87300E+02    3.11120E+00    4.45473E-02
    1.87400E+02    3.00024E+00    4.97750E-02
    1.87500E+02    2.89562E+00    5.52650E-02
    1.87600E+02    2.79695E+00    6.09960E-02
    1.87700E+02    2.70373E+00    6.69556E-02
    1.87800E+02    2.61568E+00    7.31177E-02
    1.87900E+02    2.53267E+00    7.94468E-02
    1.88000E+02    2.45331E+00    8.60083E-02
    1.88100E+02    2.37844E+00    9.26952E-02
    1.88200E+02    2.30751E+00    9.95091E-02
    1.88300E+02    2.24020E+00    1.06437E-01
    1.88400E+02    2.17629E+00    1.13462E-01
    1.88500E+02    2.11547E+00    1.20576E-01
    1.88600E+02    2.05767E+00    1.27751E-01
    1.88700E+02    2.00267E+00    1.34974E-01
    1.88800E+02    1.95040E+00    1.42217E-01
    1.88900E+02    1.90065E+00    1.49472E-01
    1.89000E+02    1.85283E+00    1.56794E-01
    1.89100E+02    1.80740E+00    1.64080E-01
    1.89200E+02    1.76399E+00    1.71360E-01
    1.89300E+02    1.72261E+00    1.78599E-01
    1.89400E+02    1.68289E+00    1.85836E-01
    1.89500E+02    1.64501E+00    1.93012E-01
    1.89600E+02    1.60881E+00    2.00125E-01
    1.89700E+02    1.57404E+00    2.07205E-01
    1.89800E+02    1.54075E+00    2.14220E-01
    1.89900E+02    1.50888E+00    2.21158E-01
    1.90000E+02    1.47830E+00    2.28026E-01
    1.90100E+02    1.44893E+00    2.34821E-01
    1.90200E+02    1.42077E+00    2.41529E-01
    1.90300E+02    1.39382E+00    2.48127E-01
    1.90400E+02    1.36779E+00    2.54669E-01
    1.90500E+02    1.34294E+00    2.61076E-01
    1.90600E+02    1.31917E+00    2.67358E-01
    1.90700E+02    1.29576E+00    2.73690E-01
    1.90800E+02    1.27347E+00    2.79858E-01
    1.90900E+02    1.25200E+00    2.85934E-01
    1.91000E+02    1.23135E+00    2.91897E-01
    1.91100E+02    1.21148E+00    2.97755E-01
    1.91200E+02    1.19233E+00    3.03513E-01
    1.91300E+02    1.17386E+00    3.09171E-01
    1.91400E+02    1.15607E+00    3.14721E-01
    1.91500E+02    1.13890E+00    3.20171E-01
    1.91600E+02    1.12234E+00    3.25519E-01
    1.91700E+02    1.10637E+00    3.30759E-01
    1.91800E+02    1.09106E+00    3.35862E-01
    1.91900E+02    1.07604E+00    3.40943E-01
    1.92000E+02    1.06163E+00    3.45890E-01
    1.92100E+02    1.04774E+00    3.50729E-01
    1.92200E+02    1.03436E+00    3.55454E-01
    1.92300E+02    1.02142E+00    3.60083E-01
    1.92400E+02    1.00887E+00    3.64629E-01
    1.92500E+02    9.96788E-01    3.69063E-01
    1.92600E+02    9.85139E-01    3.73387E-01
    1.92700E+02    9.73920E-01    3.77600E-01
    1.92800E+02    9.63058E-01    3.81724E-01
    1.92900E+02    9.52633E-01    3.85724E-01
    1.93000E+02    9.42641E-01    3.89598E-01
    1.93100E+02    9.33218E-01    3.93286E-01
    1.93200E+02    9.24663E-01    3.96665E-01
    1.93300E+02    9.19817E-01    3.98592E-01
    1.93400E+02    9.11156E-01    4.02059E-01
    1.93500E+02    8.97959E-01    4.07400E-01
    1.93600E+02    8.88537E-01    4.11257E-01
    1.93700E+02    8.79966E-01    4.14797E-01
    1.93800E+02    8.71784E-01    4.18205E-01
    1.93900E+02    8.63832E-01    4.21544E-01
    1.94000E+02    8.56010E-01    4.24854E-01
    1.94100E+02    8.48231E-01    4.28172E-01
    1.94200E+02    8.40566E-01    4.31466E-01
    1.94300E+02    8.33033E-01    4.34729E-01
    1.94400E+02    8.25637E-01    4.37956E-01
    1.94500E+02    8.18440E-01    4.41119E-01
    1.94600E+02    8.11455E-01    4.44211E-01
    1.94700E+02    8.04695E-01    4.47224E-01
    1.94800E+02    7.98200E-01    4.50138E-01
    1.94900E+02    7.92037E-01    4.52921E-01
    1.95000E+02    7.86344E-01    4.55507E-01
    1.95100E+02    7.81399E-01    4.57765E-01
    1.95200E+02    7.78043E-01    4.59304E-01
    1.95300E+02    7.79469E-01    4.58650E-01
    1.95400E+02    8.12627E-01    4.43691E-01
    1.95500E+02    7.82421E-01    4.57298E-01
    1.95600E+02    7.61318E-01    4.67050E-01
    1.95700E+02    7.61246E-01    4.67084E-01
    1.95800E+02    7.46163E-01    4.74183E-01
    1.95900E+02    7.37250E-01    4.78428E-01
    1.96000E+02    7.30979E-01    4.81437E-01
    1.96100E+02    7.25535E-01    4.84066E-01
    1.96200E+02    7.20520E-01    4.86499E-01
    1.96300E+02    7.15776E-01    4.88813E-01
    1.96400E+02    7.11261E-01    4.91024E-01
    1.96500E+02    7.06841E-01    4.93200E-01
    1.96600E+02    7.02596E-01    4.95298E-01
    1.96700E+02    6.98502E-01    4.97330E-01
    1.96800E+02    6.94522E-01    4.99313E-01
    1.96900E+02    6.90667E-01    5.01241E-01
    1.97000E+02    6.86904E-01    5.03132E-01
    1.97100E+02    6.83259E-01    5.04969E-01
    1.97200E+02    6.79704E-01    5.06767E-01
    1.97300E+02    6.76234E-01    5.08528E-01
    1.97400E+02    6.72890E-01    5.10232E-01
    1.97500E+02    6.69678E-01    5.11873E-01
    1.97600E+02    6.66521E-01    5.13492E-01
    1.97700E+02    6.63346E-01    5.15125E-01
    1.97800E+02    6.60282E-01    5.16706E-01
    1.97900E+02    6.57337E-01    5.18230E-01
    1.98000E+02    6.54696E-01    5.19600E-01
    1.98100E+02    6.51649E-01    5.21186E-01
    1.98200E+02    6.48910E-01    5.22615E-01
    1.98300E+02    6.46242E-01    5.24011E-01
    1.98400E+02    6.43662E-01    5.25365E-01
    1.98500E+02    6.41144E-01    5.26689E-01
    1.98600E+02    6.38713E-01    5.27971E-01
    1.98700E+02    6.36337E-01    5.29228E-01
    1.98800E+02    6.34053E-01    5.30437E-01
    1.98900E+02    6.31841E-01    5.31612E-01
    1.99000E+02    6.29754E-01    5.32723E-01
    1.99100E+02    6.27823E-01    5.33752E-01
    1.99200E+02    6.26639E-01    5.34385E-01
    1.99300E+02    6.25398E-01    5.35048E-01
    1.99400E+02    6.27427E-01    5.33964E-01
    1.99500E+02    6.20695E-01    5.37570E-01
    1.99600E+02    6.18224E-01    5.38901E-01
    1.99700E+02    6.16218E-01    5.39983E-01
    1.99800E+02    6.14425E-01    5.40952E-01
    1.99900E+02    6.12746E-01    5.41861E-01
    2.00000E+02    6.11159E-01    5.42721E-01
    2.00100E+02    6.09644E-01    5.43544E-01
    2.00200E+02    6.08209E-01    5.44325E-01
    2.00300E+02    6.06853E-01    5.45063E-01
    2.00400E+02    6.05567E-01    5.45765E-01
    2.00500E+02    6.04361E-01    5.46423E-01
    2.00600E+02    6.03240E-01    5.47036E-01
    2.00700E+02    6.02199E-01    5.47606E-01
    2.00800E+02    6.01252E-01    5.48125E-01
    2.00900E+02    6.00384E-01    5.48601E-01
    2.01000E+02    5.99628E-01    5.49016E-01
    2.01100E+02    5.98964E-01    5.49381E-01
    2.01200E+02    5.98408E-01    5.49686E-01
    2.01300E+02    5.97973E-01    5.49925E-01
    2.01400E+02    5.97700E-01    5.50075E-01
    2.01500E+02    5.97542E-01    5.50162E-01
    2.01600E+02    5.97438E-01    5.50219E-01
    2.01700E+02    5.97543E-01    5.50162E-01
    2.01800E+02    5.97818E-01    5.50010E-01
    2.01900E+02    5.98273E-01    5.49760E-01
    2.02000E+02    5.98907E-01    5.49412E-01
    2.02100E+02    5.99738E-01    5.48956E-01
    2.02200E+02    6.00764E-01    5.48392E-01
    2.02300E+02    6.01996E-01    5.47718E-01
    2.02400E+02    6.03434E-01    5.46930E-01
    2.02500E+02    6.05059E-01    5.46042E-01
    2.02600E+02    6.06876E-01    5.45051E-01
    2.02700E+02    6.08831E-01    5.43986E-01
    2.02800E+02    6.10881E-01    5.42872E-01
    2.02900E+02    6.12955E-01    5.41748E-01
    2.03000E+02    6.14938E-01    5.40674E-01
    2.03100E+02    6.16721E-01    5.39711E-01
    2.03200E+02    6.18133E-01    5.38950E-01
    2.03300E+02    6.19011E-01    5.38477E-01
    2.03400E+02    6.19358E-01    5.38290E-01
    2.03500E+02    6.17995E-01    5.39024E-01
    2.03600E+02    6.15085E-01    5.40595E-01
    2.03700E+02    6.11959E-01    5.42288E-01
    2.03800E+02    6.08465E-01    5.44186E-01
    2.03900E+02    6.04743E-01    5.46215E-01
    2.04000E+02    6.00932E-01    5.48300E-01
    2.04100E+02    5.97025E-01    5.50447E-01
    2.04200E+02    5.93231E-01    5.52539E-01
    2.04300E+02    5.89568E-01    5.54567E-01
    2.04400E+02    5.86068E-01    5.56511E-01
    2.04500E+02    5.82743E-01    5.58365E-01
    2.04600E+02    5.79613E-01    5.60115E-01
    2.04700E+02    5.76671E-01    5.61765E-01
    2.04800E+02    5.73925E-01    5.63310E-01
    2.04900E+02    5.71380E-01    5.64746E-01
    2.05000E+02    5.68974E-01    5.66106E-01
    2.05100E+02    5.66773E-01    5.67353E-01
    2.05200E+02    5.64889E-01    5.68423E-01
    2.05300E+02    5.62765E-01    5.69632E-01
    2.05400E+02    5.60939E-01    5.70673E-01
    2.05500E+02    5.59297E-01    5.71611E-01
    2.05600E+02    5.57738E-01    5.72503E-01
    2.05700E+02    5.56281E-01    5.73337E-01
    2.05800E+02    5.54997E-01    5.74074E-01
    2.05900E+02    5.53950E-01    5.74675E-01
    2.06000E+02    5.53453E-01    5.74961E-01
    2.06100E+02    5.56472E-01    5.73228E-01
    2.06200E+02    5.52759E-01    5.75360E-01
    2.06300E+02    5.49796E-01    5.77067E-01
    2.06400E+02    5.48328E-01    5.77915E-01
    2.06500E+02    5.47557E-01    5.78361E-01
    2.06600E+02    5.46203E-01    5.79145E-01
    2.06700E+02    5.45280E-01    5.79679E-01
    2.06800E+02    5.44432E-01    5.80171E-01
    2.06900E+02    5.43659E-01    5.80620E-01
    2.07000E+02    5.42911E-01    5.81054E-01
    2.07100E+02    5.42213E-01    5.81460E-01
    2.07200E+02    5.41554E-01    5.81843E-01
    2.07300E+02    5.40937E-01    5.82203E-01
    2.07400E+02    5.40384E-01    5.82525E-01
    2.07500E+02    5.40054E-01    5.82717E-01
    2.07600E+02    5.39244E-01    5.83189E-01
    2.07700E+02    5.38727E-01    5.83490E-01
    2.07800E+02    5.38257E-01    5.83765E-01
    2.07900E+02    5.37856E-01    5.83999E-01
    2.08000E+02    5.37532E-01    5.84188E-01
    2.08100E+02    5.37320E-01    5.84312E-01
    2.08200E+02    5.37277E-01    5.84337E-01
    2.08300E+02    5.37585E-01    5.84157E-01
    2.08400E+02    5.38702E-01    5.83505E-01
    2.08500E+02    5.42324E-01    5.81396E-01
    2.08600E+02    5.60484E-01    5.70933E-01
    2.08700E+02    5.54317E-01    5.74465E-01
    2.08800E+02    5.40244E-01    5.82606E-01
    2.08900E+02    5.36481E-01    5.84803E-01
    2.09000E+02    5.34783E-01    5.85796E-01
    2.09100E+02    5.33771E-01    5.86390E-01
    2.09200E+02    5.33073E-01    5.86799E-01
    2.09300E+02    5.32545E-01    5.87109E-01
    2.09400E+02    5.32152E-01    5.87340E-01
    2.09500E+02    5.32125E-01    5.87355E-01
    2.09600E+02    5.31522E-01    5.87710E-01
    2.09700E+02    5.31103E-01    5.87956E-01
    2.09800E+02    5.30815E-01    5.88125E-01
    2.09900E+02    5.30568E-01    5.88271E-01
    2.10000E+02    5.30400E-01    5.88370E-01
    2.10100E+02    5.30318E-01    5.88418E-01
    2.10200E+02    5.30952E-01    5.88045E-01
    2.10300E+02    5.30513E-01    5.88303E-01
    2.10400E+02    5.32565E-01    5.87097E-01
    2.10500E+02    5.31064E-01    5.87979E-01
    2.10600E+02    5.31150E-01    5.87929E-01
    2.10700E+02    5.33682E-01    5.86442E-01
    2.10800E+02    5.53407E-01    5.74987E-01
    2.10900E+02    5.32959E-01    5.86866E-01
    2.11000E+02    5.30150E-01    5.88516E-01
    2.11100E+02    5.29163E-01    5.89098E-01
    2.11200E+02    5.28647E-01    5.89402E-01
    2.11300E+02    5.28300E-01    5.89606E-01
    2.11400E+02    5.28064E-01    5.89746E-01
    2.11500E+02    5.27885E-01    5.89851E-01
    2.11600E+02    5.27735E-01    5.89940E-01
    2.11700E+02    5.27604E-01    5.90017E-01
    2.11800E+02    5.27495E-01    5.90081E-01
    2.11900E+02    5.27386E-01    5.90146E-01
    2.12000E+02    5.27304E-01    5.90194E-01
    2.12100E+02    5.27241E-01    5.90231E-01
    2.12200E+02    5.27176E-01    5.90269E-01
    2.12300E+02    5.27118E-01    5.90304E-01
    2.12400E+02    5.27074E-01    5.90330E-01
    2.12500E+02    5.27045E-01    5.90347E-01
    2.12600E+02    5.27019E-01    5.90362E-01
    2.12700E+02    5.27016E-01    5.90364E-01
    2.12800E+02    5.27017E-01    5.90363E-01
    2.12900E+02    5.27031E-01    5.90355E-01
    2.13000E+02    5.26978E-01    5.90386E-01
    2.13100E+02    5.26971E-01    5.90391E-01
    2.13200E+02    5.26975E-01    5.90388E-01
    2.13300E+02    5.26994E-01    5.90377E-01
    2.13400E+02    5.27026E-01    5.90358E-01
    2.13500E+02    5.27061E-01    5.90337E-01
    2.13600E+02    5.27103E-01    5.90312E-01
    2.13700E+02    5.27150E-01    5.90285E-01
    2.13800E+02    5.27236E-01    5.90234E-01
    2.13900E+02    5.27310E-01    5.90190E-01
    2.14000E+02    5.27408E-01    5.90133E-01
    2.14100E+02    5.27524E-01    5.90064E-01
    2.14200E+02    5.27675E-01    5.89975E-01
    2.14300E+02    5.27867E-01    5.89862E-01
    2.14400E+02    5.28127E-01    5.89709E-01
    2.14500E+02    5.28525E-01    5.89474E-01
    2.14600E+02    5.29154E-01    5.89103E-01
    2.14700E+02    5.30351E-01    5.88398E-01
    2.14800E+02    5.33244E-01    5.86699E-01
    2.14900E+02    5.45031E-01    5.79824E-01
    2.15000E+02    5.48741E-01    5.77677E-01
    2.15100E+02    5.34095E-01    5.86199E-01
    2.15200E+02    5.30993E-01    5.88021E-01
    2.15300E+02    5.29861E-01    5.88687E-01
    2.15400E+02    5.29372E-01    5.88975E-01
    2.15500E+02    5.29134E-01    5.89115E-01
    2.15600E+02    5.29038E-01    5.89171E-01
    2.15700E+02    5.29027E-01    5.89178E-01
    2.15800E+02    5.29049E-01    5.89165E-01
    2.15900E+02    5.29128E-01    5.89119E-01
    2.16000E+02    5.29544E-01    5.88874E-01
    2.16100E+02    5.29412E-01    5.88951E-01
    2.16200E+02    5.29385E-01    5.88967E-01
    2.16300E+02    5.29473E-01    5.88915E-01
    2.16400E+02    5.29591E-01    5.88846E-01
    2.16500E+02    5.29696E-01    5.88784E-01
    2.16600E+02    5.29822E-01    5.88710E-01
    2.16700E+02    5.29957E-01    5.88631E-01
    2.16800E+02    5.30109E-01    5.88541E-01
    2.16900E+02    5.30286E-01    5.88437E-01
    2.17000E+02    5.30406E-01    5.88366E-01
    2.17100E+02    5.30557E-01    5.88277E-01
    2.17200E+02    5.30736E-01    5.88172E-01
    2.17300E+02    5.30900E-01    5.88075E-01
    2.17400E+02    5.31104E-01    5.87956E-01
    2.17500E+02    5.31490E-01    5.87728E-01
    2.17600E+02    5.31474E-01    5.87738E-01
    2.17700E+02    5.31625E-01    5.87649E-01
    2.17800E+02    5.31808E-01    5.87542E-01
    2.17900E+02    5.32025E-01    5.87414E-01
    2.18000E+02    5.32298E-01    5.87254E-01
    2.18100E+02    5.33175E-01    5.86739E-01
    2.18200E+02    5.32789E-01    5.86966E-01
    2.18300E+02    5.32827E-01    5.86943E-01
    2.18400E+02    5.32978E-01    5.86854E-01
    2.18500E+02    5.33177E-01    5.86738E-01
    2.18600E+02    5.33380E-01    5.86619E-01
    2.18700E+02    5.33583E-01    5.86500E-01
    2.18800E+02    5.33805E-01    5.86370E-01
    2.18900E+02    5.34014E-01    5.86247E-01
    2.19000E+02    5.34251E-01    5.86108E-01
    2.19100E+02    5.34527E-01    5.85946E-01
    2.19200E+02    5.34751E-01    5.85815E-01
    2.19300E+02    5.35153E-01    5.85579E-01
    2.19400E+02    5.35239E-01    5.85529E-01
    2.19500E+02    5.35421E-01    5.85423E-01
    2.19600E+02    5.35657E-01    5.85285E-01
    2.19700E+02    5.35899E-01    5.85143E-01
    2.19800E+02    5.36164E-01    5.84988E-01
    2.19900E+02    5.36483E-01    5.84801E-01
    2.20000E+02    5.36734E-01    5.84654E-01
    2.20100E+02    5.36920E-01    5.84546E-01
    2.20200E+02    5.37164E-01    5.84403E-01
    2.20300E+02    5.37431E-01    5.84248E-01
    2.20400E+02    5.37691E-01    5.84096E-01
    2.20500E+02    5.37965E-01    5.83935E-01
    2.20600E+02    5.38253E-01    5.83767E-01
    2.20700E+02    5.38652E-01    5.83535E-01
    2.20800E+02    5.38840E-01    5.83425E-01
    2.20900E+02    5.39090E-01    5.83279E-01
    2.21000E+02    5.39374E-01    5.83113E-01
    2.21100E+02    5.39656E-01    5.82949E-01
    2.21200E+02    5.39960E-01    5.82772E-01
    2.21300E+02    5.40369E-01    5.82533E-01
    2.21400E+02    5.40590E-01    5.82405E-01
    2.21500E+02    5.40869E-01    5.82242E-01
    2.21600E+02    5.41174E-01    5.82064E-01
    2.21700E+02    5.41486E-01    5.81883E-01
    2.21800E+02    5.41811E-01    5.81694E-01
    2.21900E+02    5.42130E-01    5.81508E-01
    2.22000E+02    5.42463E-01    5.81315E-01
    2.22100E+02    5.42801E-01    5.81118E-01
    2.22200E+02    5.43142E-01    5.80920E-01
    2.22300E+02    5.43493E-01    5.80716E-01
    2.22400E+02    5.43903E-01    5.80478E-01
    2.22500E+02    5.44232E-01    5.80287E-01
    2.22600E+02    5.44568E-01    5.80092E-01
    2.22700E+02    5.44937E-01    5.79878E-01
    2.22800E+02    5.45315E-01    5.79659E-01
    2.22900E+02    5.45711E-01    5.79430E-01
    2.23000E+02    5.46132E-01    5.79186E-01
    2.23100E+02    5.46554E-01    5.78942E-01
    2.23200E+02    5.47025E-01    5.78669E-01
    2.23300E+02    5.47472E-01    5.78410E-01
    2.23400E+02    5.47871E-01    5.78180E-01
    2.23500E+02    5.48261E-01    5.77954E-01
    2.23600E+02    5.48711E-01    5.77694E-01
    2.23700E+02    5.49200E-01    5.77412E-01
    2.23800E+02    5.49702E-01    5.77122E-01
    2.23900E+02    5.50518E-01    5.76651E-01
    2.24000E+02    5.50724E-01    5.76532E-01
    2.24100E+02    5.51236E-01    5.76237E-01
    2.24200E+02    5.51800E-01    5.75912E-01
    2.24300E+02    5.52369E-01    5.75585E-01
    2.24400E+02    5.52972E-01    5.75238E-01
    2.24500E+02    5.53589E-01    5.74883E-01
    2.24600E+02    5.54263E-01    5.74495E-01
    2.24700E+02    5.55016E-01    5.74063E-01
    2.24800E+02    5.55931E-01    5.73538E-01
    2.24900E+02    5.56579E-01    5.73167E-01
    2.25000E+02    5.57113E-01    5.72860E-01
    2.25100E+02    5.57753E-01    5.72494E-01
    2.25200E+02    5.58489E-01    5.72073E-01
    2.25300E+02    5.59221E-01    5.71654E-01
    2.25400E+02    5.59979E-01    5.71221E-01
    2.25500E+02    5.60763E-01    5.70774E-01
    2.25600E+02    5.61563E-01    5.70317E-01
    2.25700E+02    5.62443E-01    5.69815E-01
    2.25800E+02    5.63618E-01    5.69146E-01
    2.25900E+02    5.65462E-01    5.68098E-01
    2.26000E+02    5.71436E-01    5.64714E-01
    2.26100E+02    5.72654E-01    5.64027E-01
    2.26200E+02    5.66008E-01    5.67788E-01
    2.26300E+02    5.64592E-01    5.68592E-01
    2.26400E+02    5.64042E-01    5.68905E-01
    2.26500E+02    5.63777E-01    5.69055E-01
    2.26600E+02    5.63605E-01    5.69154E-01
    2.26700E+02    5.63509E-01    5.69208E-01
    2.26800E+02    5.63439E-01    5.69248E-01
    2.26900E+02    5.63423E-01    5.69257E-01
    2.27000E+02    5.63386E-01    5.69278E-01
    2.27100E+02    5.63403E-01    5.69269E-01
    2.27200E+02    5.63435E-01    5.69250E-01
    2.27300E+02    5.63512E-01    5.69206E-01
    2.27400E+02    5.63599E-01    5.69157E-01
    2.27500E+02    5.63699E-01    5.69100E-01
    2.27600E+02    5.63838E-01    5.69021E-01
    2.27700E+02    5.63992E-01    5.68933E-01
    2.27800E+02    5.64175E-01    5.68829E-01
    2.27900E+02    5.64366E-01    5.68721E-01
    2.28000E+02    5.64558E-01    5.68611E-01
    2.28100E+02    5.64778E-01    5.68486E-01
    2.28200E+02    5.65016E-01    5.68351E-01
    2.28300E+02    5.65277E-01    5.68203E-01
    2.28400E+02    5.65537E-01    5.68055E-01
    2.28500E+02    5.65838E-01    5.67884E-01
    2.28600E+02    5.66123E-01    5.67722E-01
    2.28700E+02    5.66443E-01    5.67541E-01
    2.28800E+02    5.66778E-01    5.67350E-01
    2.28900E+02    5.67133E-01    5.67149E-01
    2.29000E+02    5.67507E-01    5.66937E-01
    2.29100E+02    5.67946E-01    5.66688E-01
    2.29200E+02    5.68408E-01    5.66426E-01
    2.29300E+02    5.69019E-01    5.66080E-01
    2.29400E+02    5.70006E-01    5.65522E-01
    2.29500E+02    5.72702E-01    5.63999E-01
    2.29600E+02    5.78278E-01    5.60863E-01
    2.29700E+02    5.71899E-01    5.64453E-01
    2.29800E+02    5.71207E-01    5.64843E-01
    2.29900E+02    5.71253E-01    5.64817E-01
    2.30000E+02    5.71527E-01    5.64662E-01
    2.30100E+02    5.71886E-01    5.64460E-01
    2.30200E+02    5.72302E-01    5.64225E-01
    2.30300E+02    5.72795E-01    5.63947E-01
    2.30400E+02    5.73320E-01    5.63651E-01
    2.30500E+02    5.73915E-01    5.63316E-01
    2.30600E+02    5.74598E-01    5.62931E-01
    2.30700E+02    5.75430E-01    5.62463E-01
    2.30800E+02    5.76501E-01    5.61861E-01
    2.30900E+02    5.78024E-01    5.61006E-01
    2.31000E+02    5.80572E-01    5.59578E-01
    2.31100E+02    5.85931E-01    5.56588E-01
    2.31200E+02    6.03178E-01    5.47070E-01
    2.31300E+02    6.58319E-01    5.17721E-01
    2.31400E+02    5.94852E-01    5.51644E-01
    2.31500E+02    5.85458E-01    5.56851E-01
    2.31600E+02    5.82534E-01    5.58482E-01
    2.31700E+02    5.81460E-01    5.59082E-01
    2.31800E+02    5.81127E-01    5.59268E-01
    2.31900E+02    5.81173E-01    5.59242E-01
    2.32000E+02    5.81606E-01    5.59000E-01
    2.32100E+02    5.81737E-01    5.58926E-01
    2.32200E+02    5.82170E-01    5.58684E-01
    2.32300E+02    5.82685E-01    5.58397E-01
    2.32400E+02    5.83304E-01    5.58052E-01
    2.32500E+02    5.84122E-01    5.57595E-01
    2.32600E+02    5.84709E-01    5.57268E-01
    2.32700E+02    5.85612E-01    5.56765E-01
    2.32800E+02    5.86284E-01    5.56391E-01
    2.32900E+02    5.87148E-01    5.55910E-01
    2.33000E+02    5.88276E-01    5.55284E-01
    2.33100E+02    5.89229E-01    5.54755E-01
    2.33200E+02    5.90486E-01    5.54058E-01
    2.33300E+02    5.91996E-01    5.53222E-01
    2.33400E+02    5.93647E-01    5.52309E-01
    2.33500E+02    5.95509E-01    5.51282E-01
    2.33600E+02    5.97924E-01    5.49952E-01
    2.33700E+02    6.01124E-01    5.48195E-01
    2.33800E+02    6.05780E-01    5.45649E-01
    2.33900E+02    6.14916E-01    5.40686E-01
    2.34000E+02    6.14441E-01    5.40943E-01
    2.34100E+02    6.07038E-01    5.44963E-01
    2.34200E+02    6.03586E-01    5.46847E-01
    2.34300E+02    6.01424E-01    5.48031E-01
    2.34400E+02    5.99976E-01    5.48825E-01
    2.34500E+02    5.99003E-01    5.49359E-01
    2.34600E+02    5.98341E-01    5.49723E-01
    2.34700E+02    5.97934E-01    5.49947E-01
    2.34800E+02    5.97735E-01    5.50056E-01
    2.34900E+02    5.97794E-01    5.50024E-01
    2.35000E+02    5.98093E-01    5.49859E-01
    2.35100E+02    5.98800E-01    5.49471E-01
    2.35200E+02    5.99432E-01    5.49123E-01
    2.35300E+02    6.00842E-01    5.48350E-01
    2.35400E+02    6.03441E-01    5.46926E-01
    2.35500E+02    6.08942E-01    5.43926E-01
    2.35600E+02    6.25039E-01    5.35240E-01
    2.35700E+02    7.47636E-01    4.73485E-01
    2.35800E+02    6.32975E-01    5.31010E-01
    2.35900E+02    6.12843E-01    5.41809E-01
    2.36000E+02    6.06364E-01    5.45330E-01
    2.36100E+02    6.03992E-01    5.46625E-01
    2.36200E+02    6.02975E-01    5.47181E-01
    2.36300E+02    6.02714E-01    5.47324E-01
    2.36400E+02    6.02854E-01    5.47248E-01
    2.36500E+02    6.03339E-01    5.46982E-01
    2.36600E+02    6.04426E-01    5.46388E-01
    2.36700E+02    6.05532E-01    5.45784E-01
    2.36800E+02    6.07757E-01    5.44571E-01
    2.36900E+02    6.12042E-01    5.42242E-01
    2.37000E+02    6.22459E-01    5.36623E-01
    2.37100E+02    6.68700E-01    5.12374E-01
    2.37200E+02    6.61240E-01    5.16211E-01
    2.37300E+02    6.22575E-01    5.36561E-01
    2.37400E+02    6.13646E-01    5.41374E-01
    2.37500E+02    6.10473E-01    5.43094E-01
    2.37600E+02    6.09410E-01    5.43672E-01
    2.37700E+02    6.08631E-01    5.44095E-01
    2.37800E+02    6.08529E-01    5.44151E-01
    2.37900E+02    6.08692E-01    5.44062E-01
    2.38000E+02    6.09040E-01    5.43873E-01
    2.38100E+02    6.09565E-01    5.43588E-01
    2.38200E+02    6.10281E-01    5.43198E-01
    2.38300E+02    6.11401E-01    5.42590E-01
    2.38400E+02    6.14615E-01    5.40849E-01
    2.38500E+02    6.14162E-01    5.41094E-01
    2.38600E+02    6.14490E-01    5.40917E-01
    2.38700E+02    6.16395E-01    5.39887E-01
    2.38800E+02    6.19294E-01    5.38325E-01
    2.38900E+02    6.25805E-01    5.34831E-01
    2.39000E+02    6.45866E-01    5.24208E-01
    2.39100E+02    7.77194E-01    4.59694E-01
    2.39200E+02    6.42829E-01    5.25803E-01
    2.39300E+02    6.28039E-01    5.33637E-01
    2.39400E+02    6.23590E-01    5.36017E-01
    2.39500E+02    6.22103E-01    5.36815E-01
    2.39600E+02    6.22182E-01    5.36772E-01
    2.39700E+02    6.21482E-01    5.37148E-01
    2.39800E+02    6.22065E-01    5.36835E-01
    2.39900E+02    6.23014E-01    5.36326E-01
    2.40000E+02    6.23244E-01    5.36202E-01
    2.40100E+02    6.23309E-01    5.36167E-01
    2.40200E+02    6.23813E-01    5.35897E-01
    2.40300E+02    6.24417E-01    5.35574E-01
    2.40400E+02    6.24647E-01    5.35450E-01
    2.40500E+02    6.25195E-01    5.35157E-01
    2.40600E+02    6.25515E-01    5.34986E-01
    2.40700E+02    6.26240E-01    5.34598E-01
    2.40800E+02    6.26874E-01    5.34259E-01
    2.40900E+02    6.28314E-01    5.33491E-01
    2.41000E+02    6.28409E-01    5.33440E-01
    2.41100E+02    6.29418E-01    5.32902E-01
    2.41200E+02    6.32804E-01    5.31100E-01
    2.41300E+02    6.32225E-01    5.31408E-01
    2.41400E+02    6.31872E-01    5.31595E-01
    2.41500E+02    6.32642E-01    5.31187E-01
    2.41600E+02    6.33330E-01    5.30821E-01
    2.41700E+02    6.34206E-01    5.30356E-01
    2.41800E+02    6.35301E-01    5.29776E-01
    2.41900E+02    6.36845E-01    5.28959E-01
    2.42000E+02    6.39356E-01    5.27632E-01
    2.42100E+02    6.44428E-01    5.24962E-01
    2.42200E+02    6.58514E-01    5.17620E-01
    2.42300E+02    7.46773E-01    4.73893E-01
    2.42400E+02    6.72151E-01    5.10609E-01
    2.42500E+02    6.48871E-01    5.22635E-01
    2.42600E+02    6.42402E-01    5.26027E-01
    2.42700E+02    6.39928E-01    5.27330E-01
    2.42800E+02    6.38973E-01    5.27834E-01
    2.42900E+02    6.38908E-01    5.27869E-01
    2.43000E+02    6.39719E-01    5.27440E-01
    2.43100E+02    6.41158E-01    5.26682E-01
    2.43200E+02    6.44447E-01    5.24953E-01
    2.43300E+02    6.53229E-01    5.20363E-01
    2.43400E+02    6.89967E-01    5.01592E-01
    2.43500E+02    6.95710E-01    4.98720E-01
    2.43600E+02    6.54769E-01    5.19562E-01
    2.43700E+02    6.45940E-01    5.24170E-01
    2.43800E+02    6.42918E-01    5.25756E-01
    2.43900E+02    6.42039E-01    5.26218E-01
    2.44000E+02    6.42824E-01    5.25805E-01
    2.44100E+02    6.48244E-01    5.22963E-01
    2.44200E+02    6.50799E-01    5.21629E-01
    2.44300E+02    6.43002E-01    5.25712E-01
    2.44400E+02    6.41698E-01    5.26398E-01
    2.44500E+02    6.41003E-01    5.26764E-01
    2.44600E+02    6.40945E-01    5.26794E-01
    2.44700E+02    6.41060E-01    5.26734E-01
    2.44800E+02    6.41384E-01    5.26563E-01
    2.44900E+02    6.41696E-01    5.26399E-01
    2.45000E+02    6.42041E-01    5.26217E-01
    2.45100E+02    6.42386E-01    5.26036E-01
    2.45200E+02    6.42752E-01    5.25844E-01
    2.45300E+02    6.43170E-01    5.25624E-01
    2.45400E+02    6.43597E-01    5.25399E-01
    2.45500E+02    6.44054E-01    5.25159E-01
    2.45600E+02    6.44532E-01    5.24908E-01
    2.45700E+02    6.45048E-01    5.24637E-01
    2.45800E+02    6.45900E-01    5.24190E-01
    2.45900E+02    6.45999E-01    5.24139E-01
    2.46000E+02    6.46476E-01    5.23889E-01
    2.46100E+02    6.46992E-01    5.23619E-01
    2.46200E+02    6.47550E-01    5.23326E-01
    2.46300E+02    6.48173E-01    5.23000E-01
    2.46400E+02    6.48858E-01    5.22642E-01
    2.46500E+02    6.51163E-01    5.21439E-01
    2.46600E+02    6.50158E-01    5.21963E-01
    2.46700E+02    6.50437E-01    5.21818E-01
    2.46800E+02    6.50977E-01    5.21536E-01
    2.46900E+02    6.51573E-01    5.21225E-01
    2.47000E+02    6.52243E-01    5.20876E-01
    2.47100E+02    6.53000E-01    5.20482E-01
    2.47200E+02    6.53754E-01    5.20090E-01
    2.47300E+02    6.54661E-01    5.19618E-01
    2.47400E+02    6.55762E-01    5.19046E-01
    2.47500E+02    6.57276E-01    5.18261E-01
    2.47600E+02    6.59861E-01    5.16923E-01
    2.47700E+02    6.67155E-01    5.13166E-01
    2.47800E+02    6.73493E-01    5.09924E-01
    2.47900E+02    6.67183E-01    5.13152E-01
    2.48000E+02    6.72138E-01    5.10615E-01
    2.48100E+02    6.93799E-01    4.99674E-01
    2.48200E+02    7.75217E-01    4.60604E-01
    2.48300E+02    6.83610E-01    5.04791E-01
    2.48400E+02    6.70499E-01    5.11453E-01
    2.48500E+02    6.66432E-01    5.13538E-01
    2.48600E+02    6.64924E-01    5.14312E-01
    2.48700E+02    6.64543E-01    5.14508E-01
    2.48800E+02    6.64461E-01    5.14551E-01
    2.48900E+02    6.64772E-01    5.14391E-01
    2.49000E+02    6.65354E-01    5.14092E-01
    2.49100E+02    6.66155E-01    5.13680E-01
    2.49200E+02    6.67199E-01    5.13144E-01
    2.49300E+02    6.68642E-01    5.12404E-01
    2.49400E+02    6.70761E-01    5.11319E-01
    2.49500E+02    6.74196E-01    5.09566E-01
    2.49600E+02    6.80949E-01    5.06137E-01
    2.49700E+02    6.99875E-01    4.96647E-01
    2.49800E+02    7.81767E-01    4.57597E-01
    2.49900E+02    7.33752E-01    4.80104E-01
    2.50000E+02    7.46049E-01    4.74237E-01
    2.50100E+02    6.93184E-01    4.99981E-01
    2.50200E+02    6.82220E-01    5.05494E-01
    2.50300E+02    6.78226E-01    5.07517E-01
    2.50400E+02    6.75654E-01    5.08824E-01
    2.50500E+02    6.74729E-01    5.09295E-01
    2.50600E+02    6.74311E-01    5.09508E-01
    2.50700E+02    6.74374E-01    5.09475E-01
    2.50800E+02    6.74373E-01    5.09476E-01
    2.50900E+02    6.74545E-01    5.09388E-01
    2.51000E+02    6.74861E-01    5.09227E-01
    2.51100E+02    6.75242E-01    5.09033E-01
    2.51200E+02    6.75785E-01    5.08757E-01
    2.51300E+02    6.76127E-01    5.08583E-01
    2.51400E+02    6.76617E-01    5.08334E-01
    2.51500E+02    6.77128E-01    5.08074E-01
    2.51600E+02    6.77660E-01    5.07804E-01
    2.51700E+02    6.78210E-01    5.07524E-01
    2.51800E+02    6.78765E-01    5.07243E-01
    2.51900E+02    6.79345E-01    5.06949E-01
    2.52000E+02    6.79960E-01    5.06637E-01
    2.52100E+02    6.80762E-01    5.06231E-01
    2.52200E+02    6.81194E-01    5.06013E-01
    2.52300E+02    6.81868E-01    5.05672E-01
    2.52400E+02    6.82520E-01    5.05342E-01
    2.52500E+02    6.83364E-01    5.04916E-01
    2.52600E+02    6.84000E-01    5.04594E-01
    2.52700E+02    6.85177E-01    5.04001E-01
    2.52800E+02    6.85589E-01    5.03793E-01
    2.52900E+02    6.85836E-01    5.03669E-01
    2.53000E+02    6.86448E-01    5.03361E-01
    2.53100E+02    6.87117E-01    5.03024E-01
    2.53200E+02    6.87809E-01    5.02676E-01
    2.53300E+02    6.88608E-01    5.02275E-01
    2.53400E+02    6.89628E-01    5.01763E-01
    2.53500E+02    6.89963E-01    5.01595E-01
    2.53600E+02    6.90736E-01    5.01207E-01
    2.53700E+02    6.91851E-01    5.00648E-01
    2.53800E+02    6.92505E-01    5.00321E-01
    2.53900E+02    6.93158E-01    4.99994E-01
    2.54000E+02    6.93930E-01    4.99609E-01
    2.54100E+02    6.94790E-01    4.99179E-01
    2.54200E+02    6.95864E-01    4.98643E-01
    2.54300E+02    6.98171E-01    4.97494E-01
    2.54400E+02    6.97463E-01    4.97847E-01
    2.54500E+02    6.98107E-01    4.97526E-01
    2.54600E+02    6.98899E-01    4.97132E-01
    2.54700E+02    6.99822E-01    4.96674E-01
    2.54800E+02    7.00495E-01    4.96340E-01
    2.54900E+02    7.01747E-01    4.95718E-01
    2.55000E+02    7.01893E-01    4.95646E-01
    2.55100E+02    7.02455E-01    4.95367E-01
    2.55200E+02    7.02995E-01    4.95100E-01
    2.55300E+02    7.03443E-01    4.94879E-01
    2.55400E+02    7.03873E-01    4.94666E-01
    2.55500E+02    7.04281E-01    4.94464E-01
    2.55600E+02    7.04663E-01    4.94275E-01
    2.55700E+02    7.05056E-01    4.94081E-01
    2.55800E+02    7.05454E-01    4.93884E-01
    2.55900E+02    7.05810E-01    4.93708E-01
    2.56000E+02    7.06229E-01    4.93502E-01
    2.56100E+02    7.06631E-01    4.93303E-01
    2.56200E+02    7.06981E-01    4.93131E-01
    2.56300E+02    7.07402E-01    4.92923E-01
    2.56400E+02    7.07861E-01    4.92697E-01
    2.56500E+02    7.08327E-01    4.92467E-01
    2.56600E+02    7.08797E-01    4.92236E-01
    2.56700E+02    7.09380E-01    4.91949E-01
    2.56800E+02    7.09824E-01    4.91731E-01
    2.56900E+02    7.10724E-01    4.91288E-01
    2.57000E+02    7.10787E-01    4.91257E-01
    2.57100E+02    7.11284E-01    4.91013E-01
    2.57200E+02    7.11838E-01    4.90742E-01
    2.57300E+02    7.12420E-01    4.90456E-01
    2.57400E+02    7.13060E-01    4.90142E-01
    2.57500E+02    7.13711E-01    4.89823E-01
    2.57600E+02    7.14440E-01    4.89466E-01
    2.57700E+02    7.15184E-01    4.89102E-01
    2.57800E+02    7.16088E-01    4.88660E-01
    2.57900E+02    7.17066E-01    4.88183E-01
    2.58000E+02    7.18611E-01    4.87429E-01
    2.58100E+02    7.21606E-01    4.85971E-01
    2.58200E+02    7.43326E-01    4.75529E-01
    2.58300E+02    7.24843E-01    4.84401E-01
    2.58400E+02    7.24946E-01    4.84351E-01
    2.58500E+02    7.28931E-01    4.82424E-01
    2.58600E+02    7.41061E-01    4.76608E-01
    2.58700E+02    8.19377E-01    4.40706E-01
    2.58800E+02    7.51276E-01    4.71764E-01
    2.58900E+02    7.33107E-01    4.80414E-01
    2.59000E+02    7.28130E-01    4.82811E-01
    2.59100E+02    7.26324E-01    4.83684E-01
    2.59200E+02    7.25687E-01    4.83992E-01
    2.59300E+02    7.25533E-01    4.84066E-01
    2.59400E+02    7.25675E-01    4.83998E-01
    2.59500E+02    7.26138E-01    4.83774E-01
    2.59600E+02    7.26316E-01    4.83688E-01
    2.59700E+02    7.26740E-01    4.83482E-01
    2.59800E+02    7.27226E-01    4.83248E-01
    2.59900E+02    7.27759E-01    4.82990E-01
    2.60000E+02    7.28377E-01    4.82692E-01
    2.60100E+02    7.28919E-01    4.82430E-01
    2.60200E+02    7.29447E-01    4.82175E-01
    2.60300E+02    7.30031E-01    4.81894E-01
    2.60400E+02    7.30643E-01    4.81599E-01
    2.60500E+02    7.31299E-01    4.81284E-01
    2.60600E+02    7.31954E-01    4.80968E-01
    2.60700E+02    7.32651E-01    4.80633E-01
    2.60800E+02    7.33993E-01    4.79989E-01
    2.60900E+02    7.34000E-01    4.79985E-01
    2.61000E+02    7.34508E-01    4.79742E-01
    2.61100E+02    7.35182E-01    4.79418E-01
    2.61200E+02    7.35799E-01    4.79122E-01
    2.61300E+02    7.36466E-01    4.78803E-01
    2.61400E+02    7.37143E-01    4.78479E-01
    2.61500E+02    7.37824E-01    4.78153E-01
    2.61600E+02    7.38534E-01    4.77814E-01
    2.61700E+02    7.39274E-01    4.77461E-01
    2.61800E+02    7.39989E-01    4.77119E-01
    2.61900E+02    7.40715E-01    4.76773E-01
    2.62000E+02    7.41492E-01    4.76403E-01
    2.62100E+02    7.42270E-01    4.76032E-01
    2.62200E+02    7.43069E-01    4.75652E-01
    2.62300E+02    7.43952E-01    4.75232E-01
    2.62400E+02    7.44946E-01    4.74760E-01
    2.62500E+02    7.46165E-01    4.74182E-01
    2.62600E+02    7.47586E-01    4.73508E-01
    2.62700E+02    7.50178E-01    4.72283E-01
    2.62800E+02    7.58409E-01    4.68411E-01
    2.62900E+02    7.62768E-01    4.66373E-01
    2.63000E+02    7.53710E-01    4.70617E-01
    2.63100E+02    7.53078E-01    4.70915E-01
    2.63200E+02    7.55526E-01    4.69763E-01
    2.63300E+02    7.55430E-01    4.69809E-01
    2.63400E+02    7.58201E-01    4.68508E-01
    2.63500E+02    7.64310E-01    4.65655E-01
    2.63600E+02    7.83072E-01    4.57000E-01
    2.63700E+02    9.03554E-01    4.05127E-01
    2.63800E+02    7.81429E-01    4.57751E-01
    2.63900E+02    7.72971E-01    4.61640E-01
    2.64000E+02    7.63170E-01    4.66186E-01
    2.64100E+02    7.61137E-01    4.67135E-01
    2.64200E+02    7.60596E-01    4.67388E-01
    2.64300E+02    7.60706E-01    4.67337E-01
    2.64400E+02    7.61140E-01    4.67134E-01
    2.64500E+02    7.61860E-01    4.66797E-01
    2.64600E+02    7.62849E-01    4.66336E-01
    2.64700E+02    7.64252E-01    4.65682E-01
    2.64800E+02    7.66898E-01    4.64451E-01
    2.64900E+02    7.78623E-01    4.59038E-01
    2.65000E+02    7.71410E-01    4.62361E-01
    2.65100E+02    7.68246E-01    4.63826E-01
    2.65200E+02    7.68058E-01    4.63913E-01
    2.65300E+02    7.68510E-01    4.63703E-01
    2.65400E+02    7.69232E-01    4.63369E-01
    2.65500E+02    7.70076E-01    4.62978E-01
    2.65600E+02    7.70986E-01    4.62557E-01
    2.65700E+02    7.71886E-01    4.62141E-01
    2.65800E+02    7.72827E-01    4.61706E-01
    2.65900E+02    7.73734E-01    4.61287E-01
    2.66000E+02    7.74617E-01    4.60880E-01
    2.66100E+02    7.75478E-01    4.60484E-01
    2.66200E+02    7.76298E-01    4.60106E-01
    2.66300E+02    7.76903E-01    4.59828E-01
    2.66400E+02    7.77532E-01    4.59539E-01
    2.66500E+02    7.78179E-01    4.59241E-01
    2.66600E+02    7.78855E-01    4.58931E-01
    2.66700E+02    7.79665E-01    4.58559E-01
    2.66800E+02    7.80701E-01    4.58085E-01
    2.66900E+02    7.82221E-01    4.57389E-01
    2.67000E+02    7.84769E-01    4.56225E-01
    2.67100E+02    7.90471E-01    4.53631E-01
    2.67200E+02    8.10936E-01    4.44442E-01
    2.67300E+02    8.34054E-01    4.34285E-01
    2.67400E+02    7.95296E-01    4.51447E-01
    2.67500E+02    7.88019E-01    4.54745E-01
    2.67600E+02    7.85614E-01    4.55840E-01
    2.67700E+02    7.84679E-01    4.56266E-01
    2.67800E+02    7.84390E-01    4.56398E-01
    2.67900E+02    7.84406E-01    4.56391E-01
    2.68000E+02    7.84603E-01    4.56301E-01
    2.68100E+02    7.84950E-01    4.56143E-01
    2.68200E+02    7.85669E-01    4.55815E-01
    2.68300E+02    7.85784E-01    4.55762E-01
    2.68400E+02    7.86263E-01    4.55544E-01
    2.68500E+02    7.86848E-01    4.55278E-01
    2.68600E+02    7.87799E-01    4.54845E-01
    2.68700E+02    7.88685E-01    4.54442E-01
    2.68800E+02    7.88493E-01    4.54529E-01
    2.68900E+02    7.88953E-01    4.54320E-01
    2.69000E+02    7.89505E-01    4.54070E-01
    2.69100E+02    7.90097E-01    4.53801E-01
    2.69200E+02    7.90694E-01    4.53530E-01
    2.69300E+02    7.91314E-01    4.53249E-01
    2.69400E+02    7.91945E-01    4.52963E-01
    2.69500E+02    7.92591E-01    4.52671E-01
    2.69600E+02    7.93230E-01    4.52381E-01
    2.69700E+02    7.93878E-01    4.52088E-01
    2.69800E+02    7.94560E-01    4.51780E-01
    2.69900E+02    7.95228E-01    4.51478E-01
    2.70000E+02    7.95905E-01    4.51173E-01
    2.70100E+02    7.96618E-01    4.50851E-01
    2.70200E+02    7.97273E-01    4.50556E-01
    2.70300E+02    7.97987E-01    4.50234E-01
    2.70400E+02    7.98716E-01    4.49906E-01
    2.70500E+02    7.99471E-01    4.49567E-01
    2.70600E+02    8.00129E-01    4.49271E-01
    2.70700E+02    8.00949E-01    4.48903E-01
    2.70800E+02    8.01686E-01    4.48572E-01
    2.70900E+02    8.02562E-01    4.48179E-01
    2.71000E+02    8.03441E-01    4.47785E-01
    2.71100E+02    8.06499E-01    4.46418E-01
    2.71200E+02    8.04803E-01    4.47176E-01
    2.71300E+02    8.05438E-01    4.46892E-01
    2.71400E+02    8.05988E-01    4.46646E-01
    2.71500E+02    8.06696E-01    4.46330E-01
    2.71600E+02    8.07455E-01    4.45992E-01
    2.71700E+02    8.08263E-01    4.45632E-01
    2.71800E+02    8.09145E-01    4.45238E-01
    2.71900E+02    8.10623E-01    4.44581E-01
    2.72000E+02    8.10952E-01    4.44435E-01
    2.72100E+02    8.11599E-01    4.44147E-01
    2.72200E+02    8.12470E-01    4.43761E-01
    2.72300E+02    8.13431E-01    4.43335E-01
    2.72400E+02    8.14539E-01    4.42843E-01
    2.72500E+02    8.15836E-01    4.42269E-01
    2.72600E+02    8.17415E-01    4.41572E-01
    2.72700E+02    8.19669E-01    4.40577E-01
    2.72800E+02    8.23371E-01    4.38949E-01
    2.72900E+02    8.31692E-01    4.35312E-01
    2.73000E+02    8.65464E-01    4.20856E-01
    2.73100E+02    8.67726E-01    4.19905E-01
    2.73200E+02    8.34273E-01    4.34190E-01
    2.73300E+02    8.27401E-01    4.37184E-01
    2.73400E+02    8.25137E-01    4.38175E-01
    2.73500E+02    8.24474E-01    4.38465E-01
    2.73600E+02    8.24490E-01    4.38459E-01
    2.73700E+02    8.24832E-01    4.38309E-01
    2.73800E+02    8.25461E-01    4.38033E-01
    2.73900E+02    8.26371E-01    4.37634E-01
    2.74000E+02    8.27325E-01    4.37217E-01
    2.74100E+02    8.28595E-01    4.36663E-01
    2.74200E+02    8.30620E-01    4.35779E-01
    2.74300E+02    8.34570E-01    4.34061E-01
    2.74400E+02    8.46689E-01    4.28832E-01
    2.74500E+02    8.77291E-01    4.15908E-01
    2.74600E+02    8.41071E-01    4.31248E-01
    2.74700E+02    8.35600E-01    4.33614E-01
    2.74800E+02    8.34135E-01    4.34250E-01
    2.74900E+02    8.33866E-01    4.34367E-01
    2.75000E+02    8.34105E-01    4.34263E-01
    2.75100E+02    8.34490E-01    4.34096E-01
    2.75200E+02    8.35097E-01    4.33832E-01
    2.75300E+02    8.35588E-01    4.33619E-01
    2.75400E+02    8.36233E-01    4.33340E-01
    2.75500E+02    8.36898E-01    4.33052E-01
    2.75600E+02    8.37588E-01    4.32753E-01
    2.75700E+02    8.38332E-01    4.32431E-01
    2.75800E+02    8.39083E-01    4.32107E-01
    2.75900E+02    8.39874E-01    4.31765E-01
    2.76000E+02    8.40634E-01    4.31437E-01
    2.76100E+02    8.41429E-01    4.31094E-01
    2.76200E+02    8.42265E-01    4.30734E-01
    2.76300E+02    8.43155E-01    4.30351E-01
    2.76400E+02    8.44085E-01    4.29951E-01
    2.76500E+02    8.45130E-01    4.29502E-01
    2.76600E+02    8.46381E-01    4.28964E-01
    2.76700E+02    8.48183E-01    4.28192E-01
    2.76800E+02    8.51838E-01    4.26630E-01
    2.76900E+02    8.69747E-01    4.19058E-01
    2.77000E+02    8.57308E-01    4.24303E-01
    2.77100E+02    8.52413E-01    4.26385E-01
    2.77200E+02    8.51525E-01    4.26764E-01
    2.77300E+02    8.51632E-01    4.26718E-01
    2.77400E+02    8.52126E-01    4.26507E-01
    2.77500E+02    8.52758E-01    4.26238E-01
    2.77600E+02    8.53391E-01    4.25968E-01
    2.77700E+02    8.54109E-01    4.25662E-01
    2.77800E+02    8.54881E-01    4.25334E-01
    2.77900E+02    8.55801E-01    4.24943E-01
    2.78000E+02    8.56507E-01    4.24643E-01
    2.78100E+02    8.57321E-01    4.24297E-01
    2.78200E+02    8.58061E-01    4.23983E-01
    2.78300E+02    8.58927E-01    4.23616E-01
    2.78400E+02    8.59967E-01    4.23176E-01
    2.78500E+02    8.61783E-01    4.22408E-01
    2.78600E+02    8.61726E-01    4.22432E-01
    2.78700E+02    8.62321E-01    4.22181E-01
    2.78800E+02    8.63134E-01    4.21838E-01
    2.78900E+02    8.64057E-01    4.21449E-01
    2.79000E+02    8.65070E-01    4.21022E-01
    2.79100E+02    8.66226E-01    4.20536E-01
    2.79200E+02    8.67775E-01    4.19885E-01
    2.79300E+02    8.70571E-01    4.18713E-01
    2.79400E+02    8.75157E-01    4.16797E-01
    2.79500E+02    8.93756E-01    4.09116E-01
    2.79600E+02    8.74992E-01    4.16866E-01
    2.79700E+02    8.73294E-01    4.17574E-01
    2.79800E+02    8.74501E-01    4.17070E-01
    2.79900E+02    8.84991E-01    4.12718E-01
    2.80000E+02    8.75170E-01    4.16791E-01
    2.80100E+02    8.74658E-01    4.17005E-01
    2.80200E+02    8.75035E-01    4.16847E-01
    2.80300E+02    8.75647E-01    4.16592E-01
    2.80400E+02    8.76378E-01    4.16288E-01
    2.80500E+02    8.77131E-01    4.15975E-01
    2.80600E+02    8.77942E-01    4.15638E-01
    2.80700E+02    8.78792E-01    4.15284E-01
    2.80800E+02    8.79721E-01    4.14899E-01
    2.80900E+02    8.81056E-01    4.14345E-01
    2.81000E+02    8.84343E-01    4.12985E-01
    2.81100E+02    8.82511E-01    4.13743E-01
    2.81200E+02    8.83276E-01    4.13426E-01
    2.81300E+02    8.83928E-01    4.13157E-01
    2.81400E+02    8.84863E-01    4.12771E-01
    2.81500E+02    8.86374E-01    4.12148E-01
    2.81600E+02    8.86703E-01    4.12012E-01
    2.81700E+02    8.87338E-01    4.11750E-01
    2.81800E+02    8.88188E-01    4.11400E-01
    2.81900E+02    8.89208E-01    4.10981E-01
    2.82000E+02    8.90284E-01    4.10539E-01
    2.82100E+02    8.90955E-01    4.10264E-01
    2.82200E+02    8.91840E-01    4.09901E-01
    2.82300E+02    8.92854E-01    4.09486E-01
    2.82400E+02    8.93767E-01    4.09112E-01
    2.82500E+02    8.94930E-01    4.08636E-01
    2.82600E+02    8.96395E-01    4.08038E-01
    2.82700E+02    8.98941E-01    4.07000E-01
    2.82800E+02    9.08362E-01    4.03184E-01
    2.82900E+02    9.05058E-01    4.04519E-01
    2.83000E+02    9.00991E-01    4.06167E-01
    2.83100E+02    9.00659E-01    4.06302E-01
    2.83200E+02    9.01073E-01    4.06134E-01
    2.83300E+02    9.01699E-01    4.05879E-01
    2.83400E+02    9.02500E-01    4.05554E-01
    2.83500E+02    9.03299E-01    4.05231E-01
    2.83600E+02    9.04129E-01    4.04894E-01
    2.83700E+02    9.05008E-01    4.04539E-01
    2.83800E+02    9.05905E-01    4.04176E-01
    2.83900E+02    9.06817E-01    4.03808E-01
    2.84000E+02    9.07760E-01    4.03427E-01
    2.84100E+02    9.08675E-01    4.03058E-01
    2.84200E+02    9.09616E-01    4.02679E-01
    2.84300E+02    9.10618E-01    4.02275E-01
    2.84400E+02    9.12051E-01    4.01699E-01
    2.84500E+02    9.12584E-01    4.01486E-01
    2.84600E+02    9.13656E-01    4.01055E-01
    2.84700E+02    9.14541E-01    4.00701E-01
    2.84800E+02    9.15620E-01    4.00268E-01
    2.84900E+02    9.16666E-01    3.99850E-01
    2.85000E+02    9.17724E-01    3.99427E-01
    2.85100E+02    9.18875E-01    3.98968E-01
    2.85200E+02    9.20110E-01    3.98475E-01
    2.85300E+02    9.21447E-01    3.97943E-01
    2.85400E+02    9.22935E-01    3.97351E-01
    2.85500E+02    9.24652E-01    3.96670E-01
    2.85600E+02    9.26845E-01    3.95800E-01
    2.85700E+02    9.29569E-01    3.94724E-01
    2.85800E+02    9.33871E-01    3.93029E-01
    2.85900E+02    9.41969E-01    3.89860E-01
    2.86000E+02    9.63777E-01    3.81449E-01
    2.86100E+02    1.05795E+00    3.47168E-01
    2.86200E+02    1.01290E+00    3.63164E-01
    2.86300E+02    1.00951E+00    3.64397E-01
    2.86400E+02    9.51574E-01    3.86133E-01
    2.86500E+02    9.42193E-01    3.89772E-01
    2.86600E+02    9.38921E-01    3.91050E-01
    2.86700E+02    9.37682E-01    3.91534E-01
    2.86800E+02    9.37333E-01    3.91671E-01
    2.86900E+02    9.37481E-01    3.91613E-01
    2.87000E+02    9.37959E-01    3.91426E-01
    2.87100E+02    9.38408E-01    3.91250E-01
    2.87200E+02    9.39058E-01    3.90996E-01
    2.87300E+02    9.39819E-01    3.90698E-01
    2.87400E+02    9.40646E-01    3.90376E-01
    2.87500E+02    9.41526E-01    3.90032E-01
    2.87600E+02    9.42448E-01    3.89673E-01
    2.87700E+02    9.43410E-01    3.89298E-01
    2.87800E+02    9.44426E-01    3.88903E-01
    2.87900E+02    9.45490E-01    3.88489E-01
    2.88000E+02    9.46622E-01    3.88050E-01
    2.88100E+02    9.47812E-01    3.87588E-01
    2.88200E+02    9.49133E-01    3.87076E-01
    2.88300E+02    9.50697E-01    3.86472E-01
    2.88400E+02    9.52334E-01    3.85839E-01
    2.88500E+02    9.54462E-01    3.85019E-01
    2.88600E+02    9.57505E-01    3.83849E-01
    2.88700E+02    9.62579E-01    3.81907E-01
    2.88800E+02    9.73721E-01    3.77675E-01
    2.88900E+02    1.01515E+00    3.62348E-01
    2.89000E+02    1.04068E+00    3.53214E-01
    2.89100E+02    9.80567E-01    3.75098E-01
    2.89200E+02    9.68861E-01    3.79515E-01
    2.89300E+02    9.65026E-01    3.80973E-01
    2.89400E+02    9.63682E-01    3.81486E-01
    2.89500E+02    9.63382E-01    3.81600E-01
    2.89600E+02    9.63580E-01    3.81525E-01
    2.89700E+02    9.64067E-01    3.81339E-01
    2.89800E+02    9.64806E-01    3.81057E-01
    2.89900E+02    9.65625E-01    3.80745E-01
    2.90000E+02    9.66460E-01    3.80427E-01
    2.90100E+02    9.67176E-01    3.80155E-01
    2.90200E+02    9.68064E-01    3.79818E-01
    2.90300E+02    9.69007E-01    3.79460E-01
    2.90400E+02    9.70013E-01    3.79078E-01
    2.90500E+02    9.71078E-01    3.78675E-01
    2.90600E+02    9.72170E-01    3.78261E-01
    2.90700E+02    9.73357E-01    3.77813E-01
    2.90800E+02    9.74851E-01    3.77248E-01
    2.90900E+02    9.77700E-01    3.76175E-01
    2.91000E+02    9.83049E-01    3.74168E-01
    2.91100E+02    9.78655E-01    3.75816E-01
    2.91200E+02    9.78875E-01    3.75733E-01
    2.91300E+02    9.79817E-01    3.75380E-01
    2.91400E+02    9.80717E-01    3.75042E-01
    2.91500E+02    9.81622E-01    3.74703E-01
    2.91600E+02    9.82789E-01    3.74266E-01
    2.91700E+02    9.86266E-01    3.72967E-01
    2.91800E+02    9.84918E-01    3.73470E-01
    2.91900E+02    9.85876E-01    3.73112E-01
    2.92000E+02    9.86955E-01    3.72710E-01
    2.92100E+02    9.88108E-01    3.72281E-01
    2.92200E+02    9.89300E-01    3.71837E-01
    2.92300E+02    9.90528E-01    3.71380E-01
    2.92400E+02    9.91852E-01    3.70889E-01
    2.92500E+02    9.93438E-01    3.70301E-01
    2.92600E+02    9.94850E-01    3.69779E-01
    2.92700E+02    9.96418E-01    3.69199E-01
    2.92800E+02    9.98536E-01    3.68419E-01
    2.92900E+02    1.00162E+00    3.67283E-01
    2.93000E+02    1.00741E+00    3.65162E-01
    2.93100E+02    1.02527E+00    3.58699E-01
    2.93200E+02    1.05385E+00    3.48592E-01
    2.93300E+02    1.01604E+00    3.62026E-01
    2.93400E+02    1.01128E+00    3.63754E-01
    2.93500E+02    1.01609E+00    3.62009E-01
    2.93600E+02    1.01547E+00    3.62233E-01
    2.93700E+02    1.00998E+00    3.64226E-01
    2.93800E+02    1.00931E+00    3.64471E-01
    2.93900E+02    1.00961E+00    3.64359E-01
    2.94000E+02    1.01030E+00    3.64109E-01
    2.94100E+02    1.01117E+00    3.63794E-01
    2.94200E+02    1.01215E+00    3.63438E-01
    2.94300E+02    1.01318E+00    3.63064E-01
    2.94400E+02    1.01426E+00    3.62669E-01
    2.94500E+02    1.01539E+00    3.62263E-01
    2.94600E+02    1.01661E+00    3.61818E-01
    2.94700E+02    1.01767E+00    3.61436E-01
    2.94800E+02    1.01885E+00    3.61012E-01
    2.94900E+02    1.02002E+00    3.60589E-01
    2.95000E+02    1.02121E+00    3.60159E-01
    2.95100E+02    1.02241E+00    3.59728E-01
    2.95200E+02    1.02366E+00    3.59278E-01
    2.95300E+02    1.02504E+00    3.58783E-01
    2.95400E+02    1.02628E+00    3.58339E-01
    2.95500E+02    1.02746E+00    3.57914E-01
    2.95600E+02    1.02860E+00    3.57508E-01
    2.95700E+02    1.02985E+00    3.57059E-01
    2.95800E+02    1.03123E+00    3.56568E-01
    2.95900E+02    1.03243E+00    3.56139E-01
    2.96000E+02    1.03380E+00    3.55653E-01
    2.96100E+02    1.03529E+00    3.55124E-01
    2.96200E+02    1.03637E+00    3.54742E-01
    2.96300E+02    1.03770E+00    3.54270E-01
    2.96400E+02    1.03936E+00    3.53682E-01
    2.96500E+02    1.04041E+00    3.53308E-01
    2.96600E+02    1.04177E+00    3.52828E-01
    2.96700E+02    1.04318E+00    3.52331E-01
    2.96800E+02    1.04467E+00    3.51809E-01
    2.96900E+02    1.04613E+00    3.51295E-01
    2.97000E+02    1.04772E+00    3.50737E-01
    2.97100E+02    1.04978E+00    3.50016E-01
    2.97200E+02    1.05258E+00    3.49037E-01
    2.97300E+02    1.05250E+00    3.49062E-01
    2.97400E+02    1.05405E+00    3.48523E-01
    2.97500E+02    1.05544E+00    3.48040E-01
    2.97600E+02    1.05709E+00    3.47467E-01
    2.97700E+02    1.05886E+00    3.46850E-01
    2.97800E+02    1.06075E+00    3.46198E-01
    2.97900E+02    1.06277E+00    3.45498E-01
    2.98000E+02    1.06497E+00    3.44740E-01
    2.98100E+02    1.06744E+00    3.43888E-01
    2.98200E+02    1.07031E+00    3.42902E-01
    2.98300E+02    1.07413E+00    3.41594E-01
    2.98400E+02    1.07971E+00    3.39695E-01
    2.98500E+02    1.08475E+00    3.37987E-01
    2.98600E+02    1.08040E+00    3.39459E-01
    2.98700E+02    1.07839E+00    3.40142E-01
    2.98800E+02    1.07854E+00    3.40090E-01
    2.98900E+02    1.07840E+00    3.40140E-01
    2.99000E+02    1.07888E+00    3.39975E-01
    2.99100E+02    1.07964E+00    3.39719E-01
    2.99200E+02    1.08054E+00    3.39411E-01
    2.99300E+02    1.08165E+00    3.39036E-01
    2.99400E+02    1.08319E+00    3.38515E-01
    2.99500E+02    1.08688E+00    3.37269E-01
    2.99600E+02    1.08543E+00    3.37756E-01
    2.99700E+02    1.08665E+00    3.37346E-01
    2.99800E+02    1.08770E+00    3.36992E-01
    2.99900E+02    1.08907E+00    3.36529E-01
    3.00000E+02    1.09053E+00    3.36039E-01
    3.00100E+02    1.09218E+00    3.35486E-01
    3.00200E+02    1.09382E+00    3.34936E-01
    3.00300E+02    1.09564E+00    3.34327E-01
    3.00400E+02    1.09788E+00    3.33579E-01
    3.00500E+02    1.10111E+00    3.32503E-01
    3.00600E+02    1.10836E+00    3.30101E-01
    3.00700E+02    1.13291E+00    3.22095E-01
    3.00800E+02    1.10920E+00    3.29824E-01
    3.00900E+02    1.10746E+00    3.30398E-01
    3.01000E+02    1.10817E+00    3.30163E-01
    3.01100E+02    1.10965E+00    3.29675E-01
    3.01200E+02    1.11166E+00    3.29013E-01
    3.01300E+02    1.11427E+00    3.28153E-01
    3.01400E+02    1.11777E+00    3.27008E-01
    3.01500E+02    1.12298E+00    3.25309E-01
    3.01600E+02    1.13253E+00    3.22218E-01
    3.01700E+02    1.15750E+00    3.14270E-01
    3.01800E+02    1.32481E+00    2.65852E-01
    3.01900E+02    1.17501E+00    3.08816E-01
    3.02000E+02    1.14294E+00    3.18879E-01
    3.02100E+02    1.13460E+00    3.21550E-01
    3.02200E+02    1.13203E+00    3.22378E-01
    3.02300E+02    1.13161E+00    3.22515E-01
    3.02400E+02    1.13222E+00    3.22317E-01
    3.02500E+02    1.13350E+00    3.21906E-01
    3.02600E+02    1.13516E+00    3.21372E-01
    3.02700E+02    1.13724E+00    3.20703E-01
    3.02800E+02    1.14007E+00    3.19795E-01
    3.02900E+02    1.14438E+00    3.18421E-01
    3.03000E+02    1.15282E+00    3.15746E-01
    3.03100E+02    1.17975E+00    3.07356E-01
    3.03200E+02    1.20643E+00    2.99264E-01
    3.03300E+02    1.16181E+00    3.12919E-01
    3.03400E+02    1.15437E+00    3.15255E-01
    3.03500E+02    1.15286E+00    3.15733E-01
    3.03600E+02    1.15334E+00    3.15581E-01
    3.03700E+02    1.15391E+00    3.15401E-01
    3.03800E+02    1.15522E+00    3.14989E-01
    3.03900E+02    1.15681E+00    3.14488E-01
    3.04000E+02    1.15852E+00    3.13952E-01
    3.04100E+02    1.16035E+00    3.13376E-01
    3.04200E+02    1.16227E+00    3.12776E-01
    3.04300E+02    1.16427E+00    3.12149E-01
    3.04400E+02    1.16636E+00    3.11500E-01
    3.04500E+02    1.16853E+00    3.10822E-01
    3.04600E+02    1.17084E+00    3.10106E-01
    3.04700E+02    1.17337E+00    3.09323E-01
    3.04800E+02    1.17684E+00    3.08252E-01
    3.04900E+02    1.17784E+00    3.07944E-01
    3.05000E+02    1.17922E+00    3.07519E-01
    3.05100E+02    1.18096E+00    3.06982E-01
    3.05200E+02    1.18277E+00    3.06427E-01
    3.05300E+02    1.18471E+00    3.05836E-01
    3.05400E+02    1.18670E+00    3.05227E-01
    3.05500E+02    1.18874E+00    3.04604E-01
    3.05600E+02    1.19084E+00    3.03965E-01
    3.05700E+02    1.19297E+00    3.03318E-01
    3.05800E+02    1.19514E+00    3.02662E-01
    3.05900E+02    1.19735E+00    3.01993E-01
    3.06000E+02    1.19962E+00    3.01310E-01
    3.06100E+02    1.20185E+00    3.00639E-01
    3.06200E+02    1.20416E+00    2.99944E-01
    3.06300E+02    1.20649E+00    2.99247E-01
    3.06400E+02    1.20885E+00    2.98540E-01
    3.06500E+02    1.21123E+00    2.97830E-01
    3.06600E+02    1.21366E+00    2.97107E-01
    3.06700E+02    1.21611E+00    2.96380E-01
    3.06800E+02    1.21862E+00    2.95638E-01
    3.06900E+02    1.22123E+00    2.94867E-01
    3.07000E+02    1.22374E+00    2.94129E-01
    3.07100E+02    1.22628E+00    2.93382E-01
    3.07200E+02    1.22891E+00    2.92610E-01
    3.07300E+02    1.23225E+00    2.91635E-01
    3.07400E+02    1.23503E+00    2.90827E-01
    3.07500E+02    1.23792E+00    2.89985E-01
    3.07600E+02    1.24047E+00    2.89247E-01
    3.07700E+02    1.24321E+00    2.88456E-01
    3.07800E+02    1.24603E+00    2.87644E-01
    3.07900E+02    1.24891E+00    2.86819E-01
    3.08000E+02    1.25182E+00    2.85984E-01
    3.08100E+02    1.25478E+00    2.85139E-01
    3.08200E+02    1.25780E+00    2.84280E-01
    3.08300E+02    1.26086E+00    2.83410E-01
    3.08400E+02    1.26402E+00    2.82517E-01
    3.08500E+02    1.26749E+00    2.81539E-01
    3.08600E+02    1.27108E+00    2.80528E-01
    3.08700E+02    1.27367E+00    2.79802E-01
    3.08800E+02    1.27698E+00    2.78877E-01
    3.08900E+02    1.28037E+00    2.77935E-01
    3.09000E+02    1.28358E+00    2.77045E-01
    3.09100E+02    1.28701E+00    2.76094E-01
    3.09200E+02    1.29058E+00    2.75111E-01
    3.09300E+02    1.29420E+00    2.74117E-01
    3.09400E+02    1.29801E+00    2.73074E-01
    3.09500E+02    1.30158E+00    2.72100E-01
    3.09600E+02    1.30546E+00    2.71048E-01
    3.09700E+02    1.30955E+00    2.69941E-01
    3.09800E+02    1.31406E+00    2.68727E-01
    3.09900E+02    1.31950E+00    2.67268E-01
    3.10000E+02    1.32960E+00    2.64584E-01
    3.10100E+02    1.33913E+00    2.62075E-01
    3.10200E+02    1.33226E+00    2.63879E-01
    3.10300E+02    1.33428E+00    2.63348E-01
    3.10400E+02    1.33748E+00    2.62507E-01
    3.10500E+02    1.34120E+00    2.61531E-01
    3.10600E+02    1.34507E+00    2.60521E-01
    3.10700E+02    1.34905E+00    2.59485E-01
    3.10800E+02    1.35311E+00    2.58435E-01
    3.10900E+02    1.35723E+00    2.57373E-01
    3.11000E+02    1.36143E+00    2.56295E-01
    3.11100E+02    1.36575E+00    2.55188E-01
    3.11200E+02    1.37007E+00    2.54090E-01
    3.11300E+02    1.37446E+00    2.52976E-01
    3.11400E+02    1.37897E+00    2.51839E-01
    3.11500E+02    1.38359E+00    2.50677E-01
    3.11600E+02    1.38840E+00    2.49473E-01
    3.11700E+02    1.39321E+00    2.48277E-01
    3.11800E+02    1.39807E+00    2.47074E-01
    3.11900E+02    1.40307E+00    2.45841E-01
    3.12000E+02    1.40822E+00    2.44577E-01
    3.12100E+02    1.41351E+00    2.43288E-01
    3.12200E+02    1.41891E+00    2.41977E-01
    3.12300E+02    1.42445E+00    2.40640E-01
    3.12400E+02    1.43012E+00    2.39279E-01
    3.12500E+02    1.43599E+00    2.37880E-01
    3.12600E+02    1.44195E+00    2.36467E-01
    3.12700E+02    1.44794E+00    2.35053E-01
    3.12800E+02    1.45416E+00    2.33596E-01
    3.12900E+02    1.46078E+00    2.32054E-01
    3.13000E+02    1.46700E+00    2.30616E-01
    3.13100E+02    1.47360E+00    2.29099E-01
    3.13200E+02    1.48028E+00    2.27573E-01
    3.13300E+02    1.48716E+00    2.26013E-01
    3.13400E+02    1.49419E+00    2.24431E-01
    3.13500E+02    1.50138E+00    2.22823E-01
    3.13600E+02    1.50882E+00    2.21171E-01
    3.13700E+02    1.51586E+00    2.19618E-01
    3.13800E+02    1.52326E+00    2.17999E-01
    3.13900E+02    1.53083E+00    2.16357E-01
    3.14000E+02    1.53904E+00    2.14587E-01
    3.14100E+02    1.54612E+00    2.13074E-01
    3.14200E+02    1.55396E+00    2.11409E-01
    3.14300E+02    1.56203E+00    2.09710E-01
    3.14400E+02    1.57031E+00    2.07982E-01
    3.14500E+02    1.57880E+00    2.06223E-01
    3.14600E+02    1.58754E+00    2.04428E-01
    3.14700E+02    1.59654E+00    2.02597E-01
    3.14800E+02    1.60582E+00    2.00726E-01
    3.14900E+02    1.61539E+00    1.98813E-01
    3.15000E+02    1.62531E+00    1.96851E-01
    3.15100E+02    1.63562E+00    1.94832E-01
    3.15200E+02    1.64626E+00    1.92769E-01
    3.15300E+02    1.65741E+00    1.90632E-01
    3.15400E+02    1.66919E+00    1.88399E-01
    3.15500E+02    1.68188E+00    1.86023E-01
    3.15600E+02    1.69616E+00    1.83386E-01
    3.15700E+02    1.71429E+00    1.80092E-01
    3.15800E+02    1.74852E+00    1.74030E-01
    3.15900E+02    1.81069E+00    1.63540E-01
    3.16000E+02    1.76328E+00    1.71481E-01
    3.16100E+02    1.77119E+00    1.70131E-01
    3.16200E+02    1.79427E+00    1.66248E-01
    3.16300E+02    1.87718E+00    1.53021E-01
    3.16400E+02    1.84140E+00    1.58595E-01
    3.16500E+02    1.82930E+00    1.60526E-01
    3.16600E+02    1.83926E+00    1.58935E-01
    3.16700E+02    1.86004E+00    1.55666E-01
    3.16800E+02    1.86640E+00    1.54679E-01
    3.16900E+02    1.88197E+00    1.52290E-01
    3.17000E+02    1.89975E+00    1.49606E-01
    3.17100E+02    1.92024E+00    1.46571E-01
    3.17200E+02    1.95641E+00    1.41365E-01
    3.17300E+02    1.95852E+00    1.41067E-01
    3.17400E+02    1.97693E+00    1.38493E-01
    3.17500E+02    1.99762E+00    1.35657E-01
    3.17600E+02    2.01962E+00    1.32705E-01
    3.17700E+02    2.04273E+00    1.29675E-01
    3.17800E+02    2.06681E+00    1.26589E-01
    3.17900E+02    2.09193E+00    1.23448E-01
    3.18000E+02    2.11813E+00    1.20256E-01
    3.18100E+02    2.14561E+00    1.16997E-01
    3.18200E+02    2.17413E+00    1.13707E-01
    3.18300E+02    2.20404E+00    1.10357E-01
    3.18400E+02    2.23529E+00    1.06961E-01
    3.18500E+02    2.26811E+00    1.03508E-01
    3.18600E+02    2.30227E+00    1.00032E-01
    3.18700E+02    2.33822E+00    9.64989E-02
    3.18800E+02    2.37593E+00    9.29282E-02
    3.18900E+02    2.41557E+00    8.93167E-02
    3.19000E+02    2.45718E+00    8.56762E-02
    3.19100E+02    2.50098E+00    8.20048E-02
    3.19200E+02    2.54733E+00    7.82907E-02
    3.19300E+02    2.59601E+00    7.45702E-02
    3.19400E+02    2.64769E+00    7.08149E-02
    3.19500E+02    2.70217E+00    6.70599E-02
    3.19600E+02    2.76023E+00    6.32770E-02
    3.19700E+02    2.82270E+00    5.94455E-02
    3.19800E+02    2.89149E+00    5.54935E-02
    3.19900E+02    2.97539E+00    5.10276E-02
    3.20000E+02    3.18297E+00    4.14623E-02
    3.20100E+02    3.12022E+00    4.41475E-02
    3.20200E+02    3.18498E+00    4.13792E-02
    3.20300E+02    3.26440E+00    3.82200E-02
    3.20400E+02    3.35113E+00    3.50446E-02
    3.20500E+02    3.44323E+00    3.19613E-02
    3.20600E+02    3.54036E+00    2.90029E-02
    3.20700E+02    3.64185E+00    2.62038E-02
    3.20800E+02    3.74737E+00    2.35796E-02
    3.20900E+02    3.85620E+00    2.11482E-02
    3.21000E+02    3.96777E+00    1.89155E-02
    3.21100E+02    4.08153E+00    1.68816E-02
    3.21200E+02    4.19685E+00    1.50429E-02
    3.21300E+02    4.31344E+00    1.33874E-02
    3.21400E+02    4.43296E+00    1.18793E-02
    3.21500E+02    4.55693E+00    1.04942E-02
    3.21600E+02    4.68684E+00    9.21578E-03
    3.21700E+02    4.82467E+00    8.02917E-03
    3.21800E+02    4.97209E+00    6.92865E-03
    3.21900E+02    5.13095E+00    5.91092E-03
    3.22000E+02    5.30493E+00    4.96706E-03
    3.22100E+02    5.48851E+00    4.13401E-03
    3.22200E+02    5.68908E+00    3.38271E-03
    3.22300E+02    5.90699E+00    2.72035E-03
    3.22400E+02    6.14370E+00    2.14696E-03
    3.22500E+02    6.40059E+00    1.66058E-03
    3.22600E+02    6.67929E+00    1.25667E-03
    3.22700E+02    6.98209E+00    9.28363E-04
    3.22800E+02    7.31043E+00    6.68527E-04
    3.22900E+02    7.66735E+00    4.67855E-04
    3.23000E+02    8.05496E+00    3.17523E-04
    3.23100E+02    8.47587E+00    2.08437E-04
    3.23200E+02    8.93286E+00    1.31980E-04
    3.23300E+02    9.42854E+00    8.03963E-05
    3.23400E+02    9.96596E+00    4.69720E-05
    3.23500E+02    1.05479E+01    2.62491E-05
    3.23600E+02    1.11768E+01    1.39955E-05
    3.23700E+02    1.18606E+01    7.06342E-06
    3.23800E+02    1.25843E+01    3.42549E-06
    3.23900E+02    1.33649E+01    1.56929E-06
    3.24000E+02    1.41969E+01    6.82937E-07
    3.24100E+02    1.50780E+01    2.82952E-07
    3.24200E+02    1.60052E+01    1.11948E-07
    3.24300E+02    1.69685E+01    4.27222E-08
    3.24400E+02    1.79587E+01    1.58723E-08
    3.24500E+02    1.89580E+01    5.84312E-09
    3.24600E+02    1.99454E+01    2.17682E-09
    3.24700E+02    2.08919E+01    8.44832E-10
    3.24800E+02    2.17615E+01    3.54089E-10
    3.24900E+02    2.25131E+01    1.66991E-10
    3.25000E+02    2.30957E+01    9.32568E-11
    3.25100E+02    2.34514E+01    6.53425E-11
    3.25200E+02    2.34752E+01    6.38064E-11
    3.25300E+02    2.31590E+01    8.75312E-11
    3.25400E+02    2.26120E+01    1.51261E-10
    3.25500E+02    2.18899E+01    3.11403E-10
    3.25600E+02    2.10450E+01    7.24907E-10
    3.25700E+02    2.01171E+01    1.83336E-09
    3.25800E+02    1.91454E+01    4.84483E-09
    3.25900E+02    1.81567E+01    1.30208E-08
    3.26000E+02    1.71743E+01    3.47776E-08
    3.26100E+02    1.62149E+01    9.07776E-08
    3.26200E+02    1.52896E+01    2.28989E-07
    3.26300E+02    1.44078E+01    5.53041E-07
    3.26400E+02    1.35754E+01    1.27144E-06
    3.26500E+02    1.27937E+01    2.77822E-06
    3.26600E+02    1.20607E+01    5.78247E-06
    3.26700E+02    1.13854E+01    1.13604E-05
    3.26800E+02    1.07791E+01    2.08309E-05
    3.26900E+02    1.04597E+01    2.86689E-05
    3.27000E+02    9.64281E+00    6.48905E-05
    3.27100E+02    9.10605E+00    1.10992E-04
    3.27200E+02    8.62836E+00    1.78958E-04
    3.27300E+02    8.19159E+00    2.76973E-04
    3.27400E+02    7.78963E+00    4.14007E-04
    3.27500E+02    7.41888E+00    5.99821E-04
    3.27600E+02    7.07694E+00    8.44354E-04
    3.27700E+02    6.76312E+00    1.15562E-03
    3.27800E+02    6.48196E+00    1.53081E-03
    3.27900E+02    6.20640E+00    2.01648E-03
    3.28000E+02    5.94298E+00    2.62421E-03
    3.28100E+02    5.70566E+00    3.32709E-03
    3.28200E+02    5.48658E+00    4.14199E-03
    3.28300E+02    5.28311E+00    5.07661E-03
    3.28400E+02    5.09371E+00    6.13521E-03
    3.28500E+02    4.91740E+00    7.31814E-03
    3.28600E+02    4.75264E+00    8.62890E-03
    3.28700E+02    4.59875E+00    1.00644E-02
    3.28800E+02    4.45496E+00    1.16208E-02
    3.28900E+02    4.32028E+00    1.32962E-02
    3.29000E+02    4.19414E+00    1.50838E-02
    3.29100E+02    4.07581E+00    1.69785E-02
    3.29200E+02    3.96463E+00    1.89751E-02
    3.29300E+02    3.86025E+00    2.10628E-02
    3.29400E+02    3.76181E+00    2.32415E-02
    3.29500E+02    3.66931E+00    2.54940E-02
    3.29600E+02    3.58226E+00    2.78128E-02
    3.29700E+02    3.50006E+00    3.01957E-02
    3.29800E+02    3.42328E+00    3.26053E-02
    3.29900E+02    3.34893E+00    3.51218E-02
    3.30000E+02    3.27937E+00    3.76521E-02
    3.30100E+02    3.21370E+00    4.02076E-02
    3.30200E+02    3.15156E+00    4.27854E-02
    3.30300E+02    3.09262E+00    4.53829E-02
    3.30400E+02    3.03679E+00    4.79887E-02
    3.30500E+02    2.98368E+00    5.06061E-02
    3.30600E+02    2.93339E+00    5.32164E-02
    3.30700E+02    2.88559E+00    5.58221E-02
    3.30800E+02    2.84001E+00    5.84250E-02
    3.30900E+02    2.79675E+00    6.10079E-02
    3.31000E+02    2.75563E+00    6.35688E-02
    3.31100E+02    2.71639E+00    6.61129E-02
    3.31200E+02    2.67902E+00    6.86303E-02
    3.31300E+02    2.64341E+00    7.11184E-02
    3.31400E+02    2.60943E+00    7.35762E-02
    3.31500E+02    2.57711E+00    7.59935E-02
    3.31600E+02    2.54623E+00    7.83769E-02
    3.31700E+02    2.51686E+00    8.07130E-02
    3.31800E+02    2.48950E+00    8.29514E-02
    3.31900E+02    2.46204E+00    8.52608E-02
    3.32000E+02    2.43653E+00    8.74640E-02
    3.32100E+02    2.41257E+00    8.95852E-02
    3.32200E+02    2.38978E+00    9.16500E-02
    3.32300E+02    2.36878E+00    9.35951E-02
    3.32400E+02    2.35030E+00    9.53401E-02
    3.32500E+02    2.33668E+00    9.66481E-02
    3.32600E+02    2.33770E+00    9.65493E-02
    3.32700E+02    2.49062E+00    8.28586E-02
    3.32800E+02    2.31899E+00    9.83733E-02
    3.32900E+02    2.31547E+00    9.87203E-02
    3.33000E+02    2.24817E+00    1.05592E-01
    3.33100E+02    2.22186E+00    1.08407E-01
    3.33200E+02    2.20214E+00    1.10567E-01
    3.33300E+02    2.18491E+00    1.12488E-01
    3.33400E+02    2.16925E+00    1.14264E-01
    3.33500E+02    2.15444E+00    1.15968E-01
    3.33600E+02    2.14062E+00    1.17581E-01
    3.33700E+02    2.12738E+00    1.19149E-01
    3.33800E+02    2.11486E+00    1.20650E-01
    3.33900E+02    2.10292E+00    1.22100E-01
    3.34000E+02    2.09142E+00    1.23512E-01
    3.34100E+02    2.08021E+00    1.24904E-01
    3.34200E+02    2.06959E+00    1.26238E-01
    3.34300E+02    2.05953E+00    1.27513E-01
    3.34400E+02    2.04973E+00    1.28770E-01
    3.34500E+02    2.04047E+00    1.29968E-01
    3.34600E+02    2.03156E+00    1.31131E-01
    3.34700E+02    2.02310E+00    1.32245E-01
    3.34800E+02    2.01492E+00    1.33332E-01
    3.34900E+02    2.00729E+00    1.34352E-01
    3.35000E+02    2.00031E+00    1.35293E-01
    3.35100E+02    1.99471E+00    1.36053E-01
    3.35200E+02    1.99411E+00    1.36135E-01
    3.35300E+02    1.99828E+00    1.35568E-01
    3.35400E+02    1.97533E+00    1.38716E-01
    3.35500E+02    1.96595E+00    1.40023E-01
    3.35600E+02    1.95863E+00    1.41052E-01
    3.35700E+02    1.95231E+00    1.41946E-01
    3.35800E+02    1.94555E+00    1.42908E-01
    3.35900E+02    1.93989E+00    1.43720E-01
    3.36000E+02    1.93367E+00    1.44617E-01
    3.36100E+02    1.92807E+00    1.45429E-01
    3.36200E+02    1.92313E+00    1.46149E-01
    3.36300E+02    1.91751E+00    1.46972E-01
    3.36400E+02    1.91254E+00    1.47704E-01
    3.36500E+02    1.90775E+00    1.48414E-01
    3.36600E+02    1.90318E+00    1.49093E-01
    3.36700E+02    1.89874E+00    1.49757E-01
    3.36800E+02    1.89451E+00    1.50393E-01
    3.36900E+02    1.89049E+00    1.50997E-01
    3.37000E+02    1.88661E+00    1.51585E-01
    3.37100E+02    1.88304E+00    1.52126E-01
    3.37200E+02    1.87948E+00    1.52670E-01
    3.37300E+02    1.87606E+00    1.53192E-01
    3.37400E+02    1.87283E+00    1.53689E-01
    3.37500E+02    1.86983E+00    1.54150E-01
    3.37600E+02    1.86715E+00    1.54563E-01
    3.37700E+02    1.86409E+00    1.55038E-01
    3.37800E+02    1.86115E+00    1.55494E-01
    3.37900E+02    1.85849E+00    1.55909E-01
    3.38000E+02    1.85599E+00    1.56298E-01
    3.38100E+02    1.85370E+00    1.56656E-01
    3.38200E+02    1.85144E+00    1.57011E-01
    3.38300E+02    1.84944E+00    1.57325E-01
    3.38400E+02    1.84743E+00    1.57641E-01
    3.38500E+02    1.84554E+00    1.57940E-01
    3.38600E+02    1.84392E+00    1.58196E-01
    3.38700E+02    1.84360E+00    1.58247E-01
    3.38800E+02    1.84085E+00    1.58682E-01
    3.38900E+02    1.83904E+00    1.58969E-01
    3.39000E+02    1.83751E+00    1.59213E-01
    3.39100E+02    1.83614E+00    1.59432E-01
    3.39200E+02    1.83490E+00    1.59630E-01
    3.39300E+02    1.83373E+00    1.59817E-01
    3.39400E+02    1.83267E+00    1.59986E-01
    3.39500E+02    1.83168E+00    1.60144E-01
    3.39600E+02    1.83078E+00    1.60289E-01
    3.39700E+02    1.82996E+00    1.60420E-01
    3.39800E+02    1.82923E+00    1.60537E-01
    3.39900E+02    1.82859E+00    1.60640E-01
    3.40000E+02    1.82795E+00    1.60742E-01
    3.40100E+02    1.82742E+00    1.60828E-01
    3.40200E+02    1.82697E+00    1.60900E-01
    3.40300E+02    1.82658E+00    1.60963E-01
    3.40400E+02    1.82627E+00    1.61012E-01
    3.40500E+02    1.82603E+00    1.61051E-01
    3.40600E+02    1.82595E+00    1.61064E-01
    3.40700E+02    1.82614E+00    1.61034E-01
    3.40800E+02    1.82570E+00    1.61105E-01
    3.40900E+02    1.82565E+00    1.61113E-01
    3.41000E+02    1.82569E+00    1.61106E-01
    3.41100E+02    1.82580E+00    1.61089E-01
    3.41200E+02    1.82598E+00    1.61060E-01
    3.41300E+02    1.82621E+00    1.61023E-01
    3.41400E+02    1.82651E+00    1.60975E-01
    3.41500E+02    1.82686E+00    1.60918E-01
    3.41600E+02    1.82727E+00    1.60852E-01
    3.41700E+02    1.82774E+00    1.60777E-01
    3.41800E+02    1.82831E+00    1.60684E-01
    3.41900E+02    1.82909E+00    1.60560E-01
    3.42000E+02    1.82957E+00    1.60482E-01
    3.42100E+02    1.83073E+00    1.60297E-01
    3.42200E+02    1.83100E+00    1.60253E-01
    3.42300E+02    1.83179E+00    1.60127E-01
    3.42400E+02    1.83269E+00    1.59983E-01
    3.42500E+02    1.83371E+00    1.59820E-01
    3.42600E+02    1.83475E+00    1.59654E-01
    3.42700E+02    1.83600E+00    1.59454E-01
    3.42800E+02    1.83751E+00    1.59214E-01
    3.42900E+02    1.83946E+00    1.58902E-01
    3.43000E+02    1.84259E+00    1.58406E-01
    3.43100E+02    1.85002E+00    1.57234E-01
    3.43200E+02    1.87814E+00    1.52874E-01
    3.43300E+02    1.86045E+00    1.55603E-01
    3.43400E+02    1.85138E+00    1.57021E-01
    3.43500E+02    1.86223E+00    1.55326E-01
    3.43600E+02    1.85003E+00    1.57232E-01
    3.43700E+02    1.84896E+00    1.57400E-01
    3.43800E+02    1.84943E+00    1.57327E-01
    3.43900E+02    1.85041E+00    1.57173E-01
    3.44000E+02    1.85157E+00    1.56991E-01
    3.44100E+02    1.85288E+00    1.56785E-01
    3.44200E+02    1.85430E+00    1.56563E-01
    3.44300E+02    1.85578E+00    1.56331E-01
    3.44400E+02    1.85734E+00    1.56088E-01
    3.44500E+02    1.85895E+00    1.55835E-01
    3.44600E+02    1.86065E+00    1.55572E-01
    3.44700E+02    1.86235E+00    1.55307E-01
    3.44800E+02    1.86417E+00    1.55025E-01
    3.44900E+02    1.86598E+00    1.54745E-01
    3.45000E+02    1.86775E+00    1.54471E-01
    3.45100E+02    1.86961E+00    1.54183E-01
    3.45200E+02    1.87154E+00    1.53887E-01
    3.45300E+02    1.87349E+00    1.53587E-01
    3.45400E+02    1.87549E+00    1.53279E-01
    3.45500E+02    1.87753E+00    1.52967E-01
    3.45600E+02    1.87962E+00    1.52648E-01
    3.45700E+02    1.88173E+00    1.52326E-01
    3.45800E+02    1.88388E+00    1.51999E-01
    3.45900E+02    1.88609E+00    1.51664E-01
    3.46000E+02    1.88831E+00    1.51328E-01
    3.46100E+02    1.89057E+00    1.50986E-01
    3.46200E+02    1.89289E+00    1.50635E-01
    3.46300E+02    1.89521E+00    1.50287E-01
    3.46400E+02    1.89765E+00    1.49921E-01
    3.46500E+02    1.89997E+00    1.49573E-01
    3.46600E+02    1.90252E+00    1.49193E-01
    3.46700E+02    1.90496E+00    1.48829E-01
    3.46800E+02    1.90754E+00    1.48445E-01
    3.46900E+02    1.91014E+00    1.48060E-01
    3.47000E+02    1.91269E+00    1.47682E-01
    3.47100E+02    1.91536E+00    1.47289E-01
    3.47200E+02    1.91825E+00    1.46864E-01
    3.47300E+02    1.92080E+00    1.46489E-01
    3.47400E+02    1.92345E+00    1.46103E-01
    3.47500E+02    1.92616E+00    1.45707E-01
    3.47600E+02    1.92902E+00    1.45291E-01
    3.47700E+02    1.93191E+00    1.44871E-01
    3.47800E+02    1.93523E+00    1.44392E-01
    3.47900E+02    1.93773E+00    1.44030E-01
    3.48000E+02    1.94079E+00    1.43590E-01
    3.48100E+02    1.94367E+00    1.43177E-01
    3.48200E+02    1.94671E+00    1.42743E-01
    3.48300E+02    1.94974E+00    1.42311E-01
    3.48400E+02    1.95290E+00    1.41862E-01
    3.48500E+02    1.95608E+00    1.41411E-01
    3.48600E+02    1.95941E+00    1.40942E-01
    3.48700E+02    1.96248E+00    1.40509E-01
    3.48800E+02    1.96584E+00    1.40039E-01
    3.48900E+02    1.96911E+00    1.39581E-01
    3.49000E+02    1.97275E+00    1.39074E-01
    3.49100E+02    1.97585E+00    1.38643E-01
    3.49200E+02    1.97932E+00    1.38164E-01
    3.49300E+02    1.98283E+00    1.37679E-01
    3.49400E+02    1.98650E+00    1.37175E-01
    3.49500E+02    1.99032E+00    1.36652E-01
    3.49600E+02    1.99434E+00    1.36103E-01
    3.49700E+02    1.99967E+00    1.35380E-01
    3.49800E+02    2.00288E+00    1.34946E-01
    3.49900E+02    2.00516E+00    1.34639E-01
