    1.49900E+02    3.98719E-02    9.60913E-01
    1.50000E+02    3.99455E-02    9.60842E-01
    1.50100E+02    4.00156E-02    9.60774E-01
    1.50200E+02    4.00348E-02    9.60756E-01
    1.50300E+02    4.01003E-02    9.60693E-01
    1.50400E+02    4.01371E-02    9.60658E-01
    1.50500E+02    4.01913E-02    9.60606E-01
    1.50600E+02    4.02495E-02    9.60550E-01
    1.50700E+02    4.03109E-02    9.60491E-01
    1.50800E+02    4.03722E-02    9.60432E-01
    1.50900E+02    4.04347E-02    9.60372E-01
    1.51000E+02    4.04980E-02    9.60311E-01
    1.51100E+02    4.05655E-02    9.60246E-01
    1.51200E+02    4.06281E-02    9.60186E-01
    1.51300E+02    4.06947E-02    9.60122E-01
    1.51400E+02    4.07603E-02    9.60059E-01
    1.51500E+02    4.08265E-02    9.59996E-01
    1.51600E+02    4.08947E-02    9.59930E-01
    1.51700E+02    4.09608E-02    9.59867E-01
    1.51800E+02    4.10274E-02    9.59803E-01
    1.51900E+02    4.10962E-02    9.59737E-01
    1.52000E+02    4.11640E-02    9.59672E-01
    1.52100E+02    4.12342E-02    9.59604E-01
    1.52200E+02    4.12986E-02    9.59543E-01
    1.52300E+02    4.13710E-02    9.59473E-01
    1.52400E+02    4.14437E-02    9.59403E-01
    1.52500E+02    4.15210E-02    9.59329E-01
    1.52600E+02    4.15952E-02    9.59258E-01
    1.52700E+02    4.16744E-02    9.59182E-01
    1.52800E+02    4.17557E-02    9.59104E-01
    1.52900E+02    4.18428E-02    9.59021E-01
    1.53000E+02    4.19387E-02    9.58929E-01
    1.53100E+02    4.20367E-02    9.58835E-01
    1.53200E+02    4.21395E-02    9.58736E-01
    1.53300E+02    4.22604E-02    9.58620E-01
    1.53400E+02    4.24105E-02    9.58476E-01
    1.53500E+02    4.26169E-02    9.58278E-01
    1.53600E+02    4.29440E-02    9.57965E-01
    1.53700E+02    4.40815E-02    9.56876E-01
    1.53800E+02    4.40922E-02    9.56866E-01
    1.53900E+02    4.59195E-02    9.55119E-01
    1.54000E+02    4.97335E-02    9.51483E-01
    1.54100E+02    4.78460E-02    9.53281E-01
    1.54200E+02    4.45298E-02    9.56447E-01
    1.54300E+02    4.37538E-02    9.57190E-01
    1.54400E+02    4.34676E-02    9.57464E-01
    1.54500E+02    4.33661E-02    9.57561E-01
    1.54600E+02    4.33461E-02    9.57580E-01
    1.54700E+02    4.33823E-02    9.57545E-01
    1.54800E+02    4.34234E-02    9.57506E-01
    1.54900E+02    4.34754E-02    9.57456E-01
    1.55000E+02    4.35418E-02    9.57393E-01
    1.55100E+02    4.36120E-02    9.57325E-01
    1.55200E+02    4.36874E-02    9.57253E-01
    1.55300E+02    4.37657E-02    9.57178E-01
    1.55400E+02    4.38496E-02    9.57098E-01
    1.55500E+02    4.39377E-02    9.57014E-01
    1.55600E+02    4.40303E-02    9.56925E-01
    1.55700E+02    4.41309E-02    9.56829E-01
    1.55800E+02    4.42448E-02    9.56720E-01
    1.55900E+02    4.44039E-02    9.56567E-01
    1.56000E+02    4.46492E-02    9.56333E-01
    1.56100E+02    4.63426E-02    9.54715E-01
    1.56200E+02    4.48764E-02    9.56116E-01
    1.56300E+02    4.47738E-02    9.56214E-01
    1.56400E+02    4.48297E-02    9.56160E-01
    1.56500E+02    4.50182E-02    9.55980E-01
    1.56600E+02    4.49895E-02    9.56008E-01
    1.56700E+02    4.50772E-02    9.55924E-01
    1.56800E+02    4.51559E-02    9.55849E-01
    1.56900E+02    4.52503E-02    9.55758E-01
    1.57000E+02    4.53644E-02    9.55649E-01
    1.57100E+02    4.54576E-02    9.55560E-01
    1.57200E+02    4.55823E-02    9.55441E-01
    1.57300E+02    4.57601E-02    9.55271E-01
    1.57400E+02    4.57766E-02    9.55255E-01
    1.57500E+02    4.58710E-02    9.55165E-01
    1.57600E+02    4.59757E-02    9.55065E-01
    1.57700E+02    4.60840E-02    9.54962E-01
    1.57800E+02    4.61933E-02    9.54857E-01
    1.57900E+02    4.63051E-02    9.54751E-01
    1.58000E+02    4.64191E-02    9.54642E-01
    1.58100E+02    4.65355E-02    9.54531E-01
    1.58200E+02    4.66524E-02    9.54419E-01
    1.58300E+02    4.67760E-02    9.54301E-01
    1.58400E+02    4.69071E-02    9.54176E-01
    1.58500E+02    4.71175E-02    9.53975E-01
    1.58600E+02    4.72062E-02    9.53891E-01
    1.58700E+02    4.72607E-02    9.53839E-01
    1.58800E+02    4.73758E-02    9.53729E-01
    1.58900E+02    4.74947E-02    9.53615E-01
    1.59000E+02    4.76188E-02    9.53497E-01
    1.59100E+02    4.77549E-02    9.53367E-01
    1.59200E+02    4.78938E-02    9.53235E-01
    1.59300E+02    4.80143E-02    9.53120E-01
    1.59400E+02    4.81363E-02    9.53004E-01
    1.59500E+02    4.82906E-02    9.52857E-01
    1.59600E+02    4.84069E-02    9.52746E-01
    1.59700E+02    4.85273E-02    9.52631E-01
    1.59800E+02    4.86650E-02    9.52500E-01
    1.59900E+02    4.88157E-02    9.52357E-01
    1.60000E+02    4.89517E-02    9.52227E-01
    1.60100E+02    4.90828E-02    9.52102E-01
    1.60200E+02    4.92247E-02    9.51967E-01
    1.60300E+02    4.93605E-02    9.51838E-01
    1.60400E+02    4.95186E-02    9.51687E-01
    1.60500E+02    4.96567E-02    9.51556E-01
    1.60600E+02    4.97989E-02    9.51421E-01
    1.60700E+02    4.99481E-02    9.51279E-01
    1.60800E+02    5.00973E-02    9.51137E-01
    1.60900E+02    5.02499E-02    9.50992E-01
    1.61000E+02    5.04064E-02    9.50843E-01
    1.61100E+02    5.05652E-02    9.50692E-01
    1.61200E+02    5.07288E-02    9.50536E-01
    1.61300E+02    5.08977E-02    9.50376E-01
    1.61400E+02    5.10481E-02    9.50233E-01
    1.61500E+02    5.12106E-02    9.50079E-01
    1.61600E+02    5.13761E-02    9.49921E-01
    1.61700E+02    5.15468E-02    9.49759E-01
    1.61800E+02    5.17165E-02    9.49598E-01
    1.61900E+02    5.18917E-02    9.49432E-01
    1.62000E+02    5.20665E-02    9.49266E-01
    1.62100E+02    5.22446E-02    9.49097E-01
    1.62200E+02    5.24255E-02    9.48925E-01
    1.62300E+02    5.26153E-02    9.48745E-01
    1.62400E+02    5.27940E-02    9.48575E-01
    1.62500E+02    5.29825E-02    9.48397E-01
    1.62600E+02    5.31744E-02    9.48215E-01
    1.62700E+02    5.33674E-02    9.48032E-01
    1.62800E+02    5.35658E-02    9.47844E-01
    1.62900E+02    5.37678E-02    9.47652E-01
    1.63000E+02    5.39751E-02    9.47456E-01
    1.63100E+02    5.41919E-02    9.47250E-01
    1.63200E+02    5.44442E-02    9.47011E-01
    1.63300E+02    5.46740E-02    9.46794E-01
    1.63400E+02    5.48417E-02    9.46635E-01
    1.63500E+02    5.50584E-02    9.46430E-01
    1.63600E+02    5.52907E-02    9.46210E-01
    1.63700E+02    5.55239E-02    9.45989E-01
    1.63800E+02    5.57694E-02    9.45757E-01
    1.63900E+02    5.60257E-02    9.45515E-01
    1.64000E+02    5.62974E-02    9.45258E-01
    1.64100E+02    5.65754E-02    9.44995E-01
    1.64200E+02    5.68804E-02    9.44707E-01
    1.64300E+02    5.72156E-02    9.44390E-01
    1.64400E+02    5.75975E-02    9.44030E-01
    1.64500E+02    5.80587E-02    9.43595E-01
    1.64600E+02    5.86748E-02    9.43013E-01
    1.64700E+02    5.96735E-02    9.42072E-01
    1.64800E+02    6.17040E-02    9.40161E-01
    1.64900E+02    6.84674E-02    9.33824E-01
    1.65000E+02    6.93223E-02    9.33026E-01
    1.65100E+02    6.27569E-02    9.39172E-01
    1.65200E+02    6.16899E-02    9.40174E-01
    1.65300E+02    6.17660E-02    9.40103E-01
    1.65400E+02    6.24410E-02    9.39469E-01
    1.65500E+02    6.39365E-02    9.38065E-01
    1.65600E+02    6.73467E-02    9.34871E-01
    1.65700E+02    7.85306E-02    9.24474E-01
    1.65800E+02    1.21014E-01    8.86022E-01
    1.65900E+02    7.37681E-02    9.28887E-01
    1.66000E+02    6.69770E-02    9.35217E-01
    1.66100E+02    6.48585E-02    9.37200E-01
    1.66200E+02    6.43185E-02    9.37706E-01
    1.66300E+02    6.37014E-02    9.38285E-01
    1.66400E+02    6.35886E-02    9.38391E-01
    1.66500E+02    6.36736E-02    9.38311E-01
    1.66600E+02    6.39756E-02    9.38028E-01
    1.66700E+02    6.40071E-02    9.37998E-01
    1.66800E+02    6.42289E-02    9.37790E-01
    1.66900E+02    6.44997E-02    9.37536E-01
    1.67000E+02    6.48057E-02    9.37250E-01
    1.67100E+02    6.51541E-02    9.36923E-01
    1.67200E+02    6.55382E-02    9.36563E-01
    1.67300E+02    6.60088E-02    9.36123E-01
    1.67400E+02    6.66667E-02    9.35507E-01
    1.67500E+02    6.81966E-02    9.34077E-01
    1.67600E+02    7.06946E-02    9.31746E-01
    1.67700E+02    6.80753E-02    9.34190E-01
    1.67800E+02    6.79123E-02    9.34342E-01
    1.67900E+02    6.81039E-02    9.34163E-01
    1.68000E+02    6.84076E-02    9.33880E-01
    1.68100E+02    6.87626E-02    9.33548E-01
    1.68200E+02    6.91448E-02    9.33192E-01
    1.68300E+02    6.95501E-02    9.32813E-01
    1.68400E+02    6.99710E-02    9.32421E-01
    1.68500E+02    7.04069E-02    9.32014E-01
    1.68600E+02    7.08593E-02    9.31593E-01
    1.68700E+02    7.13290E-02    9.31156E-01
    1.68800E+02    7.18345E-02    9.30685E-01
    1.68900E+02    7.24932E-02    9.30072E-01
    1.69000E+02    7.32516E-02    9.29367E-01
    1.69100E+02    7.33528E-02    9.29273E-01
    1.69200E+02    7.37809E-02    9.28875E-01
    1.69300E+02    7.42799E-02    9.28412E-01
    1.69400E+02    7.47970E-02    9.27932E-01
    1.69500E+02    7.53375E-02    9.27430E-01
    1.69600E+02    7.59026E-02    9.26906E-01
    1.69700E+02    7.64703E-02    9.26380E-01
    1.69800E+02    7.70917E-02    9.25805E-01
    1.69900E+02    7.76960E-02    9.25246E-01
    1.70000E+02    7.83619E-02    9.24630E-01
    1.70100E+02    7.88529E-02    9.24176E-01
    1.70200E+02    7.94759E-02    9.23600E-01
    1.70300E+02    8.02395E-02    9.22895E-01
    1.70400E+02    8.07681E-02    9.22408E-01
    1.70500E+02    8.14331E-02    9.21794E-01
    1.70600E+02    8.21175E-02    9.21164E-01
    1.70700E+02    8.28227E-02    9.20514E-01
    1.70800E+02    8.35453E-02    9.19849E-01
    1.70900E+02    8.42905E-02    9.19164E-01
    1.71000E+02    8.50652E-02    9.18452E-01
    1.71100E+02    8.58659E-02    9.17717E-01
    1.71200E+02    8.66964E-02    9.16955E-01
    1.71300E+02    8.76150E-02    9.16114E-01
    1.71400E+02    8.93951E-02    9.14484E-01
    1.71500E+02    8.93234E-02    9.14550E-01
    1.71600E+02    9.00333E-02    9.13901E-01
    1.71700E+02    9.08628E-02    9.13143E-01
    1.71800E+02    9.17530E-02    9.12330E-01
    1.71900E+02    9.26781E-02    9.11487E-01
    1.72000E+02    9.36315E-02    9.10618E-01
    1.72100E+02    9.46092E-02    9.09728E-01
    1.72200E+02    9.56164E-02    9.08813E-01
    1.72300E+02    9.66494E-02    9.07874E-01
    1.72400E+02    9.77124E-02    9.06910E-01
    1.72500E+02    9.88057E-02    9.05919E-01
    1.72600E+02    9.99298E-02    9.04901E-01
    1.72700E+02    1.01090E-01    9.03852E-01
    1.72800E+02    1.02299E-01    9.02760E-01
    1.72900E+02    1.03514E-01    9.01663E-01
    1.73000E+02    1.04787E-01    9.00516E-01
    1.73100E+02    1.06120E-01    8.99317E-01
    1.73200E+02    1.07542E-01    8.98039E-01
    1.73300E+02    1.09201E-01    8.96550E-01
    1.73400E+02    1.11251E-01    8.94714E-01
    1.73500E+02    1.15637E-01    8.90799E-01
    1.73600E+02    1.13817E-01    8.92421E-01
    1.73700E+02    1.14851E-01    8.91499E-01
    1.73800E+02    1.16252E-01    8.90251E-01
    1.73900E+02    1.17793E-01    8.88880E-01
    1.74000E+02    1.19426E-01    8.87430E-01
    1.74100E+02    1.21123E-01    8.85925E-01
    1.74200E+02    1.22894E-01    8.84357E-01
    1.74300E+02    1.24718E-01    8.82746E-01
    1.74400E+02    1.26614E-01    8.81073E-01
    1.74500E+02    1.28594E-01    8.79331E-01
    1.74600E+02    1.30632E-01    8.77541E-01
    1.74700E+02    1.32754E-01    8.75680E-01
    1.74800E+02    1.34989E-01    8.73725E-01
    1.74900E+02    1.37371E-01    8.71646E-01
    1.75000E+02    1.40016E-01    8.69344E-01
    1.75100E+02    1.43483E-01    8.66336E-01
    1.75200E+02    1.50695E-01    8.60110E-01
    1.75300E+02    1.49221E-01    8.61379E-01
    1.75400E+02    1.55094E-01    8.56335E-01
    1.75500E+02    1.56868E-01    8.54817E-01
    1.75600E+02    1.56353E-01    8.55257E-01
    1.75700E+02    1.58476E-01    8.53443E-01
    1.75800E+02    1.61180E-01    8.51139E-01
    1.75900E+02    1.64172E-01    8.48596E-01
    1.76000E+02    1.67346E-01    8.45907E-01
    1.76100E+02    1.70690E-01    8.43083E-01
    1.76200E+02    1.74200E-01    8.40129E-01
    1.76300E+02    1.77864E-01    8.37056E-01
    1.76400E+02    1.81865E-01    8.33714E-01
    1.76500E+02    1.85650E-01    8.30564E-01
    1.76600E+02    1.89770E-01    8.27150E-01
    1.76700E+02    1.94077E-01    8.23595E-01
    1.76800E+02    1.98590E-01    8.19886E-01
    1.76900E+02    2.03296E-01    8.16037E-01
    1.77000E+02    2.08214E-01    8.12033E-01
    1.77100E+02    2.13340E-01    8.07882E-01
    1.77200E+02    2.18697E-01    8.03565E-01
    1.77300E+02    2.24298E-01    7.99077E-01
    1.77400E+02    2.30176E-01    7.94393E-01
    1.77500E+02    2.36308E-01    7.89538E-01
    1.77600E+02    2.42745E-01    7.84472E-01
    1.77700E+02    2.49497E-01    7.79193E-01
    1.77800E+02    2.56581E-01    7.73692E-01
    1.77900E+02    2.64016E-01    7.67961E-01
    1.78000E+02    2.71815E-01    7.61995E-01
    1.78100E+02    2.80024E-01    7.55765E-01
    1.78200E+02    2.88656E-01    7.49270E-01
    1.78300E+02    2.97741E-01    7.42494E-01
    1.78400E+02    3.07331E-01    7.35407E-01
    1.78500E+02    3.17501E-01    7.27966E-01
    1.78600E+02    3.28363E-01    7.20101E-01
    1.78700E+02    3.39388E-01    7.12206E-01
    1.78800E+02    3.51181E-01    7.03857E-01
    1.78900E+02    3.63723E-01    6.95084E-01
    1.79000E+02    3.77011E-01    6.85908E-01
    1.79100E+02    3.91092E-01    6.76318E-01
    1.79200E+02    4.06024E-01    6.66294E-01
    1.79300E+02    4.21883E-01    6.55811E-01
    1.79400E+02    4.38710E-01    6.44868E-01
    1.79500E+02    4.56627E-01    6.33417E-01
    1.79600E+02    4.75680E-01    6.21462E-01
    1.79700E+02    4.95989E-01    6.08968E-01
    1.79800E+02    5.17642E-01    5.95924E-01
    1.79900E+02    5.40817E-01    5.82273E-01
    1.80000E+02    5.66586E-01    5.67460E-01
    1.80100E+02    5.91849E-01    5.53303E-01
    1.80200E+02    6.19966E-01    5.37963E-01
    1.80300E+02    6.50148E-01    5.21969E-01
    1.80400E+02    6.82523E-01    5.05341E-01
    1.80500E+02    7.17253E-01    4.88091E-01
    1.80600E+02    7.54554E-01    4.70220E-01
    1.80700E+02    7.94624E-01    4.51751E-01
    1.80800E+02    8.37691E-01    4.32708E-01
    1.80900E+02    8.84027E-01    4.13116E-01
    1.81000E+02    9.33922E-01    3.93009E-01
    1.81100E+02    9.87562E-01    3.72484E-01
    1.81200E+02    1.04531E+00    3.51582E-01
    1.81300E+02    1.10748E+00    3.30390E-01
    1.81400E+02    1.17441E+00    3.09002E-01
    1.81500E+02    1.24634E+00    2.87554E-01
    1.81600E+02    1.32362E+00    2.66170E-01
    1.81700E+02    1.40652E+00    2.44994E-01
    1.81800E+02    1.49530E+00    2.24182E-01
    1.81900E+02    1.59004E+00    2.03917E-01
    1.82000E+02    1.69099E+00    1.84338E-01
    1.82100E+02    1.79799E+00    1.65632E-01
    1.82200E+02    1.91130E+00    1.47888E-01
    1.82300E+02    2.02882E+00    1.31491E-01
    1.82400E+02    2.15131E+00    1.16332E-01
    1.82500E+02    2.27706E+00    1.02585E-01
    1.82600E+02    2.40464E+00    9.02977E-02
    1.82700E+02    2.53164E+00    7.95284E-02
    1.82800E+02    2.65522E+00    7.02834E-02
    1.82900E+02    2.77180E+00    6.25493E-02
    1.83000E+02    2.87676E+00    5.63167E-02
    1.83100E+02    2.96490E+00    5.15656E-02
    1.83200E+02    3.02980E+00    4.83251E-02
    1.83300E+02    3.06179E+00    4.68037E-02
    1.83400E+02    3.04538E+00    4.75784E-02
    1.83500E+02    2.99278E+00    5.01479E-02
    1.83600E+02    2.91489E+00    5.42100E-02
    1.83700E+02    2.81845E+00    5.96984E-02
    1.83800E+02    2.70928E+00    6.65850E-02
    1.83900E+02    2.59158E+00    7.49013E-02
    1.84000E+02    2.46939E+00    8.46364E-02
    1.84100E+02    2.34622E+00    9.57305E-02
    1.84200E+02    2.22584E+00    1.07977E-01
    1.84300E+02    2.11616E+00    1.20493E-01
    1.84400E+02    2.02768E+00    1.31641E-01
    1.84500E+02    1.87982E+00    1.52617E-01
    1.84600E+02    1.76776E+00    1.70716E-01
    1.84700E+02    1.66894E+00    1.88447E-01
    1.84800E+02    1.57218E+00    2.07593E-01
    1.84900E+02    1.47733E+00    2.28246E-01
    1.85000E+02    1.39199E+00    2.48580E-01
    1.85100E+02    1.31293E+00    2.69031E-01
    1.85200E+02    1.23940E+00    2.89559E-01
    1.85300E+02    1.17110E+00    3.10025E-01
    1.85400E+02    1.10752E+00    3.30377E-01
    1.85500E+02    1.04894E+00    3.50310E-01
    1.85600E+02    9.94150E-01    3.70038E-01
    1.85700E+02    9.42104E-01    3.89807E-01
    1.85800E+02    8.94313E-01    4.08888E-01
    1.85900E+02    8.49905E-01    4.27456E-01
    1.86000E+02    8.08573E-01    4.45493E-01
    1.86100E+02    7.70094E-01    4.62970E-01
    1.86200E+02    7.34203E-01    4.79888E-01
    1.86300E+02    7.00739E-01    4.96219E-01
    1.86400E+02    6.69496E-01    5.11967E-01
    1.86500E+02    6.40292E-01    5.27138E-01
    1.86600E+02    6.12930E-01    5.41761E-01
    1.86700E+02    5.87340E-01    5.55804E-01
    1.86800E+02    5.63386E-01    5.69278E-01
    1.86900E+02    5.40918E-01    5.82213E-01
    1.87000E+02    5.19861E-01    5.94603E-01
    1.87100E+02    5.00382E-01    6.06299E-01
    1.87200E+02    4.81643E-01    6.17768E-01
    1.87300E+02    4.63828E-01    6.28872E-01
    1.87400E+02    4.47250E-01    6.39384E-01
    1.87500E+02    4.31647E-01    6.49439E-01
    1.87600E+02    4.16970E-01    6.59041E-01
    1.87700E+02    4.03070E-01    6.68265E-01
    1.87800E+02    3.90009E-01    6.77051E-01
    1.87900E+02    3.77971E-01    6.85250E-01
    1.88000E+02    3.65756E-01    6.93672E-01
    1.88100E+02    3.54541E-01    7.01495E-01
    1.88200E+02    3.43950E-01    7.08965E-01
    1.88300E+02    3.33910E-01    7.16118E-01
    1.88400E+02    3.24379E-01    7.22976E-01
    1.88500E+02    3.15306E-01    7.29565E-01
    1.88600E+02    3.06687E-01    7.35881E-01
    1.88700E+02    2.98490E-01    7.41938E-01
    1.88800E+02    2.90717E-01    7.47728E-01
    1.88900E+02    2.83511E-01    7.53135E-01
    1.89000E+02    2.76192E-01    7.58667E-01
    1.89100E+02    2.69390E-01    7.63846E-01
    1.89200E+02    2.62902E-01    7.68817E-01
    1.89300E+02    2.56739E-01    7.73570E-01
    1.89400E+02    2.50797E-01    7.78180E-01
    1.89500E+02    2.45143E-01    7.82592E-01
    1.89600E+02    2.39746E-01    7.86828E-01
    1.89700E+02    2.34568E-01    7.90912E-01
    1.89800E+02    2.29597E-01    7.94854E-01
    1.89900E+02    2.24842E-01    7.98643E-01
    1.90000E+02    2.20282E-01    8.02293E-01
    1.90100E+02    2.15905E-01    8.05812E-01
    1.90200E+02    2.11708E-01    8.09201E-01
    1.90300E+02    2.07699E-01    8.12452E-01
    1.90400E+02    2.03842E-01    8.15591E-01
    1.90500E+02    2.00237E-01    8.18537E-01
    1.90600E+02    1.96918E-01    8.21258E-01
    1.90700E+02    1.93128E-01    8.24377E-01
    1.90800E+02    1.89760E-01    8.27157E-01
    1.90900E+02    1.86543E-01    8.29823E-01
    1.91000E+02    1.83459E-01    8.32386E-01
    1.91100E+02    1.80495E-01    8.34857E-01
    1.91200E+02    1.77636E-01    8.37247E-01
    1.91300E+02    1.74882E-01    8.39556E-01
    1.91400E+02    1.72231E-01    8.41785E-01
    1.91500E+02    1.69674E-01    8.43940E-01
    1.91600E+02    1.67211E-01    8.46021E-01
    1.91700E+02    1.64846E-01    8.48024E-01
    1.91800E+02    1.62674E-01    8.49869E-01
    1.91900E+02    1.60339E-01    8.51855E-01
    1.92000E+02    1.58181E-01    8.53695E-01
    1.92100E+02    1.56116E-01    8.55460E-01
    1.92200E+02    1.54149E-01    8.57144E-01
    1.92300E+02    1.52249E-01    8.58774E-01
    1.92400E+02    1.50365E-01    8.60394E-01
    1.92500E+02    1.48575E-01    8.61936E-01
    1.92600E+02    1.46870E-01    8.63407E-01
    1.92700E+02    1.45256E-01    8.64801E-01
    1.92800E+02    1.43680E-01    8.66164E-01
    1.92900E+02    1.42230E-01    8.67422E-01
    1.93000E+02    1.40910E-01    8.68568E-01
    1.93100E+02    1.39858E-01    8.69482E-01
    1.93200E+02    1.39409E-01    8.69872E-01
    1.93300E+02    1.42392E-01    8.67281E-01
    1.93400E+02    1.41325E-01    8.68207E-01
    1.93500E+02    1.35487E-01    8.73290E-01
    1.93600E+02    1.33228E-01    8.75265E-01
    1.93700E+02    1.31632E-01    8.76664E-01
    1.93800E+02    1.30267E-01    8.77861E-01
    1.93900E+02    1.29013E-01    8.78963E-01
    1.94000E+02    1.27819E-01    8.80013E-01
    1.94100E+02    1.26658E-01    8.81035E-01
    1.94200E+02    1.25536E-01    8.82024E-01
    1.94300E+02    1.24456E-01    8.82977E-01
    1.94400E+02    1.23407E-01    8.83904E-01
    1.94500E+02    1.22421E-01    8.84776E-01
    1.94600E+02    1.21504E-01    8.85588E-01
    1.94700E+02    1.20671E-01    8.86325E-01
    1.94800E+02    1.19957E-01    8.86959E-01
    1.94900E+02    1.19425E-01    8.87431E-01
    1.95000E+02    1.19201E-01    8.87629E-01
    1.95100E+02    1.19579E-01    8.87294E-01
    1.95200E+02    1.21396E-01    8.85683E-01
    1.95300E+02    1.27845E-01    8.79990E-01
    1.95400E+02    1.65884E-01    8.47144E-01
    1.95500E+02    1.40428E-01    8.68986E-01
    1.95600E+02    1.23935E-01    8.83438E-01
    1.95700E+02    1.28332E-01    8.79561E-01
    1.95800E+02    1.17607E-01    8.89045E-01
    1.95900E+02    1.12924E-01    8.93219E-01
    1.96000E+02    1.10772E-01    8.95143E-01
    1.96100E+02    1.09338E-01    8.96427E-01
    1.96200E+02    1.08226E-01    8.97425E-01
    1.96300E+02    1.07260E-01    8.98292E-01
    1.96400E+02    1.06444E-01    8.99025E-01
    1.96500E+02    1.05616E-01    8.99770E-01
    1.96600E+02    1.04876E-01    9.00436E-01
    1.96700E+02    1.04185E-01    9.01059E-01
    1.96800E+02    1.03530E-01    9.01649E-01
    1.96900E+02    1.02905E-01    9.02213E-01
    1.97000E+02    1.02295E-01    9.02763E-01
    1.97100E+02    1.01719E-01    9.03283E-01
    1.97200E+02    1.01157E-01    9.03791E-01
    1.97300E+02    1.00613E-01    9.04283E-01
    1.97400E+02    1.00101E-01    9.04746E-01
    1.97500E+02    9.96654E-02    9.05140E-01
    1.97600E+02    9.92080E-02    9.05554E-01
    1.97700E+02    9.86566E-02    9.06054E-01
    1.97800E+02    9.81592E-02    9.06505E-01
    1.97900E+02    9.77139E-02    9.06908E-01
    1.98000E+02    9.75059E-02    9.07097E-01
    1.98100E+02    9.68431E-02    9.07698E-01
    1.98200E+02    9.64039E-02    9.08097E-01
    1.98300E+02    9.59942E-02    9.08469E-01
    1.98400E+02    9.56029E-02    9.08825E-01
    1.98500E+02    9.52254E-02    9.09168E-01
    1.98600E+02    9.48664E-02    9.09494E-01
    1.98700E+02    9.45190E-02    9.09810E-01
    1.98800E+02    9.41957E-02    9.10105E-01
    1.98900E+02    9.38999E-02    9.10374E-01
    1.99000E+02    9.36586E-02    9.10594E-01
    1.99100E+02    9.35375E-02    9.10704E-01
    1.99200E+02    9.41004E-02    9.10191E-01
    1.99300E+02    9.45592E-02    9.09774E-01
    1.99400E+02    9.82242E-02    9.06446E-01
    1.99500E+02    9.30878E-02    9.11114E-01
    1.99600E+02    9.21461E-02    9.11972E-01
    1.99700E+02    9.16260E-02    9.12446E-01
    1.99800E+02    9.12585E-02    9.12782E-01
    1.99900E+02    9.09519E-02    9.13062E-01
    2.00000E+02    9.06817E-02    9.13308E-01
    2.00100E+02    9.04255E-02    9.13542E-01
    2.00200E+02    9.01908E-02    9.13757E-01
    2.00300E+02    8.99721E-02    9.13957E-01
    2.00400E+02    8.97668E-02    9.14144E-01
    2.00500E+02    8.95754E-02    9.14319E-01
    2.00600E+02    8.93976E-02    9.14482E-01
    2.00700E+02    8.92330E-02    9.14632E-01
    2.00800E+02    8.90847E-02    9.14768E-01
    2.00900E+02    8.89494E-02    9.14892E-01
    2.01000E+02    8.88299E-02    9.15001E-01
    2.01100E+02    8.87248E-02    9.15097E-01
    2.01200E+02    8.86376E-02    9.15177E-01
    2.01300E+02    8.85726E-02    9.15237E-01
    2.01400E+02    8.85561E-02    9.15252E-01
    2.01500E+02    8.85419E-02    9.15265E-01
    2.01600E+02    8.84767E-02    9.15324E-01
    2.01700E+02    8.84795E-02    9.15322E-01
    2.01800E+02    8.85129E-02    9.15291E-01
    2.01900E+02    8.85747E-02    9.15235E-01
    2.02000E+02    8.86650E-02    9.15152E-01
    2.02100E+02    8.87843E-02    9.15043E-01
    2.02200E+02    8.89415E-02    9.14899E-01
    2.02300E+02    8.91154E-02    9.14740E-01
    2.02400E+02    8.93267E-02    9.14547E-01
    2.02500E+02    8.95610E-02    9.14333E-01
    2.02600E+02    8.98307E-02    9.14086E-01
    2.02700E+02    9.01184E-02    9.13823E-01
    2.02800E+02    9.04242E-02    9.13544E-01
    2.02900E+02    9.07326E-02    9.13262E-01
    2.03000E+02    9.10312E-02    9.12989E-01
    2.03100E+02    9.13080E-02    9.12737E-01
    2.03200E+02    9.15451E-02    9.12520E-01
    2.03300E+02    9.17550E-02    9.12329E-01
    2.03400E+02    9.21945E-02    9.11928E-01
    2.03500E+02    9.20527E-02    9.12057E-01
    2.03600E+02    9.11681E-02    9.12864E-01
    2.03700E+02    9.06114E-02    9.13373E-01
    2.03800E+02    9.00621E-02    9.13874E-01
    2.03900E+02    8.94936E-02    9.14394E-01
    2.04000E+02    8.89524E-02    9.14889E-01
    2.04100E+02    8.83148E-02    9.15473E-01
    2.04200E+02    8.77391E-02    9.16000E-01
    2.04300E+02    8.71873E-02    9.16505E-01
    2.04400E+02    8.66623E-02    9.16987E-01
    2.04500E+02    8.61644E-02    9.17443E-01
    2.04600E+02    8.56977E-02    9.17872E-01
    2.04700E+02    8.52594E-02    9.18274E-01
    2.04800E+02    8.48555E-02    9.18645E-01
    2.04900E+02    8.44826E-02    9.18988E-01
    2.05000E+02    8.41267E-02    9.19315E-01
    2.05100E+02    8.38208E-02    9.19596E-01
    2.05200E+02    8.37202E-02    9.19689E-01
    2.05300E+02    8.32557E-02    9.20116E-01
    2.05400E+02    8.29750E-02    9.20374E-01
    2.05500E+02    8.27721E-02    9.20561E-01
    2.05600E+02    8.25715E-02    9.20746E-01
    2.05700E+02    8.23922E-02    9.20911E-01
    2.05800E+02    8.22984E-02    9.20997E-01
    2.05900E+02    8.23666E-02    9.20934E-01
    2.06000E+02    8.29285E-02    9.20417E-01
    2.06100E+02    8.69388E-02    9.16733E-01
    2.06200E+02    8.41727E-02    9.19273E-01
    2.06300E+02    8.20891E-02    9.21190E-01
    2.06400E+02    8.14628E-02    9.21767E-01
    2.06500E+02    8.14903E-02    9.21742E-01
    2.06600E+02    8.08885E-02    9.22297E-01
    2.06700E+02    8.06812E-02    9.22488E-01
    2.06800E+02    8.05226E-02    9.22634E-01
    2.06900E+02    8.03917E-02    9.22755E-01
    2.07000E+02    8.02749E-02    9.22863E-01
    2.07100E+02    8.01738E-02    9.22956E-01
    2.07200E+02    8.00875E-02    9.23036E-01
    2.07300E+02    8.00204E-02    9.23097E-01
    2.07400E+02    8.00000E-02    9.23116E-01
    2.07500E+02    8.01826E-02    9.22948E-01
    2.07600E+02    7.98758E-02    9.23231E-01
    2.07700E+02    7.98276E-02    9.23275E-01
    2.07800E+02    7.98233E-02    9.23279E-01
    2.07900E+02    7.98635E-02    9.23242E-01
    2.08000E+02    7.99632E-02    9.23150E-01
    2.08100E+02    8.01571E-02    9.22971E-01
    2.08200E+02    8.05127E-02    9.22643E-01
    2.08300E+02    8.12027E-02    9.22007E-01
    2.08400E+02    8.26852E-02    9.20641E-01
    2.08500E+02    8.66577E-02    9.16991E-01
    2.08600E+02    1.05153E-01    9.00187E-01
    2.08700E+02    9.93060E-02    9.05466E-01
    2.08800E+02    8.55469E-02    9.18010E-01
    2.08900E+02    8.20832E-02    9.21195E-01
    2.09000E+02    8.06631E-02    9.22504E-01
    2.09100E+02    7.99308E-02    9.23180E-01
    2.09200E+02    7.94920E-02    9.23585E-01
    2.09300E+02    7.92183E-02    9.23838E-01
    2.09400E+02    7.90752E-02    9.23970E-01
    2.09500E+02    7.92778E-02    9.23783E-01
    2.09600E+02    7.88993E-02    9.24133E-01
    2.09700E+02    7.86853E-02    9.24331E-01
    2.09800E+02    7.85985E-02    9.24411E-01
    2.09900E+02    7.85573E-02    9.24449E-01
    2.10000E+02    7.85676E-02    9.24440E-01
    2.10100E+02    7.86618E-02    9.24353E-01
    2.10200E+02    7.94677E-02    9.23608E-01
    2.10300E+02    7.91899E-02    9.23864E-01
    2.10400E+02    8.13924E-02    9.21832E-01
    2.10500E+02    8.00403E-02    9.23079E-01
    2.10600E+02    8.02546E-02    9.22881E-01
    2.10700E+02    8.29312E-02    9.20415E-01
    2.10800E+02    1.02773E-01    9.02331E-01
    2.10900E+02    8.24405E-02    9.20866E-01
    2.11000E+02    7.97447E-02    9.23352E-01
    2.11100E+02    7.88603E-02    9.24169E-01
    2.11200E+02    7.84457E-02    9.24552E-01
    2.11300E+02    7.81907E-02    9.24788E-01
    2.11400E+02    7.80353E-02    9.24932E-01
    2.11500E+02    7.79284E-02    9.25031E-01
    2.11600E+02    7.78488E-02    9.25104E-01
    2.11700E+02    7.77864E-02    9.25162E-01
    2.11800E+02    7.77371E-02    9.25208E-01
    2.11900E+02    7.76947E-02    9.25247E-01
    2.12000E+02    7.76616E-02    9.25277E-01
    2.12100E+02    7.76379E-02    9.25299E-01
    2.12200E+02    7.76114E-02    9.25324E-01
    2.12300E+02    7.75897E-02    9.25344E-01
    2.12400E+02    7.75736E-02    9.25359E-01
    2.12500E+02    7.75637E-02    9.25368E-01
    2.12600E+02    7.75630E-02    9.25369E-01
    2.12700E+02    7.75683E-02    9.25364E-01
    2.12800E+02    7.75764E-02    9.25356E-01
    2.12900E+02    7.75964E-02    9.25338E-01
    2.13000E+02    7.75406E-02    9.25389E-01
    2.13100E+02    7.75299E-02    9.25399E-01
    2.13200E+02    7.75296E-02    9.25400E-01
    2.13300E+02    7.75361E-02    9.25394E-01
    2.13400E+02    7.75451E-02    9.25385E-01
    2.13500E+02    7.75576E-02    9.25374E-01
    2.13600E+02    7.75763E-02    9.25356E-01
    2.13700E+02    7.75994E-02    9.25335E-01
    2.13800E+02    7.76340E-02    9.25303E-01
    2.13900E+02    7.76748E-02    9.25265E-01
    2.14000E+02    7.77294E-02    9.25215E-01
    2.14100E+02    7.78015E-02    9.25148E-01
    2.14200E+02    7.79008E-02    9.25056E-01
    2.14300E+02    7.80403E-02    9.24927E-01
    2.14400E+02    7.82461E-02    9.24737E-01
    2.14500E+02    7.85739E-02    9.24434E-01
    2.14600E+02    7.91394E-02    9.23911E-01
    2.14700E+02    8.02641E-02    9.22873E-01
    2.14800E+02    8.30940E-02    9.20265E-01
    2.14900E+02    9.47997E-02    9.09555E-01
    2.15000E+02    9.84275E-02    9.06261E-01
    2.15100E+02    8.36997E-02    9.19707E-01
    2.15200E+02    8.05157E-02    9.22640E-01
    2.15300E+02    7.92925E-02    9.23770E-01
    2.15400E+02    7.87028E-02    9.24315E-01
    2.15500E+02    7.83732E-02    9.24619E-01
    2.15600E+02    7.81759E-02    9.24802E-01
    2.15700E+02    7.80544E-02    9.24914E-01
    2.15800E+02    7.79753E-02    9.24987E-01
    2.15900E+02    7.79519E-02    9.25009E-01
    2.16000E+02    7.82483E-02    9.24735E-01
    2.16100E+02    7.80043E-02    9.24960E-01
    2.16200E+02    7.78564E-02    9.25097E-01
    2.16300E+02    7.78152E-02    9.25135E-01
    2.16400E+02    7.78115E-02    9.25139E-01
    2.16500E+02    7.77869E-02    9.25162E-01
    2.16600E+02    7.77836E-02    9.25165E-01
    2.16700E+02    7.77868E-02    9.25162E-01
    2.16800E+02    7.78000E-02    9.25149E-01
    2.16900E+02    7.78372E-02    9.25115E-01
    2.17000E+02    7.78177E-02    9.25133E-01
    2.17100E+02    7.78280E-02    9.25124E-01
    2.17200E+02    7.78478E-02    9.25105E-01
    2.17300E+02    7.78723E-02    9.25083E-01
    2.17400E+02    7.79168E-02    9.25041E-01
    2.17500E+02    7.81525E-02    9.24823E-01
    2.17600E+02    7.79678E-02    9.24994E-01
    2.17700E+02    7.79600E-02    9.25001E-01
    2.17800E+02    7.79834E-02    9.24980E-01
    2.17900E+02    7.80306E-02    9.24936E-01
    2.18000E+02    7.81350E-02    9.24840E-01
    2.18100E+02    7.88419E-02    9.24186E-01
    2.18200E+02    7.82770E-02    9.24708E-01
    2.18300E+02    7.81358E-02    9.24839E-01
    2.18400E+02    7.81155E-02    9.24858E-01
    2.18500E+02    7.81252E-02    9.24849E-01
    2.18600E+02    7.81484E-02    9.24827E-01
    2.18700E+02    7.81627E-02    9.24814E-01
    2.18800E+02    7.81862E-02    9.24792E-01
    2.18900E+02    7.82128E-02    9.24768E-01
    2.19000E+02    7.82499E-02    9.24733E-01
    2.19100E+02    7.83258E-02    9.24663E-01
    2.19200E+02    7.83585E-02    9.24633E-01
    2.19300E+02    7.85505E-02    9.24455E-01
    2.19400E+02    7.84264E-02    9.24570E-01
    2.19500E+02    7.84062E-02    9.24589E-01
    2.19600E+02    7.84307E-02    9.24566E-01
    2.19700E+02    7.84604E-02    9.24539E-01
    2.19800E+02    7.85039E-02    9.24498E-01
    2.19900E+02    7.86093E-02    9.24401E-01
    2.20000E+02    7.86382E-02    9.24374E-01
    2.20100E+02    7.85995E-02    9.24410E-01
    2.20200E+02    7.86196E-02    9.24392E-01
    2.20300E+02    7.86518E-02    9.24362E-01
    2.20400E+02    7.86856E-02    9.24331E-01
    2.20500E+02    7.87245E-02    9.24295E-01
    2.20600E+02    7.87748E-02    9.24248E-01
    2.20700E+02    7.89358E-02    9.24099E-01
    2.20800E+02    7.88766E-02    9.24154E-01
    2.20900E+02    7.88777E-02    9.24153E-01
    2.21000E+02    7.89111E-02    9.24122E-01
    2.21100E+02    7.89497E-02    9.24086E-01
    2.21200E+02    7.90011E-02    9.24039E-01
    2.21300E+02    7.91459E-02    9.23905E-01
    2.21400E+02    7.91023E-02    9.23945E-01
    2.21500E+02    7.91157E-02    9.23933E-01
    2.21600E+02    7.91514E-02    9.23900E-01
    2.21700E+02    7.91929E-02    9.23862E-01
    2.21800E+02    7.92363E-02    9.23822E-01
    2.21900E+02    7.92799E-02    9.23781E-01
    2.22000E+02    7.93261E-02    9.23739E-01
    2.22100E+02    7.93744E-02    9.23694E-01
    2.22200E+02    7.94241E-02    9.23648E-01
    2.22300E+02    7.94799E-02    9.23597E-01
    2.22400E+02    7.95820E-02    9.23502E-01
    2.22500E+02    7.96003E-02    9.23485E-01
    2.22600E+02    7.96290E-02    9.23459E-01
    2.22700E+02    7.96785E-02    9.23413E-01
    2.22800E+02    7.97319E-02    9.23364E-01
    2.22900E+02    7.97904E-02    9.23310E-01
    2.23000E+02    7.98678E-02    9.23238E-01
    2.23100E+02    7.99405E-02    9.23171E-01
    2.23200E+02    8.00563E-02    9.23064E-01
    2.23300E+02    8.01401E-02    9.22987E-01
    2.23400E+02    8.01688E-02    9.22961E-01
    2.23500E+02    8.01807E-02    9.22950E-01
    2.23600E+02    8.02414E-02    9.22894E-01
    2.23700E+02    8.03165E-02    9.22824E-01
    2.23800E+02    8.04111E-02    9.22737E-01
    2.23900E+02    8.07982E-02    9.22380E-01
    2.24000E+02    8.05655E-02    9.22594E-01
    2.24100E+02    8.06241E-02    9.22540E-01
    2.24200E+02    8.07055E-02    9.22465E-01
    2.24300E+02    8.07933E-02    9.22384E-01
    2.24400E+02    8.08919E-02    9.22293E-01
    2.24500E+02    8.09986E-02    9.22195E-01
    2.24600E+02    8.11296E-02    9.22074E-01
    2.24700E+02    8.13319E-02    9.21888E-01
    2.24800E+02    8.16817E-02    9.21565E-01
    2.24900E+02    8.17438E-02    9.21508E-01
    2.25000E+02    8.16807E-02    9.21566E-01
    2.25100E+02    8.17228E-02    9.21527E-01
    2.25200E+02    8.18495E-02    9.21411E-01
    2.25300E+02    8.19656E-02    9.21304E-01
    2.25400E+02    8.21262E-02    9.21156E-01
    2.25500E+02    8.23227E-02    9.20975E-01
    2.25600E+02    8.25757E-02    9.20742E-01
    2.25700E+02    8.29525E-02    9.20395E-01
    2.25800E+02    8.36712E-02    9.19734E-01
    2.25900E+02    8.51545E-02    9.18370E-01
    2.26000E+02    9.08918E-02    9.13117E-01
    2.26100E+02    9.19585E-02    9.12143E-01
    2.26200E+02    8.52237E-02    9.18307E-01
    2.26300E+02    8.37548E-02    9.19657E-01
    2.26400E+02    8.31903E-02    9.20176E-01
    2.26500E+02    8.29139E-02    9.20430E-01
    2.26600E+02    8.27555E-02    9.20576E-01
    2.26700E+02    8.26600E-02    9.20664E-01
    2.26800E+02    8.26036E-02    9.20716E-01
    2.26900E+02    8.25760E-02    9.20741E-01
    2.27000E+02    8.25253E-02    9.20788E-01
    2.27100E+02    8.25071E-02    9.20805E-01
    2.27200E+02    8.24983E-02    9.20813E-01
    2.27300E+02    8.25020E-02    9.20810E-01
    2.27400E+02    8.25087E-02    9.20803E-01
    2.27500E+02    8.25224E-02    9.20791E-01
    2.27600E+02    8.25428E-02    9.20772E-01
    2.27700E+02    8.25735E-02    9.20744E-01
    2.27800E+02    8.26108E-02    9.20709E-01
    2.27900E+02    8.26424E-02    9.20680E-01
    2.28000E+02    8.26736E-02    9.20652E-01
    2.28100E+02    8.27122E-02    9.20616E-01
    2.28200E+02    8.27585E-02    9.20573E-01
    2.28300E+02    8.28170E-02    9.20520E-01
    2.28400E+02    8.28672E-02    9.20473E-01
    2.28500E+02    8.29414E-02    9.20405E-01
    2.28600E+02    8.30078E-02    9.20344E-01
    2.28700E+02    8.30860E-02    9.20272E-01
    2.28800E+02    8.31737E-02    9.20191E-01
    2.28900E+02    8.32743E-02    9.20099E-01
    2.29000E+02    8.33959E-02    9.19987E-01
    2.29100E+02    8.35627E-02    9.19833E-01
    2.29200E+02    8.37548E-02    9.19657E-01
    2.29300E+02    8.40926E-02    9.19346E-01
    2.29400E+02    8.48003E-02    9.18696E-01
    2.29500E+02    8.72068E-02    9.16488E-01
    2.29600E+02    9.24972E-02    9.11652E-01
    2.29700E+02    8.58208E-02    9.17759E-01
    2.29800E+02    8.48300E-02    9.18668E-01
    2.29900E+02    8.45732E-02    9.18904E-01
    2.30000E+02    8.45508E-02    9.18925E-01
    2.30100E+02    8.45929E-02    9.18886E-01
    2.30200E+02    8.46996E-02    9.18788E-01
    2.30300E+02    8.48717E-02    9.18630E-01
    2.30400E+02    8.50823E-02    9.18437E-01
    2.30500E+02    8.53538E-02    9.18187E-01
    2.30600E+02    8.57189E-02    9.17852E-01
    2.30700E+02    8.62236E-02    9.17389E-01
    2.30800E+02    8.69655E-02    9.16709E-01
    2.30900E+02    8.81579E-02    9.15616E-01
    2.31000E+02    9.03660E-02    9.13597E-01
    2.31100E+02    9.53910E-02    9.09017E-01
    2.31200E+02    1.12304E-01    8.93772E-01
    2.31300E+02    1.67101E-01    8.46114E-01
    2.31400E+02    1.03298E-01    9.01858E-01
    2.31500E+02    9.35572E-02    9.10686E-01
    2.31600E+02    9.02858E-02    9.13670E-01
    2.31700E+02    8.88644E-02    9.14970E-01
    2.31800E+02    8.81824E-02    9.15594E-01
    2.31900E+02    8.78786E-02    9.15872E-01
    2.32000E+02    8.79609E-02    9.15797E-01
    2.32100E+02    8.77409E-02    9.15998E-01
    2.32200E+02    8.78143E-02    9.15931E-01
    2.32300E+02    8.79759E-02    9.15783E-01
    2.32400E+02    8.82327E-02    9.15548E-01
    2.32500E+02    8.86969E-02    9.15123E-01
    2.32600E+02    8.89207E-02    9.14918E-01
    2.32700E+02    8.94504E-02    9.14434E-01
    2.32800E+02    8.97574E-02    9.14153E-01
    2.32900E+02    9.02656E-02    9.13688E-01
    2.33000E+02    9.10281E-02    9.12992E-01
    2.33100E+02    9.16149E-02    9.12456E-01
    2.33200E+02    9.24955E-02    9.11653E-01
    2.33300E+02    9.36388E-02    9.10612E-01
    2.33400E+02    9.49207E-02    9.09445E-01
    2.33500E+02    9.64144E-02    9.08088E-01
    2.33600E+02    9.84604E-02    9.06232E-01
    2.33700E+02    1.01283E-01    9.03678E-01
    2.33800E+02    1.05568E-01    8.99813E-01
    2.33900E+02    1.14326E-01    8.91967E-01
    2.34000E+02    1.13471E-01    8.92730E-01
    2.34100E+02    1.05687E-01    8.99707E-01
    2.34200E+02    1.01863E-01    9.03153E-01
    2.34300E+02    9.93195E-02    9.05453E-01
    2.34400E+02    9.74812E-02    9.07119E-01
    2.34500E+02    9.61248E-02    9.08351E-01
    2.34600E+02    9.50798E-02    9.09300E-01
    2.34700E+02    9.42806E-02    9.10027E-01
    2.34800E+02    9.36978E-02    9.10558E-01
    2.34900E+02    9.33631E-02    9.10863E-01
    2.35000E+02    9.32766E-02    9.10942E-01
    2.35100E+02    9.35894E-02    9.10657E-01
    2.35200E+02    9.38262E-02    9.10441E-01
    2.35300E+02    9.48406E-02    9.09518E-01
    2.35400E+02    9.70336E-02    9.07526E-01
    2.35500E+02    1.02146E-01    9.02897E-01
    2.35600E+02    1.17837E-01    8.88841E-01
    2.35700E+02    2.40034E-01    7.86601E-01
    2.35800E+02    1.24965E-01    8.82528E-01
    2.35900E+02    1.04432E-01    9.00836E-01
    2.36000E+02    9.75434E-02    9.07063E-01
    2.36100E+02    9.47606E-02    9.09591E-01
    2.36200E+02    9.33321E-02    9.10891E-01
    2.36300E+02    9.26665E-02    9.11497E-01
    2.36400E+02    9.23832E-02    9.11756E-01
    2.36500E+02    9.24626E-02    9.11683E-01
    2.36600E+02    9.31245E-02    9.11080E-01
    2.36700E+02    9.38205E-02    9.10446E-01
    2.36800E+02    9.56180E-02    9.08811E-01
    2.36900E+02    9.94743E-02    9.05313E-01
    2.37000E+02    1.09469E-01    8.96310E-01
    2.37100E+02    1.55278E-01    8.56177E-01
    2.37200E+02    1.47392E-01    8.62955E-01
    2.37300E+02    1.08292E-01    8.97366E-01
    2.37400E+02    9.89245E-02    9.05811E-01
    2.37500E+02    9.53207E-02    9.09081E-01
    2.37600E+02    9.38065E-02    9.10459E-01
    2.37700E+02    9.25836E-02    9.11573E-01
    2.37800E+02    9.20328E-02    9.12075E-01
    2.37900E+02    9.17459E-02    9.12337E-01
    2.38000E+02    9.16413E-02    9.12432E-01
    2.38100E+02    9.17003E-02    9.12379E-01
    2.38200E+02    9.19565E-02    9.12145E-01
    2.38300E+02    9.26042E-02    9.11554E-01
    2.38400E+02    9.53501E-02    9.09055E-01
    2.38500E+02    9.44160E-02    9.09904E-01
    2.38600E+02    9.42574E-02    9.10048E-01
    2.38700E+02    9.56803E-02    9.08754E-01
    2.38800E+02    9.80812E-02    9.06575E-01
    2.38900E+02    1.04081E-01    9.01153E-01
    2.39000E+02    1.23633E-01    8.83704E-01
    2.39100E+02    2.54443E-01    7.75348E-01
    2.39200E+02    1.19553E-01    8.87317E-01
    2.39300E+02    1.04228E-01    9.01019E-01
    2.39400E+02    9.92285E-02    9.05536E-01
    2.39500E+02    9.71880E-02    9.07385E-01
    2.39600E+02    9.66954E-02    9.07833E-01
    2.39700E+02    9.54199E-02    9.08991E-01
    2.39800E+02    9.54076E-02    9.09002E-01
    2.39900E+02    9.57470E-02    9.08694E-01
    2.40000E+02    9.53551E-02    9.09050E-01
    2.40100E+02    9.47840E-02    9.09569E-01
    2.40200E+02    9.46370E-02    9.09703E-01
    2.40300E+02    9.45738E-02    9.09761E-01
    2.40400E+02    9.41239E-02    9.10170E-01
    2.40500E+02    9.39764E-02    9.10304E-01
    2.40600E+02    9.35807E-02    9.10665E-01
    2.40700E+02    9.35869E-02    9.10659E-01
    2.40800E+02    9.34948E-02    9.10743E-01
    2.40900E+02    9.41947E-02    9.10106E-01
    2.41000E+02    9.35612E-02    9.10682E-01
    2.41100E+02    9.38407E-02    9.10428E-01
    2.41200E+02    9.65150E-02    9.07996E-01
    2.41300E+02    9.52601E-02    9.09136E-01
    2.41400E+02    9.42660E-02    9.10041E-01
    2.41500E+02    9.44532E-02    9.09870E-01
    2.41600E+02    9.46493E-02    9.09692E-01
    2.41700E+02    9.51337E-02    9.09251E-01
    2.41800E+02    9.59069E-02    9.08549E-01
    2.41900E+02    9.71720E-02    9.07400E-01
    2.42000E+02    9.94679E-02    9.05319E-01
    2.42100E+02    1.04352E-01    9.00908E-01
    2.42200E+02    1.18265E-01    8.88461E-01
    2.42300E+02    2.06374E-01    8.13529E-01
    2.42400E+02    1.31619E-01    8.76675E-01
    2.42500E+02    1.08180E-01    8.97466E-01
    2.42600E+02    1.01565E-01    9.03422E-01
    2.42700E+02    9.89297E-02    9.05806E-01
    2.42800E+02    9.78121E-02    9.06819E-01
    2.42900E+02    9.75629E-02    9.07045E-01
    2.43000E+02    9.81767E-02    9.06489E-01
    2.43100E+02    9.94044E-02    9.05376E-01
    2.43200E+02    1.02478E-01    9.02598E-01
    2.43300E+02    1.11012E-01    8.94928E-01
    2.43400E+02    1.47499E-01    8.62864E-01
    2.43500E+02    1.52976E-01    8.58150E-01
    2.43600E+02    1.11758E-01    8.94261E-01
    2.43700E+02    1.02640E-01    9.02452E-01
    2.43800E+02    9.93169E-02    9.05456E-01
    2.43900E+02    9.81104E-02    9.06549E-01
    2.44000E+02    9.85754E-02    9.06127E-01
    2.44100E+02    1.03685E-01    9.01509E-01
    2.44200E+02    1.05886E-01    8.99528E-01
    2.44300E+02    9.77438E-02    9.06881E-01
    2.44400E+02    9.60707E-02    9.08400E-01
    2.44500E+02    9.50082E-02    9.09365E-01
    2.44600E+02    9.45954E-02    9.09741E-01
    2.44700E+02    9.43230E-02    9.09989E-01
    2.44800E+02    9.42623E-02    9.10044E-01
    2.44900E+02    9.41773E-02    9.10121E-01
    2.45000E+02    9.41290E-02    9.10165E-01
    2.45100E+02    9.40682E-02    9.10221E-01
    2.45200E+02    9.40427E-02    9.10244E-01
    2.45300E+02    9.40477E-02    9.10239E-01
    2.45400E+02    9.40678E-02    9.10221E-01
    2.45500E+02    9.41046E-02    9.10188E-01
    2.45600E+02    9.41614E-02    9.10136E-01
    2.45700E+02    9.42525E-02    9.10053E-01
    2.45800E+02    9.46774E-02    9.09666E-01
    2.45900E+02    9.43564E-02    9.09958E-01
    2.46000E+02    9.44017E-02    9.09917E-01
    2.46100E+02    9.44844E-02    9.09842E-01
    2.46200E+02    9.45994E-02    9.09737E-01
    2.46300E+02    9.47851E-02    9.09568E-01
    2.46400E+02    9.50316E-02    9.09344E-01
    2.46500E+02    9.68878E-02    9.07658E-01
    2.46600E+02    9.54411E-02    9.08972E-01
    2.46700E+02    9.52686E-02    9.09129E-01
    2.46800E+02    9.53553E-02    9.09050E-01
    2.46900E+02    9.55155E-02    9.08904E-01
    2.47000E+02    9.57304E-02    9.08709E-01
    2.47100E+02    9.60315E-02    9.08435E-01
    2.47200E+02    9.63275E-02    9.08167E-01
    2.47300E+02    9.67848E-02    9.07751E-01
    2.47400E+02    9.74182E-02    9.07177E-01
    2.47500E+02    9.84721E-02    9.06221E-01
    2.47600E+02    1.00588E-01    9.04306E-01
    2.47700E+02    1.07428E-01    8.98141E-01
    2.47800E+02    1.13294E-01    8.92888E-01
    2.47900E+02    1.06520E-01    8.98957E-01
    2.48000E+02    1.11003E-01    8.94936E-01
    2.48100E+02    1.32198E-01    8.76167E-01
    2.48200E+02    2.13150E-01    8.08035E-01
    2.48300E+02    1.21068E-01    8.85974E-01
    2.48400E+02    1.07480E-01    8.98094E-01
    2.48500E+02    1.02936E-01    9.02184E-01
    2.48600E+02    1.00951E-01    9.03977E-01
    2.48700E+02    1.00092E-01    9.04754E-01
    2.48800E+02    9.95395E-02    9.05254E-01
    2.48900E+02    9.93705E-02    9.05407E-01
    2.49000E+02    9.94716E-02    9.05316E-01
    2.49100E+02    9.97832E-02    9.05034E-01
    2.49200E+02    1.00345E-01    9.04525E-01
    2.49300E+02    1.01305E-01    9.03657E-01
    2.49400E+02    1.02932E-01    9.02188E-01
    2.49500E+02    1.05883E-01    8.99530E-01
    2.49600E+02    1.12142E-01    8.93917E-01
    2.49700E+02    1.30574E-01    8.77592E-01
    2.49800E+02    2.11979E-01    8.08982E-01
    2.49900E+02    1.63467E-01    8.49194E-01
    2.50000E+02    1.75267E-01    8.39233E-01
    2.50100E+02    1.21904E-01    8.85234E-01
    2.50200E+02    1.10448E-01    8.95433E-01
    2.50300E+02    1.05953E-01    8.99467E-01
    2.50400E+02    1.02870E-01    9.02244E-01
    2.50500E+02    1.01442E-01    9.03533E-01
    2.50600E+02    1.00511E-01    9.04375E-01
    2.50700E+02    1.00069E-01    9.04775E-01
    2.50800E+02    9.95528E-02    9.05242E-01
    2.50900E+02    9.92165E-02    9.05547E-01
    2.51000E+02    9.90134E-02    9.05731E-01
    2.51100E+02    9.88825E-02    9.05849E-01
    2.51200E+02    9.89119E-02    9.05823E-01
    2.51300E+02    9.87295E-02    9.05988E-01
    2.51400E+02    9.86832E-02    9.06030E-01
    2.51500E+02    9.86656E-02    9.06046E-01
    2.51600E+02    9.86664E-02    9.06045E-01
    2.51700E+02    9.86827E-02    9.06030E-01
    2.51800E+02    9.87089E-02    9.06006E-01
    2.51900E+02    9.87493E-02    9.05970E-01
    2.52000E+02    9.88127E-02    9.05912E-01
    2.52100E+02    9.90669E-02    9.05682E-01
    2.52200E+02    9.89386E-02    9.05798E-01
    2.52300E+02    9.90577E-02    9.05690E-01
    2.52400E+02    9.91418E-02    9.05614E-01
    2.52500E+02    9.94211E-02    9.05361E-01
    2.52600E+02    9.94788E-02    9.05309E-01
    2.52700E+02    1.00071E-01    9.04773E-01
    2.52800E+02    9.98914E-02    9.04936E-01
    2.52900E+02    9.95412E-02    9.05253E-01
    2.53000E+02    9.95485E-02    9.05246E-01
    2.53100E+02    9.96054E-02    9.05195E-01
    2.53200E+02    9.96855E-02    9.05122E-01
    2.53300E+02    9.98370E-02    9.04985E-01
    2.53400E+02    1.00218E-01    9.04640E-01
    2.53500E+02    9.99680E-02    9.04866E-01
    2.53600E+02    1.00074E-01    9.04771E-01
    2.53700E+02    1.00522E-01    9.04366E-01
    2.53800E+02    1.00479E-01    9.04404E-01
    2.53900E+02    1.00445E-01    9.04435E-01
    2.54000E+02    1.00511E-01    9.04375E-01
    2.54100E+02    1.00667E-01    9.04234E-01
    2.54200E+02    1.01013E-01    9.03921E-01
    2.54300E+02    1.02607E-01    9.02481E-01
    2.54400E+02    1.01178E-01    9.03772E-01
    2.54500E+02    1.01106E-01    9.03838E-01
    2.54600E+02    1.01182E-01    9.03768E-01
    2.54700E+02    1.01417E-01    9.03556E-01
    2.54800E+02    1.01427E-01    9.03547E-01
    2.54900E+02    1.02052E-01    9.02982E-01
    2.55000E+02    1.01606E-01    9.03385E-01
    2.55100E+02    1.01649E-01    9.03346E-01
    2.55200E+02    1.01730E-01    9.03273E-01
    2.55300E+02    1.01773E-01    9.03235E-01
    2.55400E+02    1.01826E-01    9.03187E-01
    2.55500E+02    1.01882E-01    9.03136E-01
    2.55600E+02    1.01938E-01    9.03085E-01
    2.55700E+02    1.01999E-01    9.03031E-01
    2.55800E+02    1.02080E-01    9.02958E-01
    2.55900E+02    1.02127E-01    9.02915E-01
    2.56000E+02    1.02216E-01    9.02834E-01
    2.56100E+02    1.02294E-01    9.02764E-01
    2.56200E+02    1.02311E-01    9.02749E-01
    2.56300E+02    1.02381E-01    9.02685E-01
    2.56400E+02    1.02490E-01    9.02587E-01
    2.56500E+02    1.02596E-01    9.02492E-01
    2.56600E+02    1.02685E-01    9.02411E-01
    2.56700E+02    1.02879E-01    9.02236E-01
    2.56800E+02    1.02925E-01    9.02194E-01
    2.56900E+02    1.03426E-01    9.01743E-01
    2.57000E+02    1.03073E-01    9.02061E-01
    2.57100E+02    1.03136E-01    9.02004E-01
    2.57200E+02    1.03257E-01    9.01895E-01
    2.57300E+02    1.03400E-01    9.01766E-01
    2.57400E+02    1.03594E-01    9.01592E-01
    2.57500E+02    1.03792E-01    9.01413E-01
    2.57600E+02    1.04053E-01    9.01178E-01
    2.57700E+02    1.04334E-01    9.00925E-01
    2.57800E+02    1.04769E-01    9.00532E-01
    2.57900E+02    1.05263E-01    9.00088E-01
    2.58000E+02    1.06322E-01    8.99135E-01
    2.58100E+02    1.08834E-01    8.96879E-01
    2.58200E+02    1.30070E-01    8.78034E-01
    2.58300E+02    1.11089E-01    8.94859E-01
    2.58400E+02    1.10690E-01    8.95217E-01
    2.58500E+02    1.14171E-01    8.92105E-01
    2.58600E+02    1.25786E-01    8.81804E-01
    2.58700E+02    2.03601E-01    8.15788E-01
    2.58800E+02    1.34979E-01    8.73734E-01
    2.58900E+02    1.16296E-01    8.90211E-01
    2.59000E+02    1.10803E-01    8.95115E-01
    2.59100E+02    1.08469E-01    8.97206E-01
    2.59200E+02    1.07313E-01    8.98245E-01
    2.59300E+02    1.06627E-01    8.98861E-01
    2.59400E+02    1.06246E-01    8.99204E-01
    2.59500E+02    1.06165E-01    8.99276E-01
    2.59600E+02    1.05816E-01    8.99590E-01
    2.59700E+02    1.05703E-01    8.99692E-01
    2.59800E+02    1.05650E-01    8.99739E-01
    2.59900E+02    1.05642E-01    8.99746E-01
    2.60000E+02    1.05719E-01    8.99677E-01
    2.60100E+02    1.05709E-01    8.99686E-01
    2.60200E+02    1.05694E-01    8.99700E-01
    2.60300E+02    1.05732E-01    8.99666E-01
    2.60400E+02    1.05797E-01    8.99607E-01
    2.60500E+02    1.05895E-01    8.99519E-01
    2.60600E+02    1.06000E-01    8.99424E-01
    2.60700E+02    1.06137E-01    8.99301E-01
    2.60800E+02    1.06919E-01    8.98599E-01
    2.60900E+02    1.06364E-01    8.99097E-01
    2.61000E+02    1.06308E-01    8.99148E-01
    2.61100E+02    1.06426E-01    8.99042E-01
    2.61200E+02    1.06468E-01    8.99004E-01
    2.61300E+02    1.06568E-01    8.98914E-01
    2.61400E+02    1.06675E-01    8.98818E-01
    2.61500E+02    1.06786E-01    8.98718E-01
    2.61600E+02    1.06914E-01    8.98603E-01
    2.61700E+02    1.07071E-01    8.98462E-01
    2.61800E+02    1.07220E-01    8.98328E-01
    2.61900E+02    1.07359E-01    8.98203E-01
    2.62000E+02    1.07548E-01    8.98033E-01
    2.62100E+02    1.07735E-01    8.97866E-01
    2.62200E+02    1.07951E-01    8.97671E-01
    2.62300E+02    1.08238E-01    8.97414E-01
    2.62400E+02    1.08634E-01    8.97058E-01
    2.62500E+02    1.09253E-01    8.96503E-01
    2.62600E+02    1.10062E-01    8.95779E-01
    2.62700E+02    1.12047E-01    8.94002E-01
    2.62800E+02    1.19669E-01    8.87214E-01
    2.62900E+02    1.23415E-01    8.83897E-01
    2.63000E+02    1.13740E-01    8.92490E-01
    2.63100E+02    1.12477E-01    8.93618E-01
    2.63200E+02    1.14291E-01    8.91999E-01
    2.63300E+02    1.13564E-01    8.92647E-01
    2.63400E+02    1.15691E-01    8.90751E-01
    2.63500E+02    1.21140E-01    8.85910E-01
    2.63600E+02    1.39255E-01    8.70006E-01
    2.63700E+02    2.59073E-01    7.71767E-01
    2.63800E+02    1.36275E-01    8.72603E-01
    2.63900E+02    1.27139E-01    8.80611E-01
    2.64000E+02    1.16652E-01    8.89895E-01
    2.64100E+02    1.13905E-01    8.92342E-01
    2.64200E+02    1.12668E-01    8.93447E-01
    2.64300E+02    1.12052E-01    8.93997E-01
    2.64400E+02    1.11750E-01    8.94267E-01
    2.64500E+02    1.11723E-01    8.94292E-01
    2.64600E+02    1.11962E-01    8.94078E-01
    2.64700E+02    1.12591E-01    8.93516E-01
    2.64800E+02    1.14452E-01    8.91855E-01
    2.64900E+02    1.25379E-01    8.82162E-01
    2.65000E+02    1.17354E-01    8.89270E-01
    2.65100E+02    1.13366E-01    8.92823E-01
    2.65200E+02    1.12336E-01    8.93744E-01
    2.65300E+02    1.11955E-01    8.94085E-01
    2.65400E+02    1.11820E-01    8.94205E-01
    2.65500E+02    1.11805E-01    8.94219E-01
    2.65600E+02    1.11869E-01    8.94162E-01
    2.65700E+02    1.11934E-01    8.94104E-01
    2.65800E+02    1.12042E-01    8.94007E-01
    2.65900E+02    1.12163E-01    8.93899E-01
    2.66000E+02    1.12294E-01    8.93781E-01
    2.66100E+02    1.12464E-01    8.93630E-01
    2.66200E+02    1.12672E-01    8.93443E-01
    2.66300E+02    1.12770E-01    8.93356E-01
    2.66400E+02    1.12956E-01    8.93190E-01
    2.66500E+02    1.13198E-01    8.92974E-01
    2.66600E+02    1.13520E-01    8.92686E-01
    2.66700E+02    1.13980E-01    8.92276E-01
    2.66800E+02    1.14678E-01    8.91653E-01
    2.66900E+02    1.15876E-01    8.90586E-01
    2.67000E+02    1.18093E-01    8.88614E-01
    2.67100E+02    1.23460E-01    8.83857E-01
    2.67200E+02    1.43579E-01    8.66252E-01
    2.67300E+02    1.66344E-01    8.46755E-01
    2.67400E+02    1.27213E-01    8.80546E-01
    2.67500E+02    1.19558E-01    8.87312E-01
    2.67600E+02    1.16754E-01    8.89804E-01
    2.67700E+02    1.15426E-01    8.90986E-01
    2.67800E+02    1.14713E-01    8.91622E-01
    2.67900E+02    1.14301E-01    8.91990E-01
    2.68000E+02    1.14059E-01    8.92206E-01
    2.68100E+02    1.13946E-01    8.92306E-01
    2.68200E+02    1.14196E-01    8.92083E-01
    2.68300E+02    1.13831E-01    8.92409E-01
    2.68400E+02    1.13813E-01    8.92425E-01
    2.68500E+02    1.13911E-01    8.92337E-01
    2.68600E+02    1.14358E-01    8.91939E-01
    2.68700E+02    1.14731E-01    8.91606E-01
    2.68800E+02    1.14004E-01    8.92254E-01
    2.68900E+02    1.13939E-01    8.92313E-01
    2.69000E+02    1.13952E-01    8.92301E-01
    2.69100E+02    1.14000E-01    8.92258E-01
    2.69200E+02    1.14056E-01    8.92208E-01
    2.69300E+02    1.14122E-01    8.92149E-01
    2.69400E+02    1.14195E-01    8.92084E-01
    2.69500E+02    1.14289E-01    8.92000E-01
    2.69600E+02    1.14364E-01    8.91934E-01
    2.69700E+02    1.14443E-01    8.91862E-01
    2.69800E+02    1.14537E-01    8.91779E-01
    2.69900E+02    1.14631E-01    8.91695E-01
    2.70000E+02    1.14731E-01    8.91606E-01
    2.70100E+02    1.14856E-01    8.91494E-01
    2.70200E+02    1.14930E-01    8.91428E-01
    2.70300E+02    1.15044E-01    8.91327E-01
    2.70400E+02    1.15187E-01    8.91199E-01
    2.70500E+02    1.15347E-01    8.91057E-01
    2.70600E+02    1.15408E-01    8.91003E-01
    2.70700E+02    1.15621E-01    8.90813E-01
    2.70800E+02    1.15758E-01    8.90691E-01
    2.70900E+02    1.16032E-01    8.90446E-01
    2.71000E+02    1.16309E-01    8.90200E-01
    2.71100E+02    1.18747E-01    8.88033E-01
    2.71200E+02    1.16445E-01    8.90079E-01
    2.71300E+02    1.16474E-01    8.90053E-01
    2.71400E+02    1.16401E-01    8.90118E-01
    2.71500E+02    1.16501E-01    8.90030E-01
    2.71600E+02    1.16642E-01    8.89903E-01
    2.71700E+02    1.16824E-01    8.89742E-01
    2.71800E+02    1.17088E-01    8.89507E-01
    2.71900E+02    1.17947E-01    8.88744E-01
    2.72000E+02    1.17647E-01    8.89009E-01
    2.72100E+02    1.17673E-01    8.88987E-01
    2.72200E+02    1.17914E-01    8.88772E-01
    2.72300E+02    1.18254E-01    8.88471E-01
    2.72400E+02    1.18713E-01    8.88062E-01
    2.72500E+02    1.19355E-01    8.87493E-01
    2.72600E+02    1.20310E-01    8.86645E-01
    2.72700E+02    1.21924E-01    8.85215E-01
    2.72800E+02    1.24994E-01    8.82502E-01
    2.72900E+02    1.32674E-01    8.75751E-01
    2.73000E+02    1.65812E-01    8.47206E-01
    2.73100E+02    1.67440E-01    8.45827E-01
    2.73200E+02    1.33344E-01    8.75164E-01
    2.73300E+02    1.25829E-01    8.81765E-01
    2.73400E+02    1.22922E-01    8.84333E-01
    2.73500E+02    1.21615E-01    8.85489E-01
    2.73600E+02    1.20978E-01    8.86054E-01
    2.73700E+02    1.20684E-01    8.86314E-01
    2.73800E+02    1.20660E-01    8.86335E-01
    2.73900E+02    1.20928E-01    8.86097E-01
    2.74000E+02    1.21229E-01    8.85832E-01
    2.74100E+02    1.21845E-01    8.85286E-01
    2.74200E+02    1.23225E-01    8.84065E-01
    2.74300E+02    1.26511E-01    8.81165E-01
    2.74400E+02    1.37976E-01    8.71120E-01
    2.74500E+02    1.67932E-01    8.45411E-01
    2.74600E+02    1.31049E-01    8.77175E-01
    2.74700E+02    1.24924E-01    8.82564E-01
    2.74800E+02    1.22803E-01    8.84438E-01
    2.74900E+02    1.21870E-01    8.85263E-01
    2.75000E+02    1.21446E-01    8.85639E-01
    2.75100E+02    1.21166E-01    8.85887E-01
    2.75200E+02    1.21119E-01    8.85929E-01
    2.75300E+02    1.20946E-01    8.86082E-01
    2.75400E+02    1.20916E-01    8.86108E-01
    2.75500E+02    1.20917E-01    8.86107E-01
    2.75600E+02    1.20951E-01    8.86077E-01
    2.75700E+02    1.21022E-01    8.86015E-01
    2.75800E+02    1.21108E-01    8.85938E-01
    2.75900E+02    1.21225E-01    8.85835E-01
    2.76000E+02    1.21312E-01    8.85758E-01
    2.76100E+02    1.21450E-01    8.85635E-01
    2.76200E+02    1.21613E-01    8.85491E-01
    2.76300E+02    1.21820E-01    8.85308E-01
    2.76400E+02    1.22076E-01    8.85081E-01
    2.76500E+02    1.22438E-01    8.84761E-01
    2.76600E+02    1.23016E-01    8.84250E-01
    2.76700E+02    1.24134E-01    8.83262E-01
    2.76800E+02    1.27107E-01    8.80640E-01
    2.76900E+02    1.44332E-01    8.65600E-01
    2.77000E+02    1.31228E-01    8.77018E-01
    2.77100E+02    1.25640E-01    8.81932E-01
    2.77200E+02    1.24069E-01    8.83319E-01
    2.77300E+02    1.23494E-01    8.83827E-01
    2.77400E+02    1.23295E-01    8.84003E-01
    2.77500E+02    1.23235E-01    8.84056E-01
    2.77600E+02    1.23185E-01    8.84100E-01
    2.77700E+02    1.23202E-01    8.84085E-01
    2.77800E+02    1.23290E-01    8.84007E-01
    2.77900E+02    1.23518E-01    8.83806E-01
    2.78000E+02    1.23523E-01    8.83801E-01
    2.78100E+02    1.23637E-01    8.83700E-01
    2.78200E+02    1.23685E-01    8.83658E-01
    2.78300E+02    1.23849E-01    8.83513E-01
    2.78400E+02    1.24197E-01    8.83206E-01
    2.78500E+02    1.25312E-01    8.82221E-01
    2.78600E+02    1.24553E-01    8.82891E-01
    2.78700E+02    1.24448E-01    8.82984E-01
    2.78800E+02    1.24569E-01    8.82877E-01
    2.78900E+02    1.24782E-01    8.82690E-01
    2.79000E+02    1.25085E-01    8.82422E-01
    2.79100E+02    1.25540E-01    8.82021E-01
    2.79200E+02    1.26370E-01    8.81289E-01
    2.79300E+02    1.28465E-01    8.79445E-01
    2.79400E+02    1.32340E-01    8.76043E-01
    2.79500E+02    1.50230E-01    8.60510E-01
    2.79600E+02    1.30747E-01    8.77439E-01
    2.79700E+02    1.28339E-01    8.79555E-01
    2.79800E+02    1.28837E-01    8.79117E-01
    2.79900E+02    1.38607E-01    8.70570E-01
    2.80000E+02    1.28060E-01    8.79801E-01
    2.80100E+02    1.26837E-01    8.80877E-01
    2.80200E+02    1.26495E-01    8.81178E-01
    2.80300E+02    1.26389E-01    8.81272E-01
    2.80400E+02    1.26383E-01    8.81277E-01
    2.80500E+02    1.26427E-01    8.81239E-01
    2.80600E+02    1.26509E-01    8.81166E-01
    2.80700E+02    1.26632E-01    8.81058E-01
    2.80800E+02    1.26834E-01    8.80880E-01
    2.80900E+02    1.27441E-01    8.80345E-01
    2.81000E+02    1.30002E-01    8.78094E-01
    2.81100E+02    1.27433E-01    8.80352E-01
    2.81200E+02    1.27463E-01    8.80326E-01
    2.81300E+02    1.27377E-01    8.80401E-01
    2.81400E+02    1.27586E-01    8.80218E-01
    2.81500E+02    1.28351E-01    8.79545E-01
    2.81600E+02    1.27953E-01    8.79895E-01
    2.81700E+02    1.27843E-01    8.79991E-01
    2.81800E+02    1.27958E-01    8.79891E-01
    2.81900E+02    1.28224E-01    8.79656E-01
    2.82000E+02    1.28572E-01    8.79350E-01
    2.82100E+02    1.28489E-01    8.79423E-01
    2.82200E+02    1.28639E-01    8.79292E-01
    2.82300E+02    1.28890E-01    8.79071E-01
    2.82400E+02    1.29067E-01    8.78915E-01
    2.82500E+02    1.29468E-01    8.78563E-01
    2.82600E+02    1.30196E-01    8.77923E-01
    2.82700E+02    1.31980E-01    8.76358E-01
    2.82800E+02    1.40647E-01    8.68796E-01
    2.82900E+02    1.36590E-01    8.72328E-01
    2.83000E+02    1.31760E-01    8.76551E-01
    2.83100E+02    1.30676E-01    8.77502E-01
    2.83200E+02    1.30327E-01    8.77809E-01
    2.83300E+02    1.30200E-01    8.77919E-01
    2.83400E+02    1.30230E-01    8.77894E-01
    2.83500E+02    1.30257E-01    8.77869E-01
    2.83600E+02    1.30335E-01    8.77802E-01
    2.83700E+02    1.30442E-01    8.77707E-01
    2.83800E+02    1.30569E-01    8.77596E-01
    2.83900E+02    1.30710E-01    8.77472E-01
    2.84000E+02    1.30882E-01    8.77321E-01
    2.84100E+02    1.31026E-01    8.77195E-01
    2.84200E+02    1.31196E-01    8.77046E-01
    2.84300E+02    1.31420E-01    8.76850E-01
    2.84400E+02    1.32072E-01    8.76277E-01
    2.84500E+02    1.31817E-01    8.76502E-01
    2.84600E+02    1.32119E-01    8.76237E-01
    2.84700E+02    1.32224E-01    8.76145E-01
    2.84800E+02    1.32506E-01    8.75898E-01
    2.84900E+02    1.32773E-01    8.75663E-01
    2.85000E+02    1.33051E-01    8.75420E-01
    2.85100E+02    1.33415E-01    8.75102E-01
    2.85200E+02    1.33853E-01    8.74719E-01
    2.85300E+02    1.34392E-01    8.74247E-01
    2.85400E+02    1.35083E-01    8.73644E-01
    2.85500E+02    1.36012E-01    8.72832E-01
    2.85600E+02    1.37400E-01    8.71622E-01
    2.85700E+02    1.39335E-01    8.69936E-01
    2.85800E+02    1.42842E-01    8.66891E-01
    2.85900E+02    1.50133E-01    8.60593E-01
    2.86000E+02    1.71136E-01    8.42707E-01
    2.86100E+02    2.64500E-01    7.67590E-01
    2.86200E+02    2.18651E-01    8.03602E-01
    2.86300E+02    2.14447E-01    8.06988E-01
    2.86400E+02    1.55704E-01    8.55812E-01
    2.86500E+02    1.45508E-01    8.64583E-01
    2.86600E+02    1.41422E-01    8.68123E-01
    2.86700E+02    1.39361E-01    8.69914E-01
    2.86800E+02    1.38199E-01    8.70926E-01
    2.86900E+02    1.37524E-01    8.71514E-01
    2.87000E+02    1.37179E-01    8.71814E-01
    2.87100E+02    1.36805E-01    8.72140E-01
    2.87200E+02    1.36642E-01    8.72283E-01
    2.87300E+02    1.36572E-01    8.72344E-01
    2.87400E+02    1.36567E-01    8.72348E-01
    2.87500E+02    1.36616E-01    8.72305E-01
    2.87600E+02    1.36707E-01    8.72226E-01
    2.87700E+02    1.36838E-01    8.72111E-01
    2.87800E+02    1.37014E-01    8.71958E-01
    2.87900E+02    1.37238E-01    8.71763E-01
    2.88000E+02    1.37521E-01    8.71516E-01
    2.88100E+02    1.37881E-01    8.71203E-01
    2.88200E+02    1.38354E-01    8.70791E-01
    2.88300E+02    1.39069E-01    8.70168E-01
    2.88400E+02    1.39858E-01    8.69482E-01
    2.88500E+02    1.41137E-01    8.68370E-01
    2.88600E+02    1.43323E-01    8.66474E-01
    2.88700E+02    1.47549E-01    8.62820E-01
    2.88800E+02    1.57834E-01    8.53991E-01
    2.88900E+02    1.98407E-01    8.20036E-01
    2.89000E+02    2.23071E-01    8.00058E-01
    2.89100E+02    1.62091E-01    8.50364E-01
    2.89200E+02    1.49520E-01    8.61122E-01
    2.89300E+02    1.44828E-01    8.65171E-01
    2.89400E+02    1.42619E-01    8.67084E-01
    2.89500E+02    1.41436E-01    8.68111E-01
    2.89600E+02    1.40760E-01    8.68698E-01
    2.89700E+02    1.40372E-01    8.69035E-01
    2.89800E+02    1.40229E-01    8.69159E-01
    2.89900E+02    1.40164E-01    8.69215E-01
    2.90000E+02    1.40126E-01    8.69249E-01
    2.90100E+02    1.39952E-01    8.69400E-01
    2.90200E+02    1.39956E-01    8.69396E-01
    2.90300E+02    1.40016E-01    8.69344E-01
    2.90400E+02    1.40122E-01    8.69252E-01
    2.90500E+02    1.40296E-01    8.69101E-01
    2.90600E+02    1.40479E-01    8.68942E-01
    2.90700E+02    1.40775E-01    8.68685E-01
    2.90800E+02    1.41369E-01    8.68169E-01
    2.90900E+02    1.43309E-01    8.66486E-01
    2.91000E+02    1.47750E-01    8.62647E-01
    2.91100E+02    1.42439E-01    8.67241E-01
    2.91200E+02    1.41750E-01    8.67838E-01
    2.91300E+02    1.41774E-01    8.67817E-01
    2.91400E+02    1.41765E-01    8.67825E-01
    2.91500E+02    1.41754E-01    8.67834E-01
    2.91600E+02    1.42011E-01    8.67612E-01
    2.91700E+02    1.44554E-01    8.65408E-01
    2.91800E+02    1.42280E-01    8.67378E-01
    2.91900E+02    1.42304E-01    8.67358E-01
    2.92000E+02    1.42459E-01    8.67223E-01
    2.92100E+02    1.42668E-01    8.67042E-01
    2.92200E+02    1.42918E-01    8.66825E-01
    2.92300E+02    1.43212E-01    8.66571E-01
    2.92400E+02    1.43583E-01    8.66249E-01
    2.92500E+02    1.44235E-01    8.65684E-01
    2.92600E+02    1.44687E-01    8.65293E-01
    2.92700E+02    1.45304E-01    8.64759E-01
    2.92800E+02    1.46470E-01    8.63752E-01
    2.92900E+02    1.48595E-01    8.61918E-01
    2.93000E+02    1.53410E-01    8.57778E-01
    2.93100E+02    1.70306E-01    8.43407E-01
    2.93200E+02    1.97920E-01    8.20436E-01
    2.93300E+02    1.59128E-01    8.52887E-01
    2.93400E+02    1.53399E-01    8.57787E-01
    2.93500E+02    1.57230E-01    8.54508E-01
    2.93600E+02    1.55625E-01    8.55880E-01
    2.93700E+02    1.49154E-01    8.61437E-01
    2.93800E+02    1.47502E-01    8.62861E-01
    2.93900E+02    1.46814E-01    8.63454E-01
    2.94000E+02    1.46508E-01    8.63719E-01
    2.94100E+02    1.46378E-01    8.63831E-01
    2.94200E+02    1.46353E-01    8.63852E-01
    2.94300E+02    1.46382E-01    8.63827E-01
    2.94400E+02    1.46456E-01    8.63764E-01
    2.94500E+02    1.46566E-01    8.63669E-01
    2.94600E+02    1.46774E-01    8.63489E-01
    2.94700E+02    1.46809E-01    8.63459E-01
    2.94800E+02    1.46964E-01    8.63325E-01
    2.94900E+02    1.47115E-01    8.63195E-01
    2.95000E+02    1.47279E-01    8.63053E-01
    2.95100E+02    1.47447E-01    8.62908E-01
    2.95200E+02    1.47654E-01    8.62730E-01
    2.95300E+02    1.47994E-01    8.62436E-01
    2.95400E+02    1.48186E-01    8.62271E-01
    2.95500E+02    1.48328E-01    8.62149E-01
    2.95600E+02    1.48415E-01    8.62073E-01
    2.95700E+02    1.48617E-01    8.61899E-01
    2.95800E+02    1.48932E-01    8.61628E-01
    2.95900E+02    1.49069E-01    8.61510E-01
    2.96000E+02    1.49363E-01    8.61256E-01
    2.96100E+02    1.49780E-01    8.60897E-01
    2.96200E+02    1.49786E-01    8.60892E-01
    2.96300E+02    1.50036E-01    8.60677E-01
    2.96400E+02    1.50606E-01    8.60187E-01
    2.96500E+02    1.50575E-01    8.60213E-01
    2.96600E+02    1.50844E-01    8.59981E-01
    2.96700E+02    1.51158E-01    8.59712E-01
    2.96800E+02    1.51542E-01    8.59382E-01
    2.96900E+02    1.51887E-01    8.59085E-01
    2.97000E+02    1.52371E-01    8.58669E-01
    2.97100E+02    1.53316E-01    8.57859E-01
    2.97200E+02    1.54993E-01    8.56421E-01
    2.97300E+02    1.53777E-01    8.57463E-01
    2.97400E+02    1.54201E-01    8.57099E-01
    2.97500E+02    1.54454E-01    8.56883E-01
    2.97600E+02    1.54962E-01    8.56448E-01
    2.97700E+02    1.55588E-01    8.55912E-01
    2.97800E+02    1.56321E-01    8.55285E-01
    2.97900E+02    1.57186E-01    8.54545E-01
    2.98000E+02    1.58225E-01    8.53658E-01
    2.98100E+02    1.59522E-01    8.52551E-01
    2.98200E+02    1.61226E-01    8.51100E-01
    2.98300E+02    1.63821E-01    8.48894E-01
    2.98400E+02    1.68194E-01    8.45190E-01
    2.98500E+02    1.72049E-01    8.41938E-01
    2.98600E+02    1.66522E-01    8.46605E-01
    2.98700E+02    1.63290E-01    8.49345E-01
    2.98800E+02    1.62241E-01    8.50236E-01
    2.98900E+02    1.60894E-01    8.51382E-01
    2.99000E+02    1.60161E-01    8.52007E-01
    2.99100E+02    1.59676E-01    8.52420E-01
    2.99200E+02    1.59363E-01    8.52687E-01
    2.99300E+02    1.59234E-01    8.52797E-01
    2.99400E+02    1.59515E-01    8.52557E-01
    2.99500E+02    1.61959E-01    8.50476E-01
    2.99600E+02    1.59253E-01    8.52781E-01
    2.99700E+02    1.59204E-01    8.52822E-01
    2.99800E+02    1.58992E-01    8.53004E-01
    2.99900E+02    1.59077E-01    8.52931E-01
    3.00000E+02    1.59262E-01    8.52773E-01
    3.00100E+02    1.59614E-01    8.52473E-01
    3.00200E+02    1.59955E-01    8.52182E-01
    3.00300E+02    1.60468E-01    8.51745E-01
    3.00400E+02    1.61393E-01    8.50958E-01
    3.00500E+02    1.63310E-01    8.49328E-01
    3.00600E+02    1.69234E-01    8.44311E-01
    3.00700E+02    1.92454E-01    8.24932E-01
    3.00800E+02    1.67390E-01    8.45870E-01
    3.00900E+02    1.64294E-01    8.48493E-01
    3.01000E+02    1.63655E-01    8.49035E-01
    3.01100E+02    1.63764E-01    8.48942E-01
    3.01200E+02    1.64396E-01    8.48406E-01
    3.01300E+02    1.65628E-01    8.47362E-01
    3.01400E+02    1.67728E-01    8.45584E-01
    3.01500E+02    1.71544E-01    8.42363E-01
    3.01600E+02    1.79676E-01    8.35541E-01
    3.01700E+02    2.03231E-01    8.16089E-01
    3.01800E+02    3.69103E-01    6.91354E-01
    3.01900E+02    2.17867E-01    8.04232E-01
    3.02000E+02    1.84343E-01    8.31651E-01
    3.02100E+02    1.74546E-01    8.39838E-01
    3.02200E+02    1.70506E-01    8.43238E-01
    3.02300E+02    1.68604E-01    8.44844E-01
    3.02400E+02    1.67723E-01    8.45588E-01
    3.02500E+02    1.67514E-01    8.45765E-01
    3.02600E+02    1.67653E-01    8.45648E-01
    3.02700E+02    1.68214E-01    8.45173E-01
    3.02800E+02    1.69516E-01    8.44073E-01
    3.02900E+02    1.72283E-01    8.41741E-01
    3.03000E+02    1.79158E-01    8.35974E-01
    3.03100E+02    2.04520E-01    8.15039E-01
    3.03200E+02    2.29623E-01    7.94833E-01
    3.03300E+02    1.83417E-01    8.32421E-01
    3.03400E+02    1.74362E-01    8.39992E-01
    3.03500E+02    1.71239E-01    8.42620E-01
    3.03600E+02    1.70077E-01    8.43600E-01
    3.03700E+02    1.69020E-01    8.44492E-01
    3.03800E+02    1.68663E-01    8.44793E-01
    3.03900E+02    1.68582E-01    8.44862E-01
    3.04000E+02    1.68596E-01    8.44850E-01
    3.04100E+02    1.68720E-01    8.44745E-01
    3.04200E+02    1.68929E-01    8.44569E-01
    3.04300E+02    1.69205E-01    8.44336E-01
    3.04400E+02    1.69550E-01    8.44044E-01
    3.04500E+02    1.69974E-01    8.43686E-01
    3.04600E+02    1.70511E-01    8.43234E-01
    3.04700E+02    1.71263E-01    8.42600E-01
    3.04800E+02    1.72932E-01    8.41195E-01
    3.04900E+02    1.72128E-01    8.41872E-01
    3.05000E+02    1.71692E-01    8.42239E-01
    3.05100E+02    1.71613E-01    8.42305E-01
    3.05200E+02    1.71592E-01    8.42322E-01
    3.05300E+02    1.71671E-01    8.42256E-01
    3.05400E+02    1.71805E-01    8.42143E-01
    3.05500E+02    1.71975E-01    8.42000E-01
    3.05600E+02    1.72177E-01    8.41830E-01
    3.05700E+02    1.72399E-01    8.41643E-01
    3.05800E+02    1.72641E-01    8.41439E-01
    3.05900E+02    1.72915E-01    8.41209E-01
    3.06000E+02    1.73210E-01    8.40961E-01
    3.06100E+02    1.73461E-01    8.40750E-01
    3.06200E+02    1.73752E-01    8.40505E-01
    3.06300E+02    1.74053E-01    8.40252E-01
    3.06400E+02    1.74373E-01    8.39983E-01
    3.06500E+02    1.74682E-01    8.39724E-01
    3.06600E+02    1.75010E-01    8.39448E-01
    3.06700E+02    1.75350E-01    8.39163E-01
    3.06800E+02    1.75705E-01    8.38865E-01
    3.06900E+02    1.76138E-01    8.38502E-01
    3.07000E+02    1.76445E-01    8.38245E-01
    3.07100E+02    1.76776E-01    8.37968E-01
    3.07200E+02    1.77154E-01    8.37651E-01
    3.07300E+02    1.77678E-01    8.37212E-01
    3.07400E+02    1.78148E-01    8.36819E-01
    3.07500E+02    1.78717E-01    8.36343E-01
    3.07600E+02    1.78898E-01    8.36191E-01
    3.07700E+02    1.79242E-01    8.35904E-01
    3.07800E+02    1.79635E-01    8.35575E-01
    3.07900E+02    1.80051E-01    8.35228E-01
    3.08000E+02    1.80467E-01    8.34880E-01
    3.08100E+02    1.80899E-01    8.34520E-01
    3.08200E+02    1.81349E-01    8.34144E-01
    3.08300E+02    1.81821E-01    8.33751E-01
    3.08400E+02    1.82346E-01    8.33313E-01
    3.08500E+02    1.83132E-01    8.32658E-01
    3.08600E+02    1.84021E-01    8.31918E-01
    3.08700E+02    1.83855E-01    8.32057E-01
    3.08800E+02    1.84374E-01    8.31625E-01
    3.08900E+02    1.84913E-01    8.31176E-01
    3.09000E+02    1.85233E-01    8.30911E-01
    3.09100E+02    1.85738E-01    8.30491E-01
    3.09200E+02    1.86330E-01    8.30000E-01
    3.09300E+02    1.86924E-01    8.29507E-01
    3.09400E+02    1.87663E-01    8.28894E-01
    3.09500E+02    1.88111E-01    8.28523E-01
    3.09600E+02    1.88812E-01    8.27942E-01
    3.09700E+02    1.89681E-01    8.27223E-01
    3.09800E+02    1.90917E-01    8.26201E-01
    3.09900E+02    1.93045E-01    8.24445E-01
    3.10000E+02    1.99795E-01    8.18899E-01
    3.10100E+02    2.05922E-01    8.13897E-01
    3.10200E+02    1.95630E-01    8.22316E-01
    3.10300E+02    1.94185E-01    8.23506E-01
    3.10400E+02    1.93904E-01    8.23737E-01
    3.10500E+02    1.94117E-01    8.23562E-01
    3.10600E+02    1.94496E-01    8.23249E-01
    3.10700E+02    1.94966E-01    8.22863E-01
    3.10800E+02    1.95488E-01    8.22433E-01
    3.10900E+02    1.96046E-01    8.21974E-01
    3.11000E+02    1.96638E-01    8.21488E-01
    3.11100E+02    1.97309E-01    8.20937E-01
    3.11200E+02    1.97897E-01    8.20455E-01
    3.11300E+02    1.98495E-01    8.19964E-01
    3.11400E+02    1.99142E-01    8.19433E-01
    3.11500E+02    1.99823E-01    8.18875E-01
    3.11600E+02    2.00602E-01    8.18238E-01
    3.11700E+02    2.01299E-01    8.17668E-01
    3.11800E+02    2.01953E-01    8.17134E-01
    3.11900E+02    2.02655E-01    8.16560E-01
    3.12000E+02    2.03412E-01    8.15942E-01
    3.12100E+02    2.04193E-01    8.15305E-01
    3.12200E+02    2.04995E-01    8.14651E-01
    3.12300E+02    2.05824E-01    8.13977E-01
    3.12400E+02    2.06681E-01    8.13279E-01
    3.12500E+02    2.07610E-01    8.12524E-01
    3.12600E+02    2.08526E-01    8.11780E-01
    3.12700E+02    2.09364E-01    8.11100E-01
    3.12800E+02    2.10303E-01    8.10338E-01
    3.12900E+02    2.11539E-01    8.09337E-01
    3.13000E+02    2.12249E-01    8.08763E-01
    3.13100E+02    2.13218E-01    8.07980E-01
    3.13200E+02    2.14169E-01    8.07212E-01
    3.13300E+02    2.15200E-01    8.06380E-01
    3.13400E+02    2.16280E-01    8.05510E-01
    3.13500E+02    2.17431E-01    8.04583E-01
    3.13600E+02    2.18743E-01    8.03528E-01
    3.13700E+02    2.19575E-01    8.02860E-01
    3.13800E+02    2.20697E-01    8.01960E-01
    3.13900E+02    2.21913E-01    8.00985E-01
    3.14000E+02    2.23693E-01    7.99561E-01
    3.14100E+02    2.24221E-01    7.99138E-01
    3.14200E+02    2.25376E-01    7.98216E-01
    3.14300E+02    2.26611E-01    7.97231E-01
    3.14400E+02    2.27896E-01    7.96207E-01
    3.14500E+02    2.29229E-01    7.95147E-01
    3.14600E+02    2.30614E-01    7.94046E-01
    3.14700E+02    2.32057E-01    7.92901E-01
    3.14800E+02    2.33569E-01    7.91703E-01
    3.14900E+02    2.35158E-01    7.90446E-01
    3.15000E+02    2.36846E-01    7.89112E-01
    3.15100E+02    2.38686E-01    7.87662E-01
    3.15200E+02    2.40610E-01    7.86148E-01
    3.15300E+02    2.42781E-01    7.84443E-01
    3.15400E+02    2.45309E-01    7.82463E-01
    3.15500E+02    2.48459E-01    7.80002E-01
    3.15600E+02    2.52908E-01    7.76539E-01
    3.15700E+02    2.60903E-01    7.70355E-01
    3.15800E+02    2.84673E-01    7.52260E-01
    3.15900E+02    3.36062E-01    7.14579E-01
    3.16000E+02    2.77529E-01    7.57653E-01
    3.16100E+02    2.73958E-01    7.60364E-01
    3.16200E+02    2.85193E-01    7.51869E-01
    3.16300E+02    3.55815E-01    7.00602E-01
    3.16400E+02    3.07391E-01    7.35363E-01
    3.16500E+02    2.82297E-01    7.54050E-01
    3.16600E+02    2.78755E-01    7.56725E-01
    3.16700E+02    2.85510E-01    7.51631E-01
    3.16800E+02    2.77512E-01    7.57666E-01
    3.16900E+02    2.78117E-01    7.57208E-01
    3.17000E+02    2.80444E-01    7.55449E-01
    3.17100E+02    2.84973E-01    7.52035E-01
    3.17200E+02    3.04694E-01    7.37349E-01
    3.17300E+02    2.89610E-01    7.48556E-01
    3.17400E+02    2.90332E-01    7.48015E-01
    3.17500E+02    2.92651E-01    7.46282E-01
    3.17600E+02    2.95529E-01    7.44138E-01
    3.17700E+02    2.98731E-01    7.41759E-01
    3.17800E+02    3.02151E-01    7.39227E-01
    3.17900E+02    3.05753E-01    7.36569E-01
    3.18000E+02    3.09565E-01    7.33766E-01
    3.18100E+02    3.13621E-01    7.30796E-01
    3.18200E+02    3.17788E-01    7.27757E-01
    3.18300E+02    3.22204E-01    7.24550E-01
    3.18400E+02    3.26851E-01    7.21191E-01
    3.18500E+02    3.31759E-01    7.17660E-01
    3.18600E+02    3.36816E-01    7.14040E-01
    3.18700E+02    3.42193E-01    7.10211E-01
    3.18800E+02    3.47853E-01    7.06203E-01
    3.18900E+02    3.53818E-01    7.02003E-01
    3.19000E+02    3.60109E-01    6.97600E-01
    3.19100E+02    3.66774E-01    6.92966E-01
    3.19200E+02    3.73926E-01    6.88028E-01
    3.19300E+02    3.81442E-01    6.82876E-01
    3.19400E+02    3.89599E-01    6.77328E-01
    3.19500E+02    3.98176E-01    6.71544E-01
    3.19600E+02    4.07817E-01    6.65101E-01
    3.19700E+02    4.19033E-01    6.57683E-01
    3.19800E+02    4.33644E-01    6.48143E-01
    3.19900E+02    4.60166E-01    6.31179E-01
    3.20000E+02    6.07032E-01    5.44966E-01
    3.20100E+02    4.80020E-01    6.18771E-01
    3.20200E+02    4.76900E-01    6.20705E-01
    3.20300E+02    4.84647E-01    6.15914E-01
    3.20400E+02    4.95740E-01    6.09120E-01
    3.20500E+02    5.08405E-01    6.01454E-01
    3.20600E+02    5.22293E-01    5.93159E-01
    3.20700E+02    5.36980E-01    5.84511E-01
    3.20800E+02    5.52417E-01    5.75557E-01
    3.20900E+02    5.68429E-01    5.66414E-01
    3.21000E+02    5.84919E-01    5.57151E-01
    3.21100E+02    6.01822E-01    5.47813E-01
    3.21200E+02    6.18826E-01    5.38576E-01
    3.21300E+02    6.36114E-01    5.29346E-01
    3.21400E+02    6.53861E-01    5.20034E-01
    3.21500E+02    6.72356E-01    5.10504E-01
    3.21600E+02    6.91609E-01    5.00770E-01
    3.21700E+02    7.12131E-01    4.90597E-01
    3.21800E+02    7.34123E-01    4.79926E-01
    3.21900E+02    7.57980E-01    4.68612E-01
    3.22000E+02    7.86174E-01    4.55585E-01
    3.22100E+02    8.11825E-01    4.44047E-01
    3.22200E+02    8.41245E-01    4.31173E-01
    3.22300E+02    8.73340E-01    4.17554E-01
    3.22400E+02    9.08512E-01    4.03124E-01
    3.22500E+02    9.46748E-01    3.88001E-01
    3.22600E+02    9.88269E-01    3.72220E-01
    3.22700E+02    1.03353E+00    3.55748E-01
    3.22800E+02    1.08227E+00    3.38824E-01
    3.22900E+02    1.13543E+00    3.21284E-01
    3.23000E+02    1.19318E+00    3.03256E-01
    3.23100E+02    1.25589E+00    2.84822E-01
    3.23200E+02    1.32399E+00    2.66071E-01
    3.23300E+02    1.39787E+00    2.47122E-01
    3.23400E+02    1.47800E+00    2.28093E-01
    3.23500E+02    1.56484E+00    2.09122E-01
    3.23600E+02    1.65897E+00    1.90335E-01
    3.23700E+02    1.76562E+00    1.71080E-01
    3.23800E+02    1.86877E+00    1.54314E-01
    3.23900E+02    1.98461E+00    1.37434E-01
    3.24000E+02    2.10843E+00    1.21429E-01
    3.24100E+02    2.23967E+00    1.06493E-01
    3.24200E+02    2.37788E+00    9.27473E-02
    3.24300E+02    2.52147E+00    8.03415E-02
    3.24400E+02    2.66888E+00    6.93300E-02
    3.24500E+02    2.81776E+00    5.97394E-02
    3.24600E+02    2.96490E+00    5.15658E-02
    3.24700E+02    3.10595E+00    4.47820E-02
    3.24800E+02    3.23560E+00    3.93367E-02
    3.24900E+02    3.34762E+00    3.51678E-02
    3.25000E+02    3.43441E+00    3.22446E-02
    3.25100E+02    3.48744E+00    3.05791E-02
    3.25200E+02    3.49103E+00    3.04694E-02
    3.25300E+02    3.44400E+00    3.19368E-02
    3.25400E+02    3.36262E+00    3.46442E-02
    3.25500E+02    3.25508E+00    3.85779E-02
    3.25600E+02    3.12930E+00    4.37485E-02
    3.25700E+02    2.99120E+00    5.02271E-02
    3.25800E+02    2.84661E+00    5.80407E-02
    3.25900E+02    2.69961E+00    6.72320E-02
    3.26000E+02    2.55366E+00    7.77961E-02
    3.26100E+02    2.41111E+00    8.97153E-02
    3.26200E+02    2.27378E+00    1.02922E-01
    3.26300E+02    2.14334E+00    1.17262E-01
    3.26400E+02    2.02132E+00    1.32481E-01
    3.26500E+02    1.90839E+00    1.48318E-01
    3.26600E+02    1.80069E+00    1.65185E-01
    3.26700E+02    1.70813E+00    1.81204E-01
    3.26800E+02    1.64337E+00    1.93326E-01
    3.26900E+02    1.82647E+00    1.60981E-01
    3.27000E+02    1.47494E+00    2.28793E-01
    3.27100E+02    1.36872E+00    2.54433E-01
    3.27200E+02    1.28921E+00    2.75490E-01
    3.27300E+02    1.22050E+00    2.95082E-01
    3.27400E+02    1.15884E+00    3.13851E-01
    3.27500E+02    1.10284E+00    3.31926E-01
    3.27600E+02    1.05208E+00    3.49209E-01
    3.27700E+02    1.00781E+00    3.65017E-01
    3.27800E+02    9.76300E-01    3.76702E-01
    3.27900E+02    9.32243E-01    3.93670E-01
    3.28000E+02    8.83634E-01    4.13278E-01
    3.28100E+02    8.45895E-01    4.29173E-01
    3.28200E+02    8.12267E-01    4.43851E-01
    3.28300E+02    7.81391E-01    4.57769E-01
    3.28400E+02    7.52826E-01    4.71034E-01
    3.28500E+02    7.26374E-01    4.83660E-01
    3.28600E+02    7.01591E-01    4.95796E-01
    3.28700E+02    6.78494E-01    5.07381E-01
    3.28800E+02    6.56975E-01    5.18417E-01
    3.28900E+02    6.36813E-01    5.28975E-01
    3.29000E+02    6.17965E-01    5.39040E-01
    3.29100E+02    6.00362E-01    5.48613E-01
    3.29200E+02    5.83700E-01    5.57830E-01
    3.29300E+02    5.68211E-01    5.66538E-01
    3.29400E+02    5.53397E-01    5.74993E-01
    3.29500E+02    5.39580E-01    5.82993E-01
    3.29600E+02    5.26685E-01    5.90560E-01
    3.29700E+02    5.14478E-01    5.97813E-01
    3.29800E+02    5.03770E-01    6.04248E-01
    3.29900E+02    4.91830E-01    6.11506E-01
    3.30000E+02    4.81359E-01    6.17943E-01
    3.30100E+02    4.71541E-01    6.24040E-01
    3.30200E+02    4.62268E-01    6.29853E-01
    3.30300E+02    4.53483E-01    6.35411E-01
    3.30400E+02    4.45165E-01    6.40718E-01
    3.30500E+02    4.37260E-01    6.45803E-01
    3.30600E+02    4.29783E-01    6.50650E-01
    3.30700E+02    4.22677E-01    6.55290E-01
    3.30800E+02    4.15915E-01    6.59737E-01
    3.30900E+02    4.09508E-01    6.63977E-01
    3.31000E+02    4.03454E-01    6.68009E-01
    3.31100E+02    3.97665E-01    6.71887E-01
    3.31200E+02    3.92120E-01    6.75623E-01
    3.31300E+02    3.86884E-01    6.79170E-01
    3.31400E+02    3.81920E-01    6.82550E-01
    3.31500E+02    3.77241E-01    6.85751E-01
    3.31600E+02    3.72821E-01    6.88789E-01
    3.31700E+02    3.68710E-01    6.91626E-01
    3.31800E+02    3.65503E-01    6.93847E-01
    3.31900E+02    3.61084E-01    6.96921E-01
    3.32000E+02    3.57671E-01    6.99303E-01
    3.32100E+02    3.54868E-01    7.01266E-01
    3.32200E+02    3.52303E-01    7.03067E-01
    3.32300E+02    3.50752E-01    7.04159E-01
    3.32400E+02    3.50875E-01    7.04072E-01
    3.32500E+02    3.54998E-01    7.01175E-01
    3.32600E+02    3.73160E-01    6.88555E-01
    3.32700E+02    5.42447E-01    5.81324E-01
    3.32800E+02    3.86495E-01    6.79434E-01
    3.32900E+02    3.98055E-01    6.71625E-01
    3.33000E+02    3.45239E-01    7.08051E-01
    3.33100E+02    3.32805E-01    7.16910E-01
    3.33200E+02    3.26355E-01    7.21549E-01
    3.33300E+02    3.21963E-01    7.24725E-01
    3.33400E+02    3.18540E-01    7.27210E-01
    3.33500E+02    3.15621E-01    7.29336E-01
    3.33600E+02    3.13074E-01    7.31196E-01
    3.33700E+02    3.10755E-01    7.32893E-01
    3.33800E+02    3.08647E-01    7.34440E-01
    3.33900E+02    3.06758E-01    7.35829E-01
    3.34000E+02    3.04967E-01    7.37148E-01
    3.34100E+02    3.03030E-01    7.38577E-01
    3.34200E+02    3.01327E-01    7.39836E-01
    3.34300E+02    2.99756E-01    7.40999E-01
    3.34400E+02    2.98251E-01    7.42115E-01
    3.34500E+02    2.96857E-01    7.43150E-01
    3.34600E+02    2.95548E-01    7.44124E-01
    3.34700E+02    2.94353E-01    7.45013E-01
    3.34800E+02    2.93273E-01    7.45818E-01
    3.34900E+02    2.92416E-01    7.46458E-01
    3.35000E+02    2.91966E-01    7.46794E-01
    3.35100E+02    2.92646E-01    7.46286E-01
    3.35200E+02    2.98104E-01    7.42224E-01
    3.35300E+02    3.08221E-01    7.34753E-01
    3.35400E+02    2.91018E-01    7.47502E-01
    3.35500E+02    2.87206E-01    7.50357E-01
    3.35600E+02    2.85349E-01    7.51752E-01
    3.35700E+02    2.84357E-01    7.52498E-01
    3.35800E+02    2.82709E-01    7.53739E-01
    3.35900E+02    2.82087E-01    7.54208E-01
    3.36000E+02    2.80671E-01    7.55277E-01
    3.36100E+02    2.79714E-01    7.56000E-01
    3.36200E+02    2.79235E-01    7.56362E-01
    3.36300E+02    2.78007E-01    7.57292E-01
    3.36400E+02    2.77168E-01    7.57927E-01
    3.36500E+02    2.76401E-01    7.58509E-01
    3.36600E+02    2.75684E-01    7.59053E-01
    3.36700E+02    2.74993E-01    7.59577E-01
    3.36800E+02    2.74341E-01    7.60073E-01
    3.36900E+02    2.73730E-01    7.60538E-01
    3.37000E+02    2.73130E-01    7.60994E-01
    3.37100E+02    2.72690E-01    7.61329E-01
    3.37200E+02    2.72144E-01    7.61745E-01
    3.37300E+02    2.71580E-01    7.62174E-01
    3.37400E+02    2.71078E-01    7.62557E-01
    3.37500E+02    2.70743E-01    7.62812E-01
    3.37600E+02    2.70629E-01    7.62900E-01
    3.37700E+02    2.69942E-01    7.63424E-01
    3.37800E+02    2.69290E-01    7.63922E-01
    3.37900E+02    2.68837E-01    7.64268E-01
    3.38000E+02    2.68443E-01    7.64569E-01
    3.38100E+02    2.68092E-01    7.64837E-01
    3.38200E+02    2.67757E-01    7.65094E-01
    3.38300E+02    2.67510E-01    7.65283E-01
    3.38400E+02    2.67208E-01    7.65513E-01
    3.38500E+02    2.66928E-01    7.65729E-01
    3.38600E+02    2.66819E-01    7.65811E-01
    3.38700E+02    2.67937E-01    7.64956E-01
    3.38800E+02    2.66549E-01    7.66019E-01
    3.38900E+02    2.66002E-01    7.66437E-01
    3.39000E+02    2.65661E-01    7.66699E-01
    3.39100E+02    2.65416E-01    7.66887E-01
    3.39200E+02    2.65208E-01    7.67047E-01
    3.39300E+02    2.65021E-01    7.67190E-01
    3.39400E+02    2.64852E-01    7.67319E-01
    3.39500E+02    2.64697E-01    7.67438E-01
    3.39600E+02    2.64558E-01    7.67545E-01
    3.39700E+02    2.64432E-01    7.67642E-01
    3.39800E+02    2.64334E-01    7.67717E-01
    3.39900E+02    2.64256E-01    7.67777E-01
    3.40000E+02    2.64134E-01    7.67870E-01
    3.40100E+02    2.64050E-01    7.67935E-01
    3.40200E+02    2.63982E-01    7.67988E-01
    3.40300E+02    2.63926E-01    7.68031E-01
    3.40400E+02    2.63885E-01    7.68062E-01
    3.40500E+02    2.63870E-01    7.68073E-01
    3.40600E+02    2.63943E-01    7.68017E-01
    3.40700E+02    2.64241E-01    7.67788E-01
    3.40800E+02    2.63851E-01    7.68088E-01
    3.40900E+02    2.63808E-01    7.68121E-01
    3.41000E+02    2.63805E-01    7.68123E-01
    3.41100E+02    2.63822E-01    7.68110E-01
    3.41200E+02    2.63852E-01    7.68087E-01
    3.41300E+02    2.63894E-01    7.68055E-01
    3.41400E+02    2.63947E-01    7.68014E-01
    3.41500E+02    2.64014E-01    7.67963E-01
    3.41600E+02    2.64094E-01    7.67901E-01
    3.41700E+02    2.64192E-01    7.67826E-01
    3.41800E+02    2.64335E-01    7.67716E-01
    3.41900E+02    2.64652E-01    7.67473E-01
    3.42000E+02    2.64628E-01    7.67492E-01
    3.42100E+02    2.65237E-01    7.67024E-01
    3.42200E+02    2.64914E-01    7.67272E-01
    3.42300E+02    2.65082E-01    7.67143E-01
    3.42400E+02    2.65302E-01    7.66975E-01
    3.42500E+02    2.65611E-01    7.66737E-01
    3.42600E+02    2.65900E-01    7.66515E-01
    3.42700E+02    2.66358E-01    7.66165E-01
    3.42800E+02    2.67039E-01    7.65643E-01
    3.42900E+02    2.68128E-01    7.64810E-01
    3.43000E+02    2.70360E-01    7.63105E-01
    3.43100E+02    2.76841E-01    7.58175E-01
    3.43200E+02    3.03982E-01    7.37874E-01
    3.43300E+02    2.85280E-01    7.51804E-01
    3.43400E+02    2.75158E-01    7.59452E-01
    3.43500E+02    2.84928E-01    7.52069E-01
    3.43600E+02    2.71603E-01    7.62157E-01
    3.43700E+02    2.69373E-01    7.63858E-01
    3.43800E+02    2.68653E-01    7.64409E-01
    3.43900E+02    2.68407E-01    7.64597E-01
    3.44000E+02    2.68305E-01    7.64674E-01
    3.44100E+02    2.68326E-01    7.64658E-01
    3.44200E+02    2.68410E-01    7.64594E-01
    3.44300E+02    2.68536E-01    7.64498E-01
    3.44400E+02    2.68701E-01    7.64372E-01
    3.44500E+02    2.68892E-01    7.64226E-01
    3.44600E+02    2.69126E-01    7.64047E-01
    3.44700E+02    2.69344E-01    7.63880E-01
    3.44800E+02    2.69628E-01    7.63664E-01
    3.44900E+02    2.69882E-01    7.63469E-01
    3.45000E+02    2.70068E-01    7.63328E-01
    3.45100E+02    2.70316E-01    7.63138E-01
    3.45200E+02    2.70584E-01    7.62934E-01
    3.45300E+02    2.70859E-01    7.62724E-01
    3.45400E+02    2.71147E-01    7.62504E-01
    3.45500E+02    2.71441E-01    7.62280E-01
    3.45600E+02    2.71745E-01    7.62049E-01
    3.45700E+02    2.72054E-01    7.61813E-01
    3.45800E+02    2.72370E-01    7.61572E-01
    3.45900E+02    2.72696E-01    7.61324E-01
    3.46000E+02    2.73028E-01    7.61072E-01
    3.46100E+02    2.73382E-01    7.60802E-01
    3.46200E+02    2.73727E-01    7.60540E-01
    3.46300E+02    2.74060E-01    7.60287E-01
    3.46400E+02    2.74421E-01    7.60012E-01
    3.46500E+02    2.74772E-01    7.59745E-01
    3.46600E+02    2.75159E-01    7.59452E-01
    3.46700E+02    2.75529E-01    7.59171E-01
    3.46800E+02    2.75950E-01    7.58851E-01
    3.46900E+02    2.76405E-01    7.58506E-01
    3.47000E+02    2.76716E-01    7.58270E-01
    3.47100E+02    2.77143E-01    7.57946E-01
    3.47200E+02    2.77783E-01    7.57461E-01
    3.47300E+02    2.78017E-01    7.57284E-01
    3.47400E+02    2.78328E-01    7.57048E-01
    3.47500E+02    2.78728E-01    7.56745E-01
    3.47600E+02    2.79168E-01    7.56413E-01
    3.47700E+02    2.79653E-01    7.56046E-01
    3.47800E+02    2.80465E-01    7.55432E-01
    3.47900E+02    2.80554E-01    7.55365E-01
    3.48000E+02    2.81038E-01    7.55000E-01
    3.48100E+02    2.81415E-01    7.54715E-01
    3.48200E+02    2.81869E-01    7.54372E-01
    3.48300E+02    2.82326E-01    7.54028E-01
    3.48400E+02    2.82810E-01    7.53663E-01
    3.48500E+02    2.83319E-01    7.53280E-01
    3.48600E+02    2.83895E-01    7.52846E-01
    3.48700E+02    2.84295E-01    7.52545E-01
    3.48800E+02    2.84806E-01    7.52160E-01
    3.48900E+02    2.85329E-01    7.51767E-01
    3.49000E+02    2.86127E-01    7.51167E-01
    3.49100E+02    2.86397E-01    7.50965E-01
    3.49200E+02    2.86940E-01    7.50557E-01
    3.49300E+02    2.87522E-01    7.50120E-01
    3.49400E+02    2.88181E-01    7.49626E-01
    3.49500E+02    2.89072E-01    7.48958E-01
    3.49600E+02    2.89994E-01    7.48268E-01
    3.49700E+02    2.92315E-01    7.46533E-01
    3.49800E+02    2.92424E-01    7.46452E-01
    3.49900E+02    2.91522E-01    7.47126E-01
