    1.49900E+02    4.00840E-02    9.60709E-01
    1.50000E+02    4.01581E-02    9.60638E-01
    1.50100E+02    4.02287E-02    9.60570E-01
    1.50200E+02    4.02483E-02    9.60551E-01
    1.50300E+02    4.03143E-02    9.60488E-01
    1.50400E+02    4.03516E-02    9.60452E-01
    1.50500E+02    4.04063E-02    9.60399E-01
    1.50600E+02    4.04650E-02    9.60343E-01
    1.50700E+02    4.05269E-02    9.60283E-01
    1.50800E+02    4.05887E-02    9.60224E-01
    1.50900E+02    4.06517E-02    9.60163E-01
    1.51000E+02    4.07155E-02    9.60102E-01
    1.51100E+02    4.07835E-02    9.60037E-01
    1.51200E+02    4.08467E-02    9.59976E-01
    1.51300E+02    4.09137E-02    9.59912E-01
    1.51400E+02    4.09798E-02    9.59848E-01
    1.51500E+02    4.10465E-02    9.59784E-01
    1.51600E+02    4.11153E-02    9.59718E-01
    1.51700E+02    4.11819E-02    9.59655E-01
    1.51800E+02    4.12490E-02    9.59590E-01
    1.51900E+02    4.13183E-02    9.59524E-01
    1.52000E+02    4.13867E-02    9.59458E-01
    1.52100E+02    4.14573E-02    9.59390E-01
    1.52200E+02    4.15223E-02    9.59328E-01
    1.52300E+02    4.15952E-02    9.59258E-01
    1.52400E+02    4.16684E-02    9.59188E-01
    1.52500E+02    4.17462E-02    9.59113E-01
    1.52600E+02    4.18209E-02    9.59042E-01
    1.52700E+02    4.19007E-02    9.58965E-01
    1.52800E+02    4.19825E-02    9.58887E-01
    1.52900E+02    4.20701E-02    9.58803E-01
    1.53000E+02    4.21666E-02    9.58710E-01
    1.53100E+02    4.22651E-02    9.58616E-01
    1.53200E+02    4.23684E-02    9.58517E-01
    1.53300E+02    4.24899E-02    9.58400E-01
    1.53400E+02    4.26405E-02    9.58256E-01
    1.53500E+02    4.28475E-02    9.58057E-01
    1.53600E+02    4.31751E-02    9.57744E-01
    1.53700E+02    4.43132E-02    9.56654E-01
    1.53800E+02    4.43246E-02    9.56643E-01
    1.53900E+02    4.61524E-02    9.54896E-01
    1.54000E+02    4.99670E-02    9.51261E-01
    1.54100E+02    4.80800E-02    9.53058E-01
    1.54200E+02    4.47645E-02    9.56223E-01
    1.54300E+02    4.39891E-02    9.56964E-01
    1.54400E+02    4.37034E-02    9.57238E-01
    1.54500E+02    4.36026E-02    9.57334E-01
    1.54600E+02    4.35832E-02    9.57353E-01
    1.54700E+02    4.36202E-02    9.57318E-01
    1.54800E+02    4.36619E-02    9.57278E-01
    1.54900E+02    4.37144E-02    9.57227E-01
    1.55000E+02    4.37815E-02    9.57163E-01
    1.55100E+02    4.38523E-02    9.57095E-01
    1.55200E+02    4.39283E-02    9.57023E-01
    1.55300E+02    4.40073E-02    9.56947E-01
    1.55400E+02    4.40918E-02    9.56866E-01
    1.55500E+02    4.41806E-02    9.56781E-01
    1.55600E+02    4.42739E-02    9.56692E-01
    1.55700E+02    4.43751E-02    9.56595E-01
    1.55800E+02    4.44897E-02    9.56485E-01
    1.55900E+02    4.46495E-02    9.56333E-01
    1.56000E+02    4.48954E-02    9.56097E-01
    1.56100E+02    4.65895E-02    9.54479E-01
    1.56200E+02    4.51240E-02    9.55879E-01
    1.56300E+02    4.50221E-02    9.55976E-01
    1.56400E+02    4.50786E-02    9.55922E-01
    1.56500E+02    4.52679E-02    9.55741E-01
    1.56600E+02    4.52398E-02    9.55768E-01
    1.56700E+02    4.53282E-02    9.55684E-01
    1.56800E+02    4.54076E-02    9.55608E-01
    1.56900E+02    4.55028E-02    9.55517E-01
    1.57000E+02    4.56176E-02    9.55407E-01
    1.57100E+02    4.57115E-02    9.55317E-01
    1.57200E+02    4.58370E-02    9.55198E-01
    1.57300E+02    4.60155E-02    9.55027E-01
    1.57400E+02    4.60328E-02    9.55011E-01
    1.57500E+02    4.61280E-02    9.54920E-01
    1.57600E+02    4.62335E-02    9.54819E-01
    1.57700E+02    4.63425E-02    9.54715E-01
    1.57800E+02    4.64526E-02    9.54610E-01
    1.57900E+02    4.65652E-02    9.54502E-01
    1.58000E+02    4.66799E-02    9.54393E-01
    1.58100E+02    4.67971E-02    9.54281E-01
    1.58200E+02    4.69149E-02    9.54169E-01
    1.58300E+02    4.70393E-02    9.54050E-01
    1.58400E+02    4.71712E-02    9.53924E-01
    1.58500E+02    4.73824E-02    9.53723E-01
    1.58600E+02    4.74719E-02    9.53637E-01
    1.58700E+02    4.75273E-02    9.53584E-01
    1.58800E+02    4.76432E-02    9.53474E-01
    1.58900E+02    4.77630E-02    9.53360E-01
    1.59000E+02    4.78879E-02    9.53241E-01
    1.59100E+02    4.80249E-02    9.53110E-01
    1.59200E+02    4.81647E-02    9.52977E-01
    1.59300E+02    4.82861E-02    9.52861E-01
    1.59400E+02    4.84090E-02    9.52744E-01
    1.59500E+02    4.85642E-02    9.52596E-01
    1.59600E+02    4.86814E-02    9.52485E-01
    1.59700E+02    4.88027E-02    9.52369E-01
    1.59800E+02    4.89414E-02    9.52237E-01
    1.59900E+02    4.90930E-02    9.52093E-01
    1.60000E+02    4.92299E-02    9.51962E-01
    1.60100E+02    4.93620E-02    9.51836E-01
    1.60200E+02    4.95048E-02    9.51701E-01
    1.60300E+02    4.96416E-02    9.51570E-01
    1.60400E+02    4.98007E-02    9.51419E-01
    1.60500E+02    4.99398E-02    9.51287E-01
    1.60600E+02    5.00831E-02    9.51150E-01
    1.60700E+02    5.02333E-02    9.51008E-01
    1.60800E+02    5.03835E-02    9.50865E-01
    1.60900E+02    5.05372E-02    9.50719E-01
    1.61000E+02    5.06946E-02    9.50569E-01
    1.61100E+02    5.08545E-02    9.50417E-01
    1.61200E+02    5.10192E-02    9.50260E-01
    1.61300E+02    5.11892E-02    9.50099E-01
    1.61400E+02    5.13407E-02    9.49955E-01
    1.61500E+02    5.15043E-02    9.49800E-01
    1.61600E+02    5.16709E-02    9.49641E-01
    1.61700E+02    5.18427E-02    9.49478E-01
    1.61800E+02    5.20136E-02    9.49316E-01
    1.61900E+02    5.21899E-02    9.49149E-01
    1.62000E+02    5.23659E-02    9.48982E-01
    1.62100E+02    5.25452E-02    9.48811E-01
    1.62200E+02    5.27273E-02    9.48639E-01
    1.62300E+02    5.29183E-02    9.48457E-01
    1.62400E+02    5.30982E-02    9.48287E-01
    1.62500E+02    5.32880E-02    9.48107E-01
    1.62600E+02    5.34811E-02    9.47924E-01
    1.62700E+02    5.36755E-02    9.47740E-01
    1.62800E+02    5.38751E-02    9.47550E-01
    1.62900E+02    5.40784E-02    9.47358E-01
    1.63000E+02    5.42870E-02    9.47160E-01
    1.63100E+02    5.45052E-02    9.46954E-01
    1.63200E+02    5.47588E-02    9.46713E-01
    1.63300E+02    5.49900E-02    9.46495E-01
    1.63400E+02    5.51590E-02    9.46335E-01
    1.63500E+02    5.53772E-02    9.46128E-01
    1.63600E+02    5.56109E-02    9.45907E-01
    1.63700E+02    5.58455E-02    9.45685E-01
    1.63800E+02    5.60924E-02    9.45452E-01
    1.63900E+02    5.63503E-02    9.45208E-01
    1.64000E+02    5.66234E-02    9.44950E-01
    1.64100E+02    5.69030E-02    9.44686E-01
    1.64200E+02    5.72095E-02    9.44396E-01
    1.64300E+02    5.75462E-02    9.44078E-01
    1.64400E+02    5.79297E-02    9.43716E-01
    1.64500E+02    5.83925E-02    9.43280E-01
    1.64600E+02    5.90103E-02    9.42697E-01
    1.64700E+02    6.00106E-02    9.41755E-01
    1.64800E+02    6.20427E-02    9.39843E-01
    1.64900E+02    6.88078E-02    9.33506E-01
    1.65000E+02    6.96645E-02    9.32707E-01
    1.65100E+02    6.31008E-02    9.38849E-01
    1.65200E+02    6.20356E-02    9.39849E-01
    1.65300E+02    6.21134E-02    9.39776E-01
    1.65400E+02    6.27902E-02    9.39140E-01
    1.65500E+02    6.42876E-02    9.37735E-01
    1.65600E+02    6.76997E-02    9.34541E-01
    1.65700E+02    7.88854E-02    9.24146E-01
    1.65800E+02    1.21370E-01    8.85706E-01
    1.65900E+02    7.41268E-02    9.28554E-01
    1.66000E+02    6.73377E-02    9.34879E-01
    1.66100E+02    6.52212E-02    9.36860E-01
    1.66200E+02    6.46833E-02    9.37364E-01
    1.66300E+02    6.40682E-02    9.37941E-01
    1.66400E+02    6.39575E-02    9.38045E-01
    1.66500E+02    6.40446E-02    9.37963E-01
    1.66600E+02    6.43489E-02    9.37678E-01
    1.66700E+02    6.43826E-02    9.37646E-01
    1.66800E+02    6.46066E-02    9.37436E-01
    1.66900E+02    6.48797E-02    9.37180E-01
    1.67000E+02    6.51880E-02    9.36891E-01
    1.67100E+02    6.55388E-02    9.36563E-01
    1.67200E+02    6.59253E-02    9.36201E-01
    1.67300E+02    6.63983E-02    9.35758E-01
    1.67400E+02    6.70587E-02    9.35140E-01
    1.67500E+02    6.85911E-02    9.33708E-01
    1.67600E+02    7.10917E-02    9.31376E-01
    1.67700E+02    6.84750E-02    9.33817E-01
    1.67800E+02    6.83147E-02    9.33966E-01
    1.67900E+02    6.85090E-02    9.33785E-01
    1.68000E+02    6.88154E-02    9.33499E-01
    1.68100E+02    6.91733E-02    9.33165E-01
    1.68200E+02    6.95583E-02    9.32806E-01
    1.68300E+02    6.99665E-02    9.32425E-01
    1.68400E+02    7.03904E-02    9.32030E-01
    1.68500E+02    7.08294E-02    9.31621E-01
    1.68600E+02    7.12848E-02    9.31197E-01
    1.68700E+02    7.17576E-02    9.30756E-01
    1.68800E+02    7.22663E-02    9.30283E-01
    1.68900E+02    7.29283E-02    9.29668E-01
    1.69000E+02    7.36900E-02    9.28960E-01
    1.69100E+02    7.37946E-02    9.28862E-01
    1.69200E+02    7.42262E-02    9.28462E-01
    1.69300E+02    7.47287E-02    9.27995E-01
    1.69400E+02    7.52493E-02    9.27512E-01
    1.69500E+02    7.57935E-02    9.27008E-01
    1.69600E+02    7.63623E-02    9.26480E-01
    1.69700E+02    7.69339E-02    9.25951E-01
    1.69800E+02    7.75591E-02    9.25372E-01
    1.69900E+02    7.81674E-02    9.24810E-01
    1.70000E+02    7.88374E-02    9.24190E-01
    1.70100E+02    7.93325E-02    9.23733E-01
    1.70200E+02    7.99597E-02    9.23154E-01
    1.70300E+02    8.07277E-02    9.22445E-01
    1.70400E+02    8.12607E-02    9.21953E-01
    1.70500E+02    8.19302E-02    9.21336E-01
    1.70600E+02    8.26192E-02    9.20702E-01
    1.70700E+02    8.33291E-02    9.20048E-01
    1.70800E+02    8.40565E-02    9.19379E-01
    1.70900E+02    8.48067E-02    9.18690E-01
    1.71000E+02    8.55865E-02    9.17974E-01
    1.71100E+02    8.63924E-02    9.17234E-01
    1.71200E+02    8.72282E-02    9.16468E-01
    1.71300E+02    8.81521E-02    9.15622E-01
    1.71400E+02    8.99378E-02    9.13988E-01
    1.71500E+02    8.98718E-02    9.14048E-01
    1.71600E+02    9.05875E-02    9.13394E-01
    1.71700E+02    9.14230E-02    9.12632E-01
    1.71800E+02    9.23193E-02    9.11814E-01
    1.71900E+02    9.32506E-02    9.10965E-01
    1.72000E+02    9.42105E-02    9.10091E-01
    1.72100E+02    9.51948E-02    9.09196E-01
    1.72200E+02    9.62087E-02    9.08274E-01
    1.72300E+02    9.72486E-02    9.07330E-01
    1.72400E+02    9.83187E-02    9.06360E-01
    1.72500E+02    9.94193E-02    9.05363E-01
    1.72600E+02    1.00551E-01    9.04339E-01
    1.72700E+02    1.01719E-01    9.03284E-01
    1.72800E+02    1.02936E-01    9.02185E-01
    1.72900E+02    1.04159E-01    9.01082E-01
    1.73000E+02    1.05441E-01    8.99928E-01
    1.73100E+02    1.06782E-01    8.98722E-01
    1.73200E+02    1.08213E-01    8.97437E-01
    1.73300E+02    1.09881E-01    8.95941E-01
    1.73400E+02    1.11940E-01    8.94098E-01
    1.73500E+02    1.16335E-01    8.90177E-01
    1.73600E+02    1.14526E-01    8.91789E-01
    1.73700E+02    1.15569E-01    8.90859E-01
    1.73800E+02    1.16981E-01    8.89602E-01
    1.73900E+02    1.18533E-01    8.88222E-01
    1.74000E+02    1.20177E-01    8.86763E-01
    1.74100E+02    1.21885E-01    8.85250E-01
    1.74200E+02    1.23669E-01    8.83672E-01
    1.74300E+02    1.25505E-01    8.82052E-01
    1.74400E+02    1.27414E-01    8.80369E-01
    1.74500E+02    1.29406E-01    8.78617E-01
    1.74600E+02    1.31458E-01    8.76816E-01
    1.74700E+02    1.33594E-01    8.74945E-01
    1.74800E+02    1.35843E-01    8.72979E-01
    1.74900E+02    1.38240E-01    8.70889E-01
    1.75000E+02    1.40901E-01    8.68576E-01
    1.75100E+02    1.44383E-01    8.65556E-01
    1.75200E+02    1.51612E-01    8.59322E-01
    1.75300E+02    1.50154E-01    8.60575E-01
    1.75400E+02    1.56046E-01    8.55520E-01
    1.75500E+02    1.57838E-01    8.53988E-01
    1.75600E+02    1.57342E-01    8.54412E-01
    1.75700E+02    1.59485E-01    8.52583E-01
    1.75800E+02    1.62208E-01    8.50264E-01
    1.75900E+02    1.65222E-01    8.47706E-01
    1.76000E+02    1.68418E-01    8.45000E-01
    1.76100E+02    1.71785E-01    8.42160E-01
    1.76200E+02    1.75319E-01    8.39190E-01
    1.76300E+02    1.79008E-01    8.36100E-01
    1.76400E+02    1.83034E-01    8.32740E-01
    1.76500E+02    1.86846E-01    8.29571E-01
    1.76600E+02    1.90993E-01    8.26138E-01
    1.76700E+02    1.95330E-01    8.22564E-01
    1.76800E+02    1.99873E-01    8.18835E-01
    1.76900E+02    2.04610E-01    8.14965E-01
    1.77000E+02    2.09562E-01    8.10940E-01
    1.77100E+02    2.14722E-01    8.06766E-01
    1.77200E+02    2.20115E-01    8.02427E-01
    1.77300E+02    2.25754E-01    7.97915E-01
    1.77400E+02    2.31672E-01    7.93207E-01
    1.77500E+02    2.37844E-01    7.88326E-01
    1.77600E+02    2.44324E-01    7.83234E-01
    1.77700E+02    2.51122E-01    7.77928E-01
    1.77800E+02    2.58253E-01    7.72400E-01
    1.77900E+02    2.65738E-01    7.66640E-01
    1.78000E+02    2.73590E-01    7.60644E-01
    1.78100E+02    2.81854E-01    7.54384E-01
    1.78200E+02    2.90544E-01    7.47857E-01
    1.78300E+02    2.99689E-01    7.41048E-01
    1.78400E+02    3.09344E-01    7.33928E-01
    1.78500E+02    3.19581E-01    7.26453E-01
    1.78600E+02    3.30515E-01    7.18554E-01
    1.78700E+02    3.41615E-01    7.10621E-01
    1.78800E+02    3.53488E-01    7.02235E-01
    1.78900E+02    3.66114E-01    6.93423E-01
    1.79000E+02    3.79492E-01    6.84209E-01
    1.79100E+02    3.93667E-01    6.74579E-01
    1.79200E+02    4.08699E-01    6.64514E-01
    1.79300E+02    4.24665E-01    6.53989E-01
    1.79400E+02    4.41605E-01    6.43004E-01
    1.79500E+02    4.59642E-01    6.31510E-01
    1.79600E+02    4.78823E-01    6.19512E-01
    1.79700E+02    4.99268E-01    6.06975E-01
    1.79800E+02    5.21066E-01    5.93887E-01
    1.79900E+02    5.44395E-01    5.80192E-01
    1.80000E+02    5.70330E-01    5.65339E-01
    1.80100E+02    5.95770E-01    5.51138E-01
    1.80200E+02    6.24077E-01    5.35756E-01
    1.80300E+02    6.54461E-01    5.19722E-01
    1.80400E+02    6.87053E-01    5.03056E-01
    1.80500E+02    7.22017E-01    4.85771E-01
    1.80600E+02    7.59568E-01    4.67869E-01
    1.80700E+02    7.99907E-01    4.49371E-01
    1.80800E+02    8.43263E-01    4.30304E-01
    1.80900E+02    8.89910E-01    4.10693E-01
    1.81000E+02    9.40140E-01    3.90573E-01
    1.81100E+02    9.94140E-01    3.70042E-01
    1.81200E+02    1.05228E+00    3.49142E-01
    1.81300E+02    1.11486E+00    3.27960E-01
    1.81400E+02    1.18224E+00    3.06592E-01
    1.81500E+02    1.25466E+00    2.85174E-01
    1.81600E+02    1.33245E+00    2.63830E-01
    1.81700E+02    1.41591E+00    2.42705E-01
    1.81800E+02    1.50528E+00    2.21955E-01
    1.81900E+02    1.60066E+00    2.01763E-01
    1.82000E+02    1.70228E+00    1.82267E-01
    1.82100E+02    1.81000E+00    1.63653E-01
    1.82200E+02    1.92407E+00    1.46012E-01
    1.82300E+02    2.04238E+00    1.29719E-01
    1.82400E+02    2.16570E+00    1.14670E-01
    1.82500E+02    2.29229E+00    1.01035E-01
    1.82600E+02    2.42073E+00    8.88567E-02
    1.82700E+02    2.54858E+00    7.81926E-02
    1.82800E+02    2.67299E+00    6.90456E-02
    1.82900E+02    2.79035E+00    6.13996E-02
    1.83000E+02    2.89602E+00    5.52427E-02
    1.83100E+02    2.98475E+00    5.05523E-02
    1.83200E+02    3.05009E+00    4.73549E-02
    1.83300E+02    3.08229E+00    4.58542E-02
    1.83400E+02    3.06576E+00    4.66183E-02
    1.83500E+02    3.01281E+00    4.91534E-02
    1.83600E+02    2.93440E+00    5.31627E-02
    1.83700E+02    2.83731E+00    5.85832E-02
    1.83800E+02    2.72740E+00    6.53892E-02
    1.83900E+02    2.60891E+00    7.36145E-02
    1.84000E+02    2.48590E+00    8.32509E-02
    1.84100E+02    2.36189E+00    9.42421E-02
    1.84200E+02    2.24068E+00    1.06386E-01
    1.84300E+02    2.13019E+00    1.18815E-01
    1.84400E+02    2.04092E+00    1.29910E-01
    1.84500E+02    1.89231E+00    1.50724E-01
    1.84600E+02    1.77952E+00    1.68719E-01
    1.84700E+02    1.68002E+00    1.86369E-01
    1.84800E+02    1.58262E+00    2.05436E-01
    1.84900E+02    1.48717E+00    2.26011E-01
    1.85000E+02    1.40127E+00    2.46284E-01
    1.85100E+02    1.32168E+00    2.66687E-01
    1.85200E+02    1.24766E+00    2.87177E-01
    1.85300E+02    1.17890E+00    3.07616E-01
    1.85400E+02    1.11490E+00    3.27949E-01
    1.85500E+02    1.05592E+00    3.47874E-01
    1.85600E+02    1.00076E+00    3.67600E-01
    1.85700E+02    9.48372E-01    3.87371E-01
    1.85800E+02    9.00262E-01    4.06463E-01
    1.85900E+02    8.55556E-01    4.25047E-01
    1.86000E+02    8.13947E-01    4.43106E-01
    1.86100E+02    7.75209E-01    4.60607E-01
    1.86200E+02    7.39078E-01    4.77554E-01
    1.86300E+02    7.05389E-01    4.93916E-01
    1.86400E+02    6.73937E-01    5.09698E-01
    1.86500E+02    6.44538E-01    5.24905E-01
    1.86600E+02    6.16992E-01    5.39565E-01
    1.86700E+02    5.91230E-01    5.53646E-01
    1.86800E+02    5.67115E-01    5.67159E-01
    1.86900E+02    5.44497E-01    5.80134E-01
    1.87000E+02    5.23298E-01    5.92563E-01
    1.87100E+02    5.03686E-01    6.04299E-01
    1.87200E+02    4.84821E-01    6.15807E-01
    1.87300E+02    4.66889E-01    6.26950E-01
    1.87400E+02    4.50200E-01    6.37501E-01
    1.87500E+02    4.34492E-01    6.47594E-01
    1.87600E+02    4.19717E-01    6.57233E-01
    1.87700E+02    4.05724E-01    6.66494E-01
    1.87800E+02    3.92574E-01    6.75316E-01
    1.87900E+02    3.80453E-01    6.83552E-01
    1.88000E+02    3.68159E-01    6.92007E-01
    1.88100E+02    3.56869E-01    6.99864E-01
    1.88200E+02    3.46207E-01    7.07366E-01
    1.88300E+02    3.36099E-01    7.14552E-01
    1.88400E+02    3.26505E-01    7.21441E-01
    1.88500E+02    3.17371E-01    7.28061E-01
    1.88600E+02    3.08694E-01    7.34406E-01
    1.88700E+02    3.00442E-01    7.40491E-01
    1.88800E+02    2.92616E-01    7.46309E-01
    1.88900E+02    2.85360E-01    7.51743E-01
    1.89000E+02    2.77994E-01    7.57301E-01
    1.89100E+02    2.71146E-01    7.62505E-01
    1.89200E+02    2.64615E-01    7.67502E-01
    1.89300E+02    2.58411E-01    7.72278E-01
    1.89400E+02    2.52429E-01    7.76912E-01
    1.89500E+02    2.46737E-01    7.81346E-01
    1.89600E+02    2.41303E-01    7.85603E-01
    1.89700E+02    2.36091E-01    7.89709E-01
    1.89800E+02    2.31087E-01    7.93671E-01
    1.89900E+02    2.26299E-01    7.97480E-01
    1.90000E+02    2.21709E-01    8.01149E-01
    1.90100E+02    2.17302E-01    8.04687E-01
    1.90200E+02    2.13078E-01    8.08093E-01
    1.90300E+02    2.09041E-01    8.11362E-01
    1.90400E+02    2.05158E-01    8.14519E-01
    1.90500E+02    2.01528E-01    8.17481E-01
    1.90600E+02    1.98185E-01    8.20218E-01
    1.90700E+02    1.94372E-01    8.23352E-01
    1.90800E+02    1.90982E-01    8.26148E-01
    1.90900E+02    1.87743E-01    8.28828E-01
    1.91000E+02    1.84638E-01    8.31405E-01
    1.91100E+02    1.81654E-01    8.33890E-01
    1.91200E+02    1.78776E-01    8.36293E-01
    1.91300E+02    1.76004E-01    8.38615E-01
    1.91400E+02    1.73335E-01    8.40856E-01
    1.91500E+02    1.70761E-01    8.43023E-01
    1.91600E+02    1.68281E-01    8.45116E-01
    1.91700E+02    1.65900E-01    8.47131E-01
    1.91800E+02    1.63712E-01    8.48986E-01
    1.91900E+02    1.61363E-01    8.50983E-01
    1.92000E+02    1.59190E-01    8.52834E-01
    1.92100E+02    1.57111E-01    8.54609E-01
    1.92200E+02    1.55131E-01    8.56303E-01
    1.92300E+02    1.53218E-01    8.57943E-01
    1.92400E+02    1.51321E-01    8.59572E-01
    1.92500E+02    1.49519E-01    8.61122E-01
    1.92600E+02    1.47802E-01    8.62602E-01
    1.92700E+02    1.46177E-01    8.64005E-01
    1.92800E+02    1.44590E-01    8.65377E-01
    1.92900E+02    1.43129E-01    8.66642E-01
    1.93000E+02    1.41799E-01    8.67796E-01
    1.93100E+02    1.40737E-01    8.68718E-01
    1.93200E+02    1.40279E-01    8.69116E-01
    1.93300E+02    1.43253E-01    8.66535E-01
    1.93400E+02    1.42176E-01    8.67468E-01
    1.93500E+02    1.36330E-01    8.72555E-01
    1.93600E+02    1.34062E-01    8.74536E-01
    1.93700E+02    1.32458E-01    8.75940E-01
    1.93800E+02    1.31085E-01    8.77143E-01
    1.93900E+02    1.29823E-01    8.78251E-01
    1.94000E+02    1.28621E-01    8.79307E-01
    1.94100E+02    1.27452E-01    8.80336E-01
    1.94200E+02    1.26322E-01    8.81331E-01
    1.94300E+02    1.25234E-01    8.82290E-01
    1.94400E+02    1.24178E-01    8.83223E-01
    1.94500E+02    1.23185E-01    8.84100E-01
    1.94600E+02    1.22261E-01    8.84918E-01
    1.94700E+02    1.21421E-01    8.85661E-01
    1.94800E+02    1.20700E-01    8.86300E-01
    1.94900E+02    1.20161E-01    8.86778E-01
    1.95000E+02    1.19931E-01    8.86982E-01
    1.95100E+02    1.20303E-01    8.86652E-01
    1.95200E+02    1.22113E-01    8.85048E-01
    1.95300E+02    1.28556E-01    8.79364E-01
    1.95400E+02    1.66590E-01    8.46547E-01
    1.95500E+02    1.41128E-01    8.68378E-01
    1.95600E+02    1.24629E-01    8.82824E-01
    1.95700E+02    1.29021E-01    8.78955E-01
    1.95800E+02    1.18291E-01    8.88438E-01
    1.95900E+02    1.13603E-01    8.92613E-01
    1.96000E+02    1.11446E-01    8.94540E-01
    1.96100E+02    1.10008E-01    8.95827E-01
    1.96200E+02    1.08890E-01    8.96829E-01
    1.96300E+02    1.07920E-01    8.97700E-01
    1.96400E+02    1.07100E-01    8.98436E-01
    1.96500E+02    1.06268E-01    8.99184E-01
    1.96600E+02    1.05524E-01    8.99853E-01
    1.96700E+02    1.04828E-01    9.00479E-01
    1.96800E+02    1.04169E-01    9.01073E-01
    1.96900E+02    1.03540E-01    9.01640E-01
    1.97000E+02    1.02927E-01    9.02193E-01
    1.97100E+02    1.02347E-01    9.02716E-01
    1.97200E+02    1.01782E-01    9.03227E-01
    1.97300E+02    1.01234E-01    9.03722E-01
    1.97400E+02    1.00719E-01    9.04187E-01
    1.97500E+02    1.00279E-01    9.04585E-01
    1.97600E+02    9.98189E-02    9.05001E-01
    1.97700E+02    9.92643E-02    9.05503E-01
    1.97800E+02    9.87638E-02    9.05957E-01
    1.97900E+02    9.83155E-02    9.06363E-01
    1.98000E+02    9.81046E-02    9.06554E-01
    1.98100E+02    9.74390E-02    9.07158E-01
    1.98200E+02    9.69971E-02    9.07559E-01
    1.98300E+02    9.65847E-02    9.07933E-01
    1.98400E+02    9.61907E-02    9.08291E-01
    1.98500E+02    9.58106E-02    9.08636E-01
    1.98600E+02    9.54491E-02    9.08965E-01
    1.98700E+02    9.50993E-02    9.09283E-01
    1.98800E+02    9.47736E-02    9.09579E-01
    1.98900E+02    9.44755E-02    9.09850E-01
    1.99000E+02    9.42320E-02    9.10072E-01
    1.99100E+02    9.41087E-02    9.10184E-01
    1.99200E+02    9.46695E-02    9.09674E-01
    1.99300E+02    9.51262E-02    9.09258E-01
    1.99400E+02    9.87892E-02    9.05934E-01
    1.99500E+02    9.36509E-02    9.10601E-01
    1.99600E+02    9.27073E-02    9.11460E-01
    1.99700E+02    9.21855E-02    9.11936E-01
    1.99800E+02    9.18162E-02    9.12273E-01
    1.99900E+02    9.15080E-02    9.12554E-01
    2.00000E+02    9.12362E-02    9.12802E-01
    2.00100E+02    9.09784E-02    9.13037E-01
    2.00200E+02    9.07422E-02    9.13253E-01
    2.00300E+02    9.05222E-02    9.13454E-01
    2.00400E+02    9.03155E-02    9.13643E-01
    2.00500E+02    9.01229E-02    9.13819E-01
    2.00600E+02    8.99439E-02    9.13982E-01
    2.00700E+02    8.97782E-02    9.14134E-01
    2.00800E+02    8.96289E-02    9.14270E-01
    2.00900E+02    8.94927E-02    9.14395E-01
    2.01000E+02    8.93724E-02    9.14505E-01
    2.01100E+02    8.92666E-02    9.14602E-01
    2.01200E+02    8.91787E-02    9.14682E-01
    2.01300E+02    8.91133E-02    9.14742E-01
    2.01400E+02    8.90964E-02    9.14757E-01
    2.01500E+02    8.90819E-02    9.14771E-01
    2.01600E+02    8.90166E-02    9.14830E-01
    2.01700E+02    8.90195E-02    9.14828E-01
    2.01800E+02    8.90532E-02    9.14797E-01
    2.01900E+02    8.91154E-02    9.14740E-01
    2.02000E+02    8.92062E-02    9.14657E-01
    2.02100E+02    8.93263E-02    9.14547E-01
    2.02200E+02    8.94844E-02    9.14402E-01
    2.02300E+02    8.96595E-02    9.14242E-01
    2.02400E+02    8.98722E-02    9.14048E-01
    2.02500E+02    9.01080E-02    9.13832E-01
    2.02600E+02    9.03796E-02    9.13584E-01
    2.02700E+02    9.06692E-02    9.13320E-01
    2.02800E+02    9.09769E-02    9.13039E-01
    2.02900E+02    9.12874E-02    9.12755E-01
    2.03000E+02    9.15879E-02    9.12481E-01
    2.03100E+02    9.18664E-02    9.12227E-01
    2.03200E+02    9.21048E-02    9.12010E-01
    2.03300E+02    9.23155E-02    9.11817E-01
    2.03400E+02    9.27548E-02    9.11417E-01
    2.03500E+02    9.26115E-02    9.11548E-01
    2.03600E+02    9.17245E-02    9.12357E-01
    2.03700E+02    9.11646E-02    9.12867E-01
    2.03800E+02    9.06118E-02    9.13372E-01
    2.03900E+02    9.00395E-02    9.13895E-01
    2.04000E+02    8.94945E-02    9.14393E-01
    2.04100E+02    8.88529E-02    9.14980E-01
    2.04200E+02    8.82734E-02    9.15511E-01
    2.04300E+02    8.77179E-02    9.16019E-01
    2.04400E+02    8.71893E-02    9.16504E-01
    2.04500E+02    8.66881E-02    9.16963E-01
    2.04600E+02    8.62181E-02    9.17394E-01
    2.04700E+02    8.57769E-02    9.17799E-01
    2.04800E+02    8.53701E-02    9.18172E-01
    2.04900E+02    8.49947E-02    9.18517E-01
    2.05000E+02    8.46363E-02    9.18846E-01
    2.05100E+02    8.43280E-02    9.19130E-01
    2.05200E+02    8.42253E-02    9.19224E-01
    2.05300E+02    8.37588E-02    9.19653E-01
    2.05400E+02    8.34762E-02    9.19913E-01
    2.05500E+02    8.32716E-02    9.20101E-01
    2.05600E+02    8.30693E-02    9.20287E-01
    2.05700E+02    8.28885E-02    9.20454E-01
    2.05800E+02    8.27932E-02    9.20542E-01
    2.05900E+02    8.28601E-02    9.20480E-01
    2.06000E+02    8.34206E-02    9.19964E-01
    2.06100E+02    8.74297E-02    9.16283E-01
    2.06200E+02    8.46624E-02    9.18822E-01
    2.06300E+02    8.25777E-02    9.20740E-01
    2.06400E+02    8.19504E-02    9.21318E-01
    2.06500E+02    8.19768E-02    9.21293E-01
    2.06600E+02    8.13741E-02    9.21849E-01
    2.06700E+02    8.11660E-02    9.22041E-01
    2.06800E+02    8.10065E-02    9.22188E-01
    2.06900E+02    8.08747E-02    9.22309E-01
    2.07000E+02    8.07571E-02    9.22418E-01
    2.07100E+02    8.06553E-02    9.22512E-01
    2.07200E+02    8.05682E-02    9.22592E-01
    2.07300E+02    8.05004E-02    9.22654E-01
    2.07400E+02    8.04794E-02    9.22674E-01
    2.07500E+02    8.06613E-02    9.22506E-01
    2.07600E+02    8.03538E-02    9.22790E-01
    2.07700E+02    8.03050E-02    9.22835E-01
    2.07800E+02    8.03001E-02    9.22839E-01
    2.07900E+02    8.03397E-02    9.22803E-01
    2.08000E+02    8.04389E-02    9.22711E-01
    2.08100E+02    8.06322E-02    9.22533E-01
    2.08200E+02    8.09873E-02    9.22205E-01
    2.08300E+02    8.16768E-02    9.21570E-01
    2.08400E+02    8.31588E-02    9.20205E-01
    2.08500E+02    8.71308E-02    9.16557E-01
    2.08600E+02    1.05625E-01    8.99762E-01
    2.08700E+02    9.97783E-02    9.05038E-01
    2.08800E+02    8.60186E-02    9.17577E-01
    2.08900E+02    8.25545E-02    9.20761E-01
    2.09000E+02    8.11341E-02    9.22070E-01
    2.09100E+02    8.04014E-02    9.22746E-01
    2.09200E+02    7.99622E-02    9.23151E-01
    2.09300E+02    7.96881E-02    9.23404E-01
    2.09400E+02    7.95448E-02    9.23537E-01
    2.09500E+02    7.97470E-02    9.23350E-01
    2.09600E+02    7.93681E-02    9.23700E-01
    2.09700E+02    7.91538E-02    9.23898E-01
    2.09800E+02    7.90667E-02    9.23978E-01
    2.09900E+02    7.90252E-02    9.24017E-01
    2.10000E+02    7.90353E-02    9.24007E-01
    2.10100E+02    7.91292E-02    9.23921E-01
    2.10200E+02    7.99349E-02    9.23176E-01
    2.10300E+02    7.96568E-02    9.23433E-01
    2.10400E+02    8.18590E-02    9.21402E-01
    2.10500E+02    8.05068E-02    9.22649E-01
    2.10600E+02    8.07208E-02    9.22451E-01
    2.10700E+02    8.33971E-02    9.19986E-01
    2.10800E+02    1.03239E-01    9.01911E-01
    2.10900E+02    8.29060E-02    9.20438E-01
    2.11000E+02    8.02101E-02    9.22922E-01
    2.11100E+02    7.93255E-02    9.23739E-01
    2.11200E+02    7.89107E-02    9.24122E-01
    2.11300E+02    7.86556E-02    9.24358E-01
    2.11400E+02    7.85000E-02    9.24502E-01
    2.11500E+02    7.83930E-02    9.24601E-01
    2.11600E+02    7.83132E-02    9.24675E-01
    2.11700E+02    7.82506E-02    9.24733E-01
    2.11800E+02    7.82012E-02    9.24778E-01
    2.11900E+02    7.81586E-02    9.24818E-01
    2.12000E+02    7.81255E-02    9.24848E-01
    2.12100E+02    7.81016E-02    9.24870E-01
    2.12200E+02    7.80751E-02    9.24895E-01
    2.12300E+02    7.80532E-02    9.24915E-01
    2.12400E+02    7.80370E-02    9.24930E-01
    2.12500E+02    7.80270E-02    9.24939E-01
    2.12600E+02    7.80262E-02    9.24940E-01
    2.12700E+02    7.80315E-02    9.24935E-01
    2.12800E+02    7.80395E-02    9.24928E-01
    2.12900E+02    7.80594E-02    9.24909E-01
    2.13000E+02    7.80036E-02    9.24961E-01
    2.13100E+02    7.79928E-02    9.24971E-01
    2.13200E+02    7.79924E-02    9.24971E-01
    2.13300E+02    7.79989E-02    9.24965E-01
    2.13400E+02    7.80078E-02    9.24957E-01
    2.13500E+02    7.80203E-02    9.24946E-01
    2.13600E+02    7.80390E-02    9.24928E-01
    2.13700E+02    7.80621E-02    9.24907E-01
    2.13800E+02    7.80967E-02    9.24875E-01
    2.13900E+02    7.81374E-02    9.24837E-01
    2.14000E+02    7.81920E-02    9.24787E-01
    2.14100E+02    7.82641E-02    9.24720E-01
    2.14200E+02    7.83634E-02    9.24628E-01
    2.14300E+02    7.85029E-02    9.24499E-01
    2.14400E+02    7.87087E-02    9.24309E-01
    2.14500E+02    7.90366E-02    9.24006E-01
    2.14600E+02    7.96020E-02    9.23484E-01
    2.14700E+02    8.07267E-02    9.22446E-01
    2.14800E+02    8.35566E-02    9.19839E-01
    2.14900E+02    9.52624E-02    9.09134E-01
    2.15000E+02    9.88902E-02    9.05842E-01
    2.15100E+02    8.41625E-02    9.19282E-01
    2.15200E+02    8.09784E-02    9.22214E-01
    2.15300E+02    7.97553E-02    9.23342E-01
    2.15400E+02    7.91657E-02    9.23887E-01
    2.15500E+02    7.88361E-02    9.24191E-01
    2.15600E+02    7.86389E-02    9.24374E-01
    2.15700E+02    7.85174E-02    9.24486E-01
    2.15800E+02    7.84384E-02    9.24559E-01
    2.15900E+02    7.84151E-02    9.24581E-01
    2.16000E+02    7.87115E-02    9.24307E-01
    2.16100E+02    7.84676E-02    9.24532E-01
    2.16200E+02    7.83198E-02    9.24669E-01
    2.16300E+02    7.82786E-02    9.24707E-01
    2.16400E+02    7.82750E-02    9.24710E-01
    2.16500E+02    7.82506E-02    9.24733E-01
    2.16600E+02    7.82473E-02    9.24736E-01
    2.16700E+02    7.82506E-02    9.24733E-01
    2.16800E+02    7.82638E-02    9.24720E-01
    2.16900E+02    7.83012E-02    9.24686E-01
    2.17000E+02    7.82818E-02    9.24704E-01
    2.17100E+02    7.82921E-02    9.24694E-01
    2.17200E+02    7.83121E-02    9.24676E-01
    2.17300E+02    7.83367E-02    9.24653E-01
    2.17400E+02    7.83813E-02    9.24612E-01
    2.17500E+02    7.86171E-02    9.24394E-01
    2.17600E+02    7.84326E-02    9.24564E-01
    2.17700E+02    7.84249E-02    9.24571E-01
    2.17800E+02    7.84485E-02    9.24550E-01
    2.17900E+02    7.84958E-02    9.24506E-01
    2.18000E+02    7.86003E-02    9.24409E-01
    2.18100E+02    7.93074E-02    9.23756E-01
    2.18200E+02    7.87425E-02    9.24278E-01
    2.18300E+02    7.86015E-02    9.24408E-01
    2.18400E+02    7.85814E-02    9.24427E-01
    2.18500E+02    7.85912E-02    9.24418E-01
    2.18600E+02    7.86146E-02    9.24396E-01
    2.18700E+02    7.86290E-02    9.24383E-01
    2.18800E+02    7.86526E-02    9.24361E-01
    2.18900E+02    7.86794E-02    9.24336E-01
    2.19000E+02    7.87167E-02    9.24302E-01
    2.19100E+02    7.87927E-02    9.24231E-01
    2.19200E+02    7.88256E-02    9.24201E-01
    2.19300E+02    7.90178E-02    9.24023E-01
    2.19400E+02    7.88938E-02    9.24138E-01
    2.19500E+02    7.88738E-02    9.24157E-01
    2.19600E+02    7.88985E-02    9.24134E-01
    2.19700E+02    7.89284E-02    9.24106E-01
    2.19800E+02    7.89721E-02    9.24066E-01
    2.19900E+02    7.90777E-02    9.23968E-01
    2.20000E+02    7.91068E-02    9.23941E-01
    2.20100E+02    7.90683E-02    9.23977E-01
    2.20200E+02    7.90886E-02    9.23958E-01
    2.20300E+02    7.91210E-02    9.23928E-01
    2.20400E+02    7.91550E-02    9.23897E-01
    2.20500E+02    7.91941E-02    9.23861E-01
    2.20600E+02    7.92446E-02    9.23814E-01
    2.20700E+02    7.94058E-02    9.23665E-01
    2.20800E+02    7.93469E-02    9.23719E-01
    2.20900E+02    7.93482E-02    9.23718E-01
    2.21000E+02    7.93818E-02    9.23687E-01
    2.21100E+02    7.94206E-02    9.23651E-01
    2.21200E+02    7.94723E-02    9.23604E-01
    2.21300E+02    7.96174E-02    9.23470E-01
    2.21400E+02    7.95740E-02    9.23510E-01
    2.21500E+02    7.95876E-02    9.23497E-01
    2.21600E+02    7.96235E-02    9.23464E-01
    2.21700E+02    7.96653E-02    9.23425E-01
    2.21800E+02    7.97090E-02    9.23385E-01
    2.21900E+02    7.97528E-02    9.23345E-01
    2.22000E+02    7.97993E-02    9.23302E-01
    2.22100E+02    7.98479E-02    9.23257E-01
    2.22200E+02    7.98978E-02    9.23211E-01
    2.22300E+02    7.99539E-02    9.23159E-01
    2.22400E+02    8.00563E-02    9.23064E-01
    2.22500E+02    8.00749E-02    9.23047E-01
    2.22600E+02    8.01039E-02    9.23020E-01
    2.22700E+02    8.01537E-02    9.22974E-01
    2.22800E+02    8.02074E-02    9.22925E-01
    2.22900E+02    8.02663E-02    9.22871E-01
    2.23000E+02    8.03440E-02    9.22799E-01
    2.23100E+02    8.04171E-02    9.22731E-01
    2.23200E+02    8.05332E-02    9.22624E-01
    2.23300E+02    8.06174E-02    9.22547E-01
    2.23400E+02    8.06464E-02    9.22520E-01
    2.23500E+02    8.06587E-02    9.22508E-01
    2.23600E+02    8.07197E-02    9.22452E-01
    2.23700E+02    8.07953E-02    9.22382E-01
    2.23800E+02    8.08903E-02    9.22295E-01
    2.23900E+02    8.12779E-02    9.21937E-01
    2.24000E+02    8.10456E-02    9.22152E-01
    2.24100E+02    8.11047E-02    9.22097E-01
    2.24200E+02    8.11865E-02    9.22022E-01
    2.24300E+02    8.12749E-02    9.21940E-01
    2.24400E+02    8.13739E-02    9.21849E-01
    2.24500E+02    8.14812E-02    9.21750E-01
    2.24600E+02    8.16127E-02    9.21629E-01
    2.24700E+02    8.18157E-02    9.21442E-01
    2.24800E+02    8.21660E-02    9.21119E-01
    2.24900E+02    8.22288E-02    9.21061E-01
    2.25000E+02    8.21664E-02    9.21119E-01
    2.25100E+02    8.22090E-02    9.21079E-01
    2.25200E+02    8.23364E-02    9.20962E-01
    2.25300E+02    8.24532E-02    9.20855E-01
    2.25400E+02    8.26143E-02    9.20706E-01
    2.25500E+02    8.28115E-02    9.20525E-01
    2.25600E+02    8.30650E-02    9.20291E-01
    2.25700E+02    8.34424E-02    9.19944E-01
    2.25800E+02    8.41616E-02    9.19283E-01
    2.25900E+02    8.56453E-02    9.17920E-01
    2.26000E+02    9.13827E-02    9.12668E-01
    2.26100E+02    9.24495E-02    9.11695E-01
    2.26200E+02    8.57148E-02    9.17856E-01
    2.26300E+02    8.42459E-02    9.19205E-01
    2.26400E+02    8.36814E-02    9.19724E-01
    2.26500E+02    8.34049E-02    9.19979E-01
    2.26600E+02    8.32464E-02    9.20124E-01
    2.26700E+02    8.31508E-02    9.20212E-01
    2.26800E+02    8.30944E-02    9.20264E-01
    2.26900E+02    8.30667E-02    9.20290E-01
    2.27000E+02    8.30159E-02    9.20336E-01
    2.27100E+02    8.29977E-02    9.20353E-01
    2.27200E+02    8.29889E-02    9.20361E-01
    2.27300E+02    8.29926E-02    9.20358E-01
    2.27400E+02    8.29994E-02    9.20352E-01
    2.27500E+02    8.30131E-02    9.20339E-01
    2.27600E+02    8.30336E-02    9.20320E-01
    2.27700E+02    8.30643E-02    9.20292E-01
    2.27800E+02    8.31017E-02    9.20258E-01
    2.27900E+02    8.31335E-02    9.20228E-01
    2.28000E+02    8.31647E-02    9.20200E-01
    2.28100E+02    8.32035E-02    9.20164E-01
    2.28200E+02    8.32499E-02    9.20121E-01
    2.28300E+02    8.33086E-02    9.20067E-01
    2.28400E+02    8.33590E-02    9.20021E-01
    2.28500E+02    8.34334E-02    9.19952E-01
    2.28600E+02    8.35000E-02    9.19891E-01
    2.28700E+02    8.35784E-02    9.19819E-01
    2.28800E+02    8.36663E-02    9.19738E-01
    2.28900E+02    8.37671E-02    9.19645E-01
    2.29000E+02    8.38890E-02    9.19533E-01
    2.29100E+02    8.40560E-02    9.19380E-01
    2.29200E+02    8.42484E-02    9.19203E-01
    2.29300E+02    8.45864E-02    9.18892E-01
    2.29400E+02    8.52944E-02    9.18242E-01
    2.29500E+02    8.77011E-02    9.16035E-01
    2.29600E+02    9.29919E-02    9.11201E-01
    2.29700E+02    8.63157E-02    9.17305E-01
    2.29800E+02    8.53252E-02    9.18214E-01
    2.29900E+02    8.50687E-02    9.18449E-01
    2.30000E+02    8.50466E-02    9.18469E-01
    2.30100E+02    8.50890E-02    9.18431E-01
    2.30200E+02    8.51960E-02    9.18332E-01
    2.30300E+02    8.53683E-02    9.18174E-01
    2.30400E+02    8.55792E-02    9.17980E-01
    2.30500E+02    8.58510E-02    9.17731E-01
    2.30600E+02    8.62165E-02    9.17396E-01
    2.30700E+02    8.67215E-02    9.16932E-01
    2.30800E+02    8.74637E-02    9.16252E-01
    2.30900E+02    8.86564E-02    9.15160E-01
    2.31000E+02    9.08649E-02    9.13141E-01
    2.31100E+02    9.58901E-02    9.08564E-01
    2.31200E+02    1.12804E-01    8.93326E-01
    2.31300E+02    1.67601E-01    8.45691E-01
    2.31400E+02    1.03798E-01    9.01407E-01
    2.31500E+02    9.40577E-02    9.10230E-01
    2.31600E+02    9.07866E-02    9.13213E-01
    2.31700E+02    8.93656E-02    9.14511E-01
    2.31800E+02    8.86838E-02    9.15135E-01
    2.31900E+02    8.83805E-02    9.15413E-01
    2.32000E+02    8.84631E-02    9.15337E-01
    2.32100E+02    8.82434E-02    9.15538E-01
    2.32200E+02    8.83172E-02    9.15470E-01
    2.32300E+02    8.84791E-02    9.15322E-01
    2.32400E+02    8.87363E-02    9.15087E-01
    2.32500E+02    8.92008E-02    9.14662E-01
    2.32600E+02    8.94250E-02    9.14457E-01
    2.32700E+02    8.99550E-02    9.13972E-01
    2.32800E+02    9.02624E-02    9.13691E-01
    2.32900E+02    9.07709E-02    9.13227E-01
    2.33000E+02    9.15338E-02    9.12530E-01
    2.33100E+02    9.21209E-02    9.11995E-01
    2.33200E+02    9.30019E-02    9.11192E-01
    2.33300E+02    9.41456E-02    9.10150E-01
    2.33400E+02    9.54279E-02    9.08984E-01
    2.33500E+02    9.69219E-02    9.07627E-01
    2.33600E+02    9.89683E-02    9.05771E-01
    2.33700E+02    1.01791E-01    9.03218E-01
    2.33800E+02    1.06077E-01    8.99356E-01
    2.33900E+02    1.14835E-01    8.91514E-01
    2.34000E+02    1.13980E-01    8.92276E-01
    2.34100E+02    1.06196E-01    8.99248E-01
    2.34200E+02    1.02373E-01    9.02692E-01
    2.34300E+02    9.98300E-02    9.04991E-01
    2.34400E+02    9.79921E-02    9.06656E-01
    2.34500E+02    9.66360E-02    9.07886E-01
    2.34600E+02    9.55915E-02    9.08835E-01
    2.34700E+02    9.47926E-02    9.09562E-01
    2.34800E+02    9.42102E-02    9.10091E-01
    2.34900E+02    9.38759E-02    9.10396E-01
    2.35000E+02    9.37897E-02    9.10474E-01
    2.35100E+02    9.41030E-02    9.10189E-01
    2.35200E+02    9.43401E-02    9.09973E-01
    2.35300E+02    9.53549E-02    9.09050E-01
    2.35400E+02    9.75483E-02    9.07059E-01
    2.35500E+02    1.02662E-01    9.02432E-01
    2.35600E+02    1.18352E-01    8.88383E-01
    2.35700E+02    2.40550E-01    7.86195E-01
    2.35800E+02    1.25482E-01    8.82072E-01
    2.35900E+02    1.04949E-01    9.00371E-01
    2.36000E+02    9.80606E-02    9.06594E-01
    2.36100E+02    9.52781E-02    9.09120E-01
    2.36200E+02    9.38501E-02    9.10419E-01
    2.36300E+02    9.31849E-02    9.11025E-01
    2.36400E+02    9.29020E-02    9.11283E-01
    2.36500E+02    9.29818E-02    9.11210E-01
    2.36600E+02    9.36441E-02    9.10607E-01
    2.36700E+02    9.43406E-02    9.09973E-01
    2.36800E+02    9.61385E-02    9.08338E-01
    2.36900E+02    9.99952E-02    9.04842E-01
    2.37000E+02    1.09990E-01    8.95843E-01
    2.37100E+02    1.55800E-01    8.55730E-01
    2.37200E+02    1.47914E-01    8.62505E-01
    2.37300E+02    1.08814E-01    8.96897E-01
    2.37400E+02    9.94476E-02    9.05337E-01
    2.37500E+02    9.58442E-02    9.08606E-01
    2.37600E+02    9.43304E-02    9.09982E-01
    2.37700E+02    9.31081E-02    9.11095E-01
    2.37800E+02    9.25577E-02    9.11597E-01
    2.37900E+02    9.22713E-02    9.11858E-01
    2.38000E+02    9.21671E-02    9.11953E-01
    2.38100E+02    9.22266E-02    9.11898E-01
    2.38200E+02    9.24833E-02    9.11664E-01
    2.38300E+02    9.31315E-02    9.11074E-01
    2.38400E+02    9.58778E-02    9.08575E-01
    2.38500E+02    9.49442E-02    9.09424E-01
    2.38600E+02    9.47861E-02    9.09567E-01
    2.38700E+02    9.62095E-02    9.08274E-01
    2.38800E+02    9.86109E-02    9.06095E-01
    2.38900E+02    1.04611E-01    9.00675E-01
    2.39000E+02    1.24163E-01    8.83236E-01
    2.39100E+02    2.54974E-01    7.74937E-01
    2.39200E+02    1.20084E-01    8.86846E-01
    2.39300E+02    1.04761E-01    9.00540E-01
    2.39400E+02    9.97615E-02    9.05053E-01
    2.39500E+02    9.77215E-02    9.06901E-01
    2.39600E+02    9.72295E-02    9.07348E-01
    2.39700E+02    9.59546E-02    9.08505E-01
    2.39800E+02    9.59429E-02    9.08516E-01
    2.39900E+02    9.62830E-02    9.08207E-01
    2.40000E+02    9.58917E-02    9.08562E-01
    2.40100E+02    9.53213E-02    9.09081E-01
    2.40200E+02    9.51750E-02    9.09214E-01
    2.40300E+02    9.51125E-02    9.09271E-01
    2.40400E+02    9.46634E-02    9.09679E-01
    2.40500E+02    9.45167E-02    9.09813E-01
    2.40600E+02    9.41217E-02    9.10172E-01
    2.40700E+02    9.41286E-02    9.10166E-01
    2.40800E+02    9.40374E-02    9.10249E-01
    2.40900E+02    9.47380E-02    9.09611E-01
    2.41000E+02    9.41053E-02    9.10187E-01
    2.41100E+02    9.43856E-02    9.09932E-01
    2.41200E+02    9.70606E-02    9.07501E-01
    2.41300E+02    9.58064E-02    9.08640E-01
    2.41400E+02    9.48130E-02    9.09543E-01
    2.41500E+02    9.50009E-02    9.09372E-01
    2.41600E+02    9.51975E-02    9.09193E-01
    2.41700E+02    9.56822E-02    9.08753E-01
    2.41800E+02    9.64557E-02    9.08050E-01
    2.41900E+02    9.77212E-02    9.06902E-01
    2.42000E+02    1.00017E-01    9.04822E-01
    2.42100E+02    1.04901E-01    9.00413E-01
    2.42200E+02    1.18814E-01    8.87973E-01
    2.42300E+02    2.06924E-01    8.13082E-01
    2.42400E+02    1.32169E-01    8.76193E-01
    2.42500E+02    1.08730E-01    8.96973E-01
    2.42600E+02    1.02115E-01    9.02925E-01
    2.42700E+02    9.94798E-02    9.05308E-01
    2.42800E+02    9.83623E-02    9.06320E-01
    2.42900E+02    9.81132E-02    9.06546E-01
    2.43000E+02    9.87272E-02    9.05990E-01
    2.43100E+02    9.99551E-02    9.04878E-01
    2.43200E+02    1.03029E-01    9.02101E-01
    2.43300E+02    1.11563E-01    8.94435E-01
    2.43400E+02    1.48050E-01    8.62388E-01
    2.43500E+02    1.53527E-01    8.57677E-01
    2.43600E+02    1.12310E-01    8.93767E-01
    2.43700E+02    1.03192E-01    9.01954E-01
    2.43800E+02    9.98692E-02    9.04956E-01
    2.43900E+02    9.86630E-02    9.06048E-01
    2.44000E+02    9.91284E-02    9.05626E-01
    2.44100E+02    1.04238E-01    9.01010E-01
    2.44200E+02    1.06439E-01    8.99030E-01
    2.44300E+02    9.82977E-02    9.06379E-01
    2.44400E+02    9.66250E-02    9.07896E-01
    2.44500E+02    9.55628E-02    9.08861E-01
    2.44600E+02    9.51504E-02    9.09236E-01
    2.44700E+02    9.48783E-02    9.09484E-01
    2.44800E+02    9.48180E-02    9.09538E-01
    2.44900E+02    9.47334E-02    9.09615E-01
    2.45000E+02    9.46855E-02    9.09659E-01
    2.45100E+02    9.46250E-02    9.09714E-01
    2.45200E+02    9.45999E-02    9.09737E-01
    2.45300E+02    9.46054E-02    9.09732E-01
    2.45400E+02    9.46258E-02    9.09713E-01
    2.45500E+02    9.46631E-02    9.09679E-01
    2.45600E+02    9.47203E-02    9.09627E-01
    2.45700E+02    9.48119E-02    9.09544E-01
    2.45800E+02    9.52371E-02    9.09157E-01
    2.45900E+02    9.49166E-02    9.09449E-01
    2.46000E+02    9.49624E-02    9.09407E-01
    2.46100E+02    9.50455E-02    9.09332E-01
    2.46200E+02    9.51609E-02    9.09227E-01
    2.46300E+02    9.53470E-02    9.09057E-01
    2.46400E+02    9.55940E-02    9.08833E-01
    2.46500E+02    9.74507E-02    9.07147E-01
    2.46600E+02    9.60043E-02    9.08460E-01
    2.46700E+02    9.58324E-02    9.08616E-01
    2.46800E+02    9.59195E-02    9.08537E-01
    2.46900E+02    9.60801E-02    9.08391E-01
    2.47000E+02    9.62955E-02    9.08196E-01
    2.47100E+02    9.65970E-02    9.07922E-01
    2.47200E+02    9.68935E-02    9.07653E-01
    2.47300E+02    9.73512E-02    9.07237E-01
    2.47400E+02    9.79851E-02    9.06662E-01
    2.47500E+02    9.90395E-02    9.05707E-01
    2.47600E+02    1.01155E-01    9.03793E-01
    2.47700E+02    1.07996E-01    8.97631E-01
    2.47800E+02    1.13863E-01    8.92380E-01
    2.47900E+02    1.07089E-01    8.98445E-01
    2.48000E+02    1.11572E-01    8.94427E-01
    2.48100E+02    1.32768E-01    8.75668E-01
    2.48200E+02    2.13720E-01    8.07574E-01
    2.48300E+02    1.21639E-01    8.85468E-01
    2.48400E+02    1.08052E-01    8.97581E-01
    2.48500E+02    1.03508E-01    9.01668E-01
    2.48600E+02    1.01524E-01    9.03460E-01
    2.48700E+02    1.00665E-01    9.04236E-01
    2.48800E+02    1.00113E-01    9.04735E-01
    2.48900E+02    9.99446E-02    9.04888E-01
    2.49000E+02    1.00046E-01    9.04796E-01
    2.49100E+02    1.00358E-01    9.04513E-01
    2.49200E+02    1.00921E-01    9.04005E-01
    2.49300E+02    1.01881E-01    9.03137E-01
    2.49400E+02    1.03509E-01    9.01668E-01
    2.49500E+02    1.06460E-01    8.99011E-01
    2.49600E+02    1.12719E-01    8.93401E-01
    2.49700E+02    1.31152E-01    8.77084E-01
    2.49800E+02    2.12557E-01    8.08514E-01
    2.49900E+02    1.64046E-01    8.48703E-01
    2.50000E+02    1.75846E-01    8.38747E-01
    2.50100E+02    1.22484E-01    8.84720E-01
    2.50200E+02    1.11029E-01    8.94913E-01
    2.50300E+02    1.06534E-01    8.98944E-01
    2.50400E+02    1.03452E-01    9.01720E-01
    2.50500E+02    1.02024E-01    9.03008E-01
    2.50600E+02    1.01094E-01    9.03848E-01
    2.50700E+02    1.00652E-01    9.04248E-01
    2.50800E+02    1.00136E-01    9.04714E-01
    2.50900E+02    9.98007E-02    9.05018E-01
    2.51000E+02    9.95981E-02    9.05201E-01
    2.51100E+02    9.94678E-02    9.05319E-01
    2.51200E+02    9.94976E-02    9.05292E-01
    2.51300E+02    9.93158E-02    9.05457E-01
    2.51400E+02    9.92700E-02    9.05498E-01
    2.51500E+02    9.92530E-02    9.05514E-01
    2.51600E+02    9.92544E-02    9.05512E-01
    2.51700E+02    9.92712E-02    9.05497E-01
    2.51800E+02    9.92980E-02    9.05473E-01
    2.51900E+02    9.93389E-02    9.05436E-01
    2.52000E+02    9.94029E-02    9.05378E-01
    2.52100E+02    9.96576E-02    9.05147E-01
    2.52200E+02    9.95300E-02    9.05263E-01
    2.52300E+02    9.96496E-02    9.05154E-01
    2.52400E+02    9.97343E-02    9.05078E-01
    2.52500E+02    1.00014E-01    9.04825E-01
    2.52600E+02    1.00073E-01    9.04772E-01
    2.52700E+02    1.00666E-01    9.04235E-01
    2.52800E+02    1.00486E-01    9.04397E-01
    2.52900E+02    1.00137E-01    9.04714E-01
    2.53000E+02    1.00145E-01    9.04707E-01
    2.53100E+02    1.00202E-01    9.04654E-01
    2.53200E+02    1.00283E-01    9.04581E-01
    2.53300E+02    1.00435E-01    9.04444E-01
    2.53400E+02    1.00817E-01    9.04098E-01
    2.53500E+02    1.00567E-01    9.04324E-01
    2.53600E+02    1.00674E-01    9.04228E-01
    2.53700E+02    1.01122E-01    9.03822E-01
    2.53800E+02    1.01081E-01    9.03860E-01
    2.53900E+02    1.01047E-01    9.03891E-01
    2.54000E+02    1.01114E-01    9.03830E-01
    2.54100E+02    1.01271E-01    9.03688E-01
    2.54200E+02    1.01618E-01    9.03375E-01
    2.54300E+02    1.03213E-01    9.01935E-01
    2.54400E+02    1.01784E-01    9.03225E-01
    2.54500E+02    1.01712E-01    9.03289E-01
    2.54600E+02    1.01790E-01    9.03219E-01
    2.54700E+02    1.02025E-01    9.03007E-01
    2.54800E+02    1.02036E-01    9.02997E-01
    2.54900E+02    1.02662E-01    9.02432E-01
    2.55000E+02    1.02216E-01    9.02834E-01
    2.55100E+02    1.02260E-01    9.02795E-01
    2.55200E+02    1.02342E-01    9.02721E-01
    2.55300E+02    1.02385E-01    9.02682E-01
    2.55400E+02    1.02438E-01    9.02634E-01
    2.55500E+02    1.02494E-01    9.02583E-01
    2.55600E+02    1.02551E-01    9.02532E-01
    2.55700E+02    1.02612E-01    9.02477E-01
    2.55800E+02    1.02693E-01    9.02404E-01
    2.55900E+02    1.02741E-01    9.02361E-01
    2.56000E+02    1.02830E-01    9.02280E-01
    2.56100E+02    1.02908E-01    9.02210E-01
    2.56200E+02    1.02925E-01    9.02195E-01
    2.56300E+02    1.02996E-01    9.02130E-01
    2.56400E+02    1.03105E-01    9.02032E-01
    2.56500E+02    1.03211E-01    9.01937E-01
    2.56600E+02    1.03301E-01    9.01855E-01
    2.56700E+02    1.03496E-01    9.01680E-01
    2.56800E+02    1.03542E-01    9.01638E-01
    2.56900E+02    1.04043E-01    9.01187E-01
    2.57000E+02    1.03690E-01    9.01504E-01
    2.57100E+02    1.03754E-01    9.01447E-01
    2.57200E+02    1.03876E-01    9.01337E-01
    2.57300E+02    1.04019E-01    9.01208E-01
    2.57400E+02    1.04213E-01    9.01033E-01
    2.57500E+02    1.04412E-01    9.00854E-01
    2.57600E+02    1.04673E-01    9.00619E-01
    2.57700E+02    1.04954E-01    9.00366E-01
    2.57800E+02    1.05390E-01    8.99973E-01
    2.57900E+02    1.05885E-01    8.99528E-01
    2.58000E+02    1.06944E-01    8.98576E-01
    2.58100E+02    1.09457E-01    8.96321E-01
    2.58200E+02    1.30693E-01    8.77487E-01
    2.58300E+02    1.11712E-01    8.94301E-01
    2.58400E+02    1.11314E-01    8.94658E-01
    2.58500E+02    1.14796E-01    8.91548E-01
    2.58600E+02    1.26411E-01    8.81253E-01
    2.58700E+02    2.04226E-01    8.15278E-01
    2.58800E+02    1.35605E-01    8.73187E-01
    2.58900E+02    1.16923E-01    8.89654E-01
    2.59000E+02    1.11430E-01    8.94554E-01
    2.59100E+02    1.09097E-01    8.96643E-01
    2.59200E+02    1.07941E-01    8.97681E-01
    2.59300E+02    1.07256E-01    8.98296E-01
    2.59400E+02    1.06875E-01    8.98638E-01
    2.59500E+02    1.06795E-01    8.98710E-01
    2.59600E+02    1.06447E-01    8.99023E-01
    2.59700E+02    1.06334E-01    8.99124E-01
    2.59800E+02    1.06282E-01    8.99171E-01
    2.59900E+02    1.06274E-01    8.99178E-01
    2.60000E+02    1.06352E-01    8.99108E-01
    2.60100E+02    1.06343E-01    8.99116E-01
    2.60200E+02    1.06328E-01    8.99130E-01
    2.60300E+02    1.06366E-01    8.99095E-01
    2.60400E+02    1.06432E-01    8.99036E-01
    2.60500E+02    1.06531E-01    8.98947E-01
    2.60600E+02    1.06636E-01    8.98852E-01
    2.60700E+02    1.06774E-01    8.98729E-01
    2.60800E+02    1.07556E-01    8.98026E-01
    2.60900E+02    1.07002E-01    8.98524E-01
    2.61000E+02    1.06946E-01    8.98574E-01
    2.61100E+02    1.07065E-01    8.98467E-01
    2.61200E+02    1.07107E-01    8.98429E-01
    2.61300E+02    1.07208E-01    8.98339E-01
    2.61400E+02    1.07315E-01    8.98242E-01
    2.61500E+02    1.07427E-01    8.98142E-01
    2.61600E+02    1.07556E-01    8.98026E-01
    2.61700E+02    1.07713E-01    8.97885E-01
    2.61800E+02    1.07863E-01    8.97751E-01
    2.61900E+02    1.08002E-01    8.97625E-01
    2.62000E+02    1.08192E-01    8.97455E-01
    2.62100E+02    1.08380E-01    8.97287E-01
    2.62200E+02    1.08597E-01    8.97092E-01
    2.62300E+02    1.08884E-01    8.96834E-01
    2.62400E+02    1.09281E-01    8.96478E-01
    2.62500E+02    1.09901E-01    8.95923E-01
    2.62600E+02    1.10710E-01    8.95199E-01
    2.62700E+02    1.12695E-01    8.93423E-01
    2.62800E+02    1.20318E-01    8.86638E-01
    2.62900E+02    1.24065E-01    8.83323E-01
    2.63000E+02    1.14390E-01    8.91910E-01
    2.63100E+02    1.13128E-01    8.93036E-01
    2.63200E+02    1.14942E-01    8.91418E-01
    2.63300E+02    1.14217E-01    8.92065E-01
    2.63400E+02    1.16344E-01    8.90169E-01
    2.63500E+02    1.21794E-01    8.85331E-01
    2.63600E+02    1.39909E-01    8.69437E-01
    2.63700E+02    2.59728E-01    7.71261E-01
    2.63800E+02    1.36931E-01    8.72030E-01
    2.63900E+02    1.27796E-01    8.80033E-01
    2.64000E+02    1.17309E-01    8.89310E-01
    2.64100E+02    1.14564E-01    8.91755E-01
    2.64200E+02    1.13327E-01    8.92859E-01
    2.64300E+02    1.12712E-01    8.93408E-01
    2.64400E+02    1.12411E-01    8.93677E-01
    2.64500E+02    1.12384E-01    8.93701E-01
    2.64600E+02    1.12624E-01    8.93486E-01
    2.64700E+02    1.13254E-01    8.92924E-01
    2.64800E+02    1.15116E-01    8.91263E-01
    2.64900E+02    1.26044E-01    8.81576E-01
    2.65000E+02    1.18020E-01    8.88679E-01
    2.65100E+02    1.14033E-01    8.92229E-01
    2.65200E+02    1.13003E-01    8.93148E-01
    2.65300E+02    1.12623E-01    8.93487E-01
    2.65400E+02    1.12489E-01    8.93607E-01
    2.65500E+02    1.12475E-01    8.93620E-01
    2.65600E+02    1.12539E-01    8.93562E-01
    2.65700E+02    1.12605E-01    8.93503E-01
    2.65800E+02    1.12715E-01    8.93406E-01
    2.65900E+02    1.12836E-01    8.93297E-01
    2.66000E+02    1.12969E-01    8.93179E-01
    2.66100E+02    1.13139E-01    8.93027E-01
    2.66200E+02    1.13348E-01    8.92840E-01
    2.66300E+02    1.13446E-01    8.92752E-01
    2.66400E+02    1.13632E-01    8.92586E-01
    2.66500E+02    1.13875E-01    8.92370E-01
    2.66600E+02    1.14197E-01    8.92082E-01
    2.66700E+02    1.14658E-01    8.91671E-01
    2.66800E+02    1.15356E-01    8.91049E-01
    2.66900E+02    1.16554E-01    8.89982E-01
    2.67000E+02    1.18771E-01    8.88011E-01
    2.67100E+02    1.24139E-01    8.83257E-01
    2.67200E+02    1.44258E-01    8.65664E-01
    2.67300E+02    1.67024E-01    8.46180E-01
    2.67400E+02    1.27893E-01    8.79948E-01
    2.67500E+02    1.20238E-01    8.86709E-01
    2.67600E+02    1.17435E-01    8.89199E-01
    2.67700E+02    1.16107E-01    8.90380E-01
    2.67800E+02    1.15394E-01    8.91015E-01
    2.67900E+02    1.14983E-01    8.91382E-01
    2.68000E+02    1.14741E-01    8.91597E-01
    2.68100E+02    1.14629E-01    8.91697E-01
    2.68200E+02    1.14879E-01    8.91474E-01
    2.68300E+02    1.14515E-01    8.91799E-01
    2.68400E+02    1.14497E-01    8.91814E-01
    2.68500E+02    1.14596E-01    8.91726E-01
    2.68600E+02    1.15043E-01    8.91328E-01
    2.68700E+02    1.15417E-01    8.90995E-01
    2.68800E+02    1.14691E-01    8.91642E-01
    2.68900E+02    1.14625E-01    8.91700E-01
    2.69000E+02    1.14639E-01    8.91688E-01
    2.69100E+02    1.14687E-01    8.91645E-01
    2.69200E+02    1.14744E-01    8.91594E-01
    2.69300E+02    1.14811E-01    8.91535E-01
    2.69400E+02    1.14885E-01    8.91469E-01
    2.69500E+02    1.14979E-01    8.91384E-01
    2.69600E+02    1.15054E-01    8.91318E-01
    2.69700E+02    1.15135E-01    8.91246E-01
    2.69800E+02    1.15229E-01    8.91162E-01
    2.69900E+02    1.15323E-01    8.91078E-01
    2.70000E+02    1.15424E-01    8.90988E-01
    2.70100E+02    1.15550E-01    8.90876E-01
    2.70200E+02    1.15624E-01    8.90810E-01
    2.70300E+02    1.15739E-01    8.90708E-01
    2.70400E+02    1.15883E-01    8.90580E-01
    2.70500E+02    1.16043E-01    8.90437E-01
    2.70600E+02    1.16105E-01    8.90382E-01
    2.70700E+02    1.16318E-01    8.90192E-01
    2.70800E+02    1.16456E-01    8.90069E-01
    2.70900E+02    1.16731E-01    8.89825E-01
    2.71000E+02    1.17008E-01    8.89578E-01
    2.71100E+02    1.19446E-01    8.87412E-01
    2.71200E+02    1.17146E-01    8.89456E-01
    2.71300E+02    1.17175E-01    8.89429E-01
    2.71400E+02    1.17103E-01    8.89494E-01
    2.71500E+02    1.17203E-01    8.89405E-01
    2.71600E+02    1.17345E-01    8.89278E-01
    2.71700E+02    1.17528E-01    8.89116E-01
    2.71800E+02    1.17793E-01    8.88880E-01
    2.71900E+02    1.18652E-01    8.88117E-01
    2.72000E+02    1.18353E-01    8.88382E-01
    2.72100E+02    1.18379E-01    8.88359E-01
    2.72200E+02    1.18621E-01    8.88144E-01
    2.72300E+02    1.18961E-01    8.87842E-01
    2.72400E+02    1.19422E-01    8.87434E-01
    2.72500E+02    1.20064E-01    8.86864E-01
    2.72600E+02    1.21020E-01    8.86016E-01
    2.72700E+02    1.22635E-01    8.84587E-01
    2.72800E+02    1.25705E-01    8.81875E-01
    2.72900E+02    1.33385E-01    8.75128E-01
    2.73000E+02    1.66524E-01    8.46602E-01
    2.73100E+02    1.68153E-01    8.45225E-01
    2.73200E+02    1.34058E-01    8.74540E-01
    2.73300E+02    1.26543E-01    8.81136E-01
    2.73400E+02    1.23637E-01    8.83701E-01
    2.73500E+02    1.22330E-01    8.84856E-01
    2.73600E+02    1.21694E-01    8.85419E-01
    2.73700E+02    1.21401E-01    8.85679E-01
    2.73800E+02    1.21378E-01    8.85699E-01
    2.73900E+02    1.21647E-01    8.85461E-01
    2.74000E+02    1.21948E-01    8.85195E-01
    2.74100E+02    1.22564E-01    8.84649E-01
    2.74200E+02    1.23946E-01    8.83428E-01
    2.74300E+02    1.27232E-01    8.80529E-01
    2.74400E+02    1.38698E-01    8.70491E-01
    2.74500E+02    1.68655E-01    8.44800E-01
    2.74600E+02    1.31772E-01    8.76541E-01
    2.74700E+02    1.25648E-01    8.81926E-01
    2.74800E+02    1.23528E-01    8.83797E-01
    2.74900E+02    1.22595E-01    8.84621E-01
    2.75000E+02    1.22172E-01    8.84996E-01
    2.75100E+02    1.21893E-01    8.85243E-01
    2.75200E+02    1.21846E-01    8.85285E-01
    2.75300E+02    1.21673E-01    8.85437E-01
    2.75400E+02    1.21645E-01    8.85463E-01
    2.75500E+02    1.21646E-01    8.85461E-01
    2.75600E+02    1.21681E-01    8.85431E-01
    2.75700E+02    1.21753E-01    8.85367E-01
    2.75800E+02    1.21840E-01    8.85290E-01
    2.75900E+02    1.21957E-01    8.85186E-01
    2.76000E+02    1.22044E-01    8.85109E-01
    2.76100E+02    1.22184E-01    8.84986E-01
    2.76200E+02    1.22348E-01    8.84841E-01
    2.76300E+02    1.22555E-01    8.84658E-01
    2.76400E+02    1.22811E-01    8.84431E-01
    2.76500E+02    1.23175E-01    8.84109E-01
    2.76600E+02    1.23753E-01    8.83598E-01
    2.76700E+02    1.24871E-01    8.82610E-01
    2.76800E+02    1.27845E-01    8.79990E-01
    2.76900E+02    1.45071E-01    8.64961E-01
    2.77000E+02    1.31968E-01    8.76369E-01
    2.77100E+02    1.26381E-01    8.81279E-01
    2.77200E+02    1.24811E-01    8.82664E-01
    2.77300E+02    1.24236E-01    8.83171E-01
    2.77400E+02    1.24038E-01    8.83347E-01
    2.77500E+02    1.23978E-01    8.83399E-01
    2.77600E+02    1.23929E-01    8.83443E-01
    2.77700E+02    1.23947E-01    8.83427E-01
    2.77800E+02    1.24036E-01    8.83348E-01
    2.77900E+02    1.24265E-01    8.83146E-01
    2.78000E+02    1.24271E-01    8.83141E-01
    2.78100E+02    1.24385E-01    8.83040E-01
    2.78200E+02    1.24433E-01    8.82997E-01
    2.78300E+02    1.24599E-01    8.82851E-01
    2.78400E+02    1.24947E-01    8.82544E-01
    2.78500E+02    1.26063E-01    8.81559E-01
    2.78600E+02    1.25305E-01    8.82228E-01
    2.78700E+02    1.25200E-01    8.82321E-01
    2.78800E+02    1.25322E-01    8.82213E-01
    2.78900E+02    1.25535E-01    8.82025E-01
    2.79000E+02    1.25839E-01    8.81756E-01
    2.79100E+02    1.26295E-01    8.81355E-01
    2.79200E+02    1.27126E-01    8.80623E-01
    2.79300E+02    1.29221E-01    8.78779E-01
    2.79400E+02    1.33097E-01    8.75380E-01
    2.79500E+02    1.50988E-01    8.59858E-01
    2.79600E+02    1.31506E-01    8.76774E-01
    2.79700E+02    1.29099E-01    8.78887E-01
    2.79800E+02    1.29597E-01    8.78449E-01
    2.79900E+02    1.39369E-01    8.69907E-01
    2.80000E+02    1.28822E-01    8.79131E-01
    2.80100E+02    1.27600E-01    8.80205E-01
    2.80200E+02    1.27259E-01    8.80506E-01
    2.80300E+02    1.27154E-01    8.80598E-01
    2.80400E+02    1.27148E-01    8.80603E-01
    2.80500E+02    1.27193E-01    8.80564E-01
    2.80600E+02    1.27276E-01    8.80491E-01
    2.80700E+02    1.27400E-01    8.80382E-01
    2.80800E+02    1.27602E-01    8.80203E-01
    2.80900E+02    1.28210E-01    8.79669E-01
    2.81000E+02    1.30771E-01    8.77418E-01
    2.81100E+02    1.28204E-01    8.79674E-01
    2.81200E+02    1.28234E-01    8.79648E-01
    2.81300E+02    1.28149E-01    8.79722E-01
    2.81400E+02    1.28359E-01    8.79538E-01
    2.81500E+02    1.29125E-01    8.78865E-01
    2.81600E+02    1.28727E-01    8.79214E-01
    2.81700E+02    1.28618E-01    8.79310E-01
    2.81800E+02    1.28733E-01    8.79208E-01
    2.81900E+02    1.29000E-01    8.78974E-01
    2.82000E+02    1.29350E-01    8.78667E-01
    2.82100E+02    1.29267E-01    8.78739E-01
    2.82200E+02    1.29418E-01    8.78607E-01
    2.82300E+02    1.29669E-01    8.78386E-01
    2.82400E+02    1.29847E-01    8.78229E-01
    2.82500E+02    1.30249E-01    8.77877E-01
    2.82600E+02    1.30978E-01    8.77237E-01
    2.82700E+02    1.32763E-01    8.75672E-01
    2.82800E+02    1.41431E-01    8.68115E-01
    2.82900E+02    1.37374E-01    8.71644E-01
    2.83000E+02    1.32545E-01    8.75863E-01
    2.83100E+02    1.31462E-01    8.76813E-01
    2.83200E+02    1.31113E-01    8.77118E-01
    2.83300E+02    1.30988E-01    8.77228E-01
    2.83400E+02    1.31018E-01    8.77202E-01
    2.83500E+02    1.31047E-01    8.77177E-01
    2.83600E+02    1.31125E-01    8.77108E-01
    2.83700E+02    1.31233E-01    8.77013E-01
    2.83800E+02    1.31361E-01    8.76901E-01
    2.83900E+02    1.31502E-01    8.76777E-01
    2.84000E+02    1.31675E-01    8.76626E-01
    2.84100E+02    1.31820E-01    8.76499E-01
    2.84200E+02    1.31991E-01    8.76349E-01
    2.84300E+02    1.32216E-01    8.76152E-01
    2.84400E+02    1.32869E-01    8.75580E-01
    2.84500E+02    1.32614E-01    8.75803E-01
    2.84600E+02    1.32917E-01    8.75538E-01
    2.84700E+02    1.33023E-01    8.75445E-01
    2.84800E+02    1.33306E-01    8.75198E-01
    2.84900E+02    1.33574E-01    8.74963E-01
    2.85000E+02    1.33853E-01    8.74719E-01
    2.85100E+02    1.34217E-01    8.74400E-01
    2.85200E+02    1.34656E-01    8.74016E-01
    2.85300E+02    1.35196E-01    8.73544E-01
    2.85400E+02    1.35887E-01    8.72941E-01
    2.85500E+02    1.36818E-01    8.72129E-01
    2.85600E+02    1.38207E-01    8.70919E-01
    2.85700E+02    1.40143E-01    8.69234E-01
    2.85800E+02    1.43650E-01    8.66191E-01
    2.85900E+02    1.50942E-01    8.59897E-01
    2.86000E+02    1.71946E-01    8.42025E-01
    2.86100E+02    2.65311E-01    7.66967E-01
    2.86200E+02    2.19462E-01    8.02950E-01
    2.86300E+02    2.15260E-01    8.06332E-01
    2.86400E+02    1.56518E-01    8.55117E-01
    2.86500E+02    1.46323E-01    8.63879E-01
    2.86600E+02    1.42237E-01    8.67415E-01
    2.86700E+02    1.40177E-01    8.69204E-01
    2.86800E+02    1.39016E-01    8.70214E-01
    2.86900E+02    1.38341E-01    8.70801E-01
    2.87000E+02    1.37997E-01    8.71101E-01
    2.87100E+02    1.37625E-01    8.71425E-01
    2.87200E+02    1.37462E-01    8.71567E-01
    2.87300E+02    1.37393E-01    8.71627E-01
    2.87400E+02    1.37389E-01    8.71631E-01
    2.87500E+02    1.37439E-01    8.71587E-01
    2.87600E+02    1.37531E-01    8.71507E-01
    2.87700E+02    1.37663E-01    8.71392E-01
    2.87800E+02    1.37840E-01    8.71238E-01
    2.87900E+02    1.38065E-01    8.71042E-01
    2.88000E+02    1.38349E-01    8.70795E-01
    2.88100E+02    1.38709E-01    8.70481E-01
    2.88200E+02    1.39183E-01    8.70069E-01
    2.88300E+02    1.39899E-01    8.69446E-01
    2.88400E+02    1.40689E-01    8.68760E-01
    2.88500E+02    1.41969E-01    8.67648E-01
    2.88600E+02    1.44156E-01    8.65753E-01
    2.88700E+02    1.48383E-01    8.62101E-01
    2.88800E+02    1.58669E-01    8.53279E-01
    2.88900E+02    1.99243E-01    8.19351E-01
    2.89000E+02    2.23908E-01    7.99389E-01
    2.89100E+02    1.62929E-01    8.49652E-01
    2.89200E+02    1.50358E-01    8.60400E-01
    2.89300E+02    1.45668E-01    8.64445E-01
    2.89400E+02    1.43459E-01    8.66356E-01
    2.89500E+02    1.42278E-01    8.67380E-01
    2.89600E+02    1.41602E-01    8.67967E-01
    2.89700E+02    1.41216E-01    8.68302E-01
    2.89800E+02    1.41073E-01    8.68426E-01
    2.89900E+02    1.41009E-01    8.68481E-01
    2.90000E+02    1.40972E-01    8.68514E-01
    2.90100E+02    1.40798E-01    8.68664E-01
    2.90200E+02    1.40804E-01    8.68659E-01
    2.90300E+02    1.40865E-01    8.68607E-01
    2.90400E+02    1.40972E-01    8.68514E-01
    2.90500E+02    1.41146E-01    8.68362E-01
    2.90600E+02    1.41331E-01    8.68202E-01
    2.90700E+02    1.41627E-01    8.67945E-01
    2.90800E+02    1.42222E-01    8.67428E-01
    2.90900E+02    1.44164E-01    8.65746E-01
    2.91000E+02    1.48605E-01    8.61909E-01
    2.91100E+02    1.43295E-01    8.66498E-01
    2.91200E+02    1.42607E-01    8.67094E-01
    2.91300E+02    1.42632E-01    8.67073E-01
    2.91400E+02    1.42625E-01    8.67079E-01
    2.91500E+02    1.42615E-01    8.67088E-01
    2.91600E+02    1.42873E-01    8.66864E-01
    2.91700E+02    1.45417E-01    8.64662E-01
    2.91800E+02    1.43143E-01    8.66630E-01
    2.91900E+02    1.43168E-01    8.66608E-01
    2.92000E+02    1.43324E-01    8.66473E-01
    2.92100E+02    1.43535E-01    8.66291E-01
    2.92200E+02    1.43786E-01    8.66073E-01
    2.92300E+02    1.44080E-01    8.65818E-01
    2.92400E+02    1.44453E-01    8.65496E-01
    2.92500E+02    1.45106E-01    8.64931E-01
    2.92600E+02    1.45559E-01    8.64539E-01
    2.92700E+02    1.46176E-01    8.64005E-01
    2.92800E+02    1.47343E-01    8.62998E-01
    2.92900E+02    1.49470E-01    8.61164E-01
    2.93000E+02    1.54285E-01    8.57027E-01
    2.93100E+02    1.71182E-01    8.42668E-01
    2.93200E+02    1.98797E-01    8.19716E-01
    2.93300E+02    1.60007E-01    8.52138E-01
    2.93400E+02    1.54279E-01    8.57033E-01
    2.93500E+02    1.58111E-01    8.53755E-01
    2.93600E+02    1.56507E-01    8.55126E-01
    2.93700E+02    1.50037E-01    8.60676E-01
    2.93800E+02    1.48386E-01    8.62098E-01
    2.93900E+02    1.47700E-01    8.62690E-01
    2.94000E+02    1.47394E-01    8.62954E-01
    2.94100E+02    1.47265E-01    8.63065E-01
    2.94200E+02    1.47242E-01    8.63085E-01
    2.94300E+02    1.47272E-01    8.63059E-01
    2.94400E+02    1.47346E-01    8.62995E-01
    2.94500E+02    1.47457E-01    8.62899E-01
    2.94600E+02    1.47667E-01    8.62718E-01
    2.94700E+02    1.47703E-01    8.62688E-01
    2.94800E+02    1.47859E-01    8.62552E-01
    2.94900E+02    1.48011E-01    8.62422E-01
    2.95000E+02    1.48177E-01    8.62279E-01
    2.95100E+02    1.48345E-01    8.62133E-01
    2.95200E+02    1.48553E-01    8.61954E-01
    2.95300E+02    1.48895E-01    8.61660E-01
    2.95400E+02    1.49088E-01    8.61494E-01
    2.95500E+02    1.49230E-01    8.61371E-01
    2.95600E+02    1.49319E-01    8.61294E-01
    2.95700E+02    1.49523E-01    8.61119E-01
    2.95800E+02    1.49838E-01    8.60847E-01
    2.95900E+02    1.49976E-01    8.60728E-01
    2.96000E+02    1.50272E-01    8.60474E-01
    2.96100E+02    1.50690E-01    8.60114E-01
    2.96200E+02    1.50697E-01    8.60108E-01
    2.96300E+02    1.50948E-01    8.59892E-01
    2.96400E+02    1.51519E-01    8.59401E-01
    2.96500E+02    1.51489E-01    8.59427E-01
    2.96600E+02    1.51760E-01    8.59194E-01
    2.96700E+02    1.52075E-01    8.58924E-01
    2.96800E+02    1.52460E-01    8.58594E-01
    2.96900E+02    1.52807E-01    8.58296E-01
    2.97000E+02    1.53292E-01    8.57879E-01
    2.97100E+02    1.54237E-01    8.57069E-01
    2.97200E+02    1.55916E-01    8.55631E-01
    2.97300E+02    1.54701E-01    8.56671E-01
    2.97400E+02    1.55127E-01    8.56307E-01
    2.97500E+02    1.55381E-01    8.56089E-01
    2.97600E+02    1.55890E-01    8.55653E-01
    2.97700E+02    1.56517E-01    8.55117E-01
    2.97800E+02    1.57251E-01    8.54489E-01
    2.97900E+02    1.58118E-01    8.53749E-01
    2.98000E+02    1.59158E-01    8.52862E-01
    2.98100E+02    1.60456E-01    8.51755E-01
    2.98200E+02    1.62161E-01    8.50304E-01
    2.98300E+02    1.64758E-01    8.48099E-01
    2.98400E+02    1.69132E-01    8.44398E-01
    2.98500E+02    1.72988E-01    8.41147E-01
    2.98600E+02    1.67462E-01    8.45808E-01
    2.98700E+02    1.64232E-01    8.48545E-01
    2.98800E+02    1.63185E-01    8.49434E-01
    2.98900E+02    1.61839E-01    8.50578E-01
    2.99000E+02    1.61107E-01    8.51201E-01
    2.99100E+02    1.60623E-01    8.51613E-01
    2.99200E+02    1.60311E-01    8.51879E-01
    2.99300E+02    1.60184E-01    8.51987E-01
    2.99400E+02    1.60467E-01    8.51746E-01
    2.99500E+02    1.62912E-01    8.49666E-01
    2.99600E+02    1.60207E-01    8.51967E-01
    2.99700E+02    1.60160E-01    8.52007E-01
    2.99800E+02    1.59949E-01    8.52188E-01
    2.99900E+02    1.60035E-01    8.52114E-01
    3.00000E+02    1.60222E-01    8.51955E-01
    3.00100E+02    1.60575E-01    8.51654E-01
    3.00200E+02    1.60918E-01    8.51362E-01
    3.00300E+02    1.61433E-01    8.50924E-01
    3.00400E+02    1.62359E-01    8.50136E-01
    3.00500E+02    1.64277E-01    8.48507E-01
    3.00600E+02    1.70202E-01    8.43494E-01
    3.00700E+02    1.93424E-01    8.24133E-01
    3.00800E+02    1.68362E-01    8.45048E-01
    3.00900E+02    1.65267E-01    8.47668E-01
    3.01000E+02    1.64629E-01    8.48208E-01
    3.01100E+02    1.64740E-01    8.48114E-01
    3.01200E+02    1.65373E-01    8.47577E-01
    3.01300E+02    1.66607E-01    8.46533E-01
    3.01400E+02    1.68708E-01    8.44755E-01
    3.01500E+02    1.72526E-01    8.41536E-01
    3.01600E+02    1.80659E-01    8.34720E-01
    3.01700E+02    2.04217E-01    8.15286E-01
    3.01800E+02    3.70090E-01    6.90672E-01
    3.01900E+02    2.18855E-01    8.03438E-01
    3.02000E+02    1.85333E-01    8.30828E-01
    3.02100E+02    1.75537E-01    8.39006E-01
    3.02200E+02    1.71499E-01    8.42401E-01
    3.02300E+02    1.69599E-01    8.44004E-01
    3.02400E+02    1.68720E-01    8.44745E-01
    3.02500E+02    1.68512E-01    8.44921E-01
    3.02600E+02    1.68652E-01    8.44802E-01
    3.02700E+02    1.69216E-01    8.44327E-01
    3.02800E+02    1.70519E-01    8.43227E-01
    3.02900E+02    1.73288E-01    8.40895E-01
    3.03000E+02    1.80165E-01    8.35133E-01
    3.03100E+02    2.05528E-01    8.14217E-01
    3.03200E+02    2.30634E-01    7.94030E-01
    3.03300E+02    1.84429E-01    8.31579E-01
    3.03400E+02    1.75376E-01    8.39141E-01
    3.03500E+02    1.72255E-01    8.41765E-01
    3.03600E+02    1.71094E-01    8.42742E-01
    3.03700E+02    1.70039E-01    8.43632E-01
    3.03800E+02    1.69684E-01    8.43931E-01
    3.03900E+02    1.69605E-01    8.43998E-01
    3.04000E+02    1.69621E-01    8.43985E-01
    3.04100E+02    1.69747E-01    8.43878E-01
    3.04200E+02    1.69958E-01    8.43701E-01
    3.04300E+02    1.70236E-01    8.43466E-01
    3.04400E+02    1.70583E-01    8.43173E-01
    3.04500E+02    1.71009E-01    8.42814E-01
    3.04600E+02    1.71547E-01    8.42360E-01
    3.04700E+02    1.72302E-01    8.41725E-01
    3.04800E+02    1.73973E-01    8.40320E-01
    3.04900E+02    1.73170E-01    8.40994E-01
    3.05000E+02    1.72736E-01    8.41360E-01
    3.05100E+02    1.72660E-01    8.41424E-01
    3.05200E+02    1.72641E-01    8.41440E-01
    3.05300E+02    1.72722E-01    8.41372E-01
    3.05400E+02    1.72858E-01    8.41257E-01
    3.05500E+02    1.73030E-01    8.41112E-01
    3.05600E+02    1.73234E-01    8.40941E-01
    3.05700E+02    1.73459E-01    8.40752E-01
    3.05800E+02    1.73703E-01    8.40547E-01
    3.05900E+02    1.73979E-01    8.40315E-01
    3.06000E+02    1.74275E-01    8.40066E-01
    3.06100E+02    1.74529E-01    8.39852E-01
    3.06200E+02    1.74822E-01    8.39606E-01
    3.06300E+02    1.75126E-01    8.39351E-01
    3.06400E+02    1.75448E-01    8.39081E-01
    3.06500E+02    1.75759E-01    8.38820E-01
    3.06600E+02    1.76090E-01    8.38543E-01
    3.06700E+02    1.76432E-01    8.38256E-01
    3.06800E+02    1.76789E-01    8.37956E-01
    3.06900E+02    1.77225E-01    8.37591E-01
    3.07000E+02    1.77534E-01    8.37332E-01
    3.07100E+02    1.77868E-01    8.37053E-01
    3.07200E+02    1.78248E-01    8.36735E-01
    3.07300E+02    1.78775E-01    8.36294E-01
    3.07400E+02    1.79248E-01    8.35899E-01
    3.07500E+02    1.79819E-01    8.35421E-01
    3.07600E+02    1.80003E-01    8.35268E-01
    3.07700E+02    1.80350E-01    8.34978E-01
    3.07800E+02    1.80746E-01    8.34648E-01
    3.07900E+02    1.81164E-01    8.34298E-01
    3.08000E+02    1.81584E-01    8.33949E-01
    3.08100E+02    1.82018E-01    8.33586E-01
    3.08200E+02    1.82471E-01    8.33209E-01
    3.08300E+02    1.82946E-01    8.32813E-01
    3.08400E+02    1.83474E-01    8.32373E-01
    3.08500E+02    1.84263E-01    8.31717E-01
    3.08600E+02    1.85156E-01    8.30975E-01
    3.08700E+02    1.84992E-01    8.31111E-01
    3.08800E+02    1.85515E-01    8.30677E-01
    3.08900E+02    1.86057E-01    8.30226E-01
    3.09000E+02    1.86380E-01    8.29958E-01
    3.09100E+02    1.86889E-01    8.29536E-01
    3.09200E+02    1.87484E-01    8.29042E-01
    3.09300E+02    1.88081E-01    8.28547E-01
    3.09400E+02    1.88824E-01    8.27932E-01
    3.09500E+02    1.89276E-01    8.27558E-01
    3.09600E+02    1.89981E-01    8.26975E-01
    3.09700E+02    1.90853E-01    8.26254E-01
    3.09800E+02    1.92092E-01    8.25231E-01
    3.09900E+02    1.94225E-01    8.23473E-01
    3.10000E+02    2.00978E-01    8.17931E-01
    3.10100E+02    2.07109E-01    8.12931E-01
    3.10200E+02    1.96821E-01    8.21337E-01
    3.10300E+02    1.95380E-01    8.22522E-01
    3.10400E+02    1.95103E-01    8.22750E-01
    3.10500E+02    1.95320E-01    8.22571E-01
    3.10600E+02    1.95703E-01    8.22256E-01
    3.10700E+02    1.96177E-01    8.21867E-01
    3.10800E+02    1.96703E-01    8.21434E-01
    3.10900E+02    1.97265E-01    8.20973E-01
    3.11000E+02    1.97862E-01    8.20483E-01
    3.11100E+02    1.98537E-01    8.19930E-01
    3.11200E+02    1.99128E-01    8.19445E-01
    3.11300E+02    1.99731E-01    8.18951E-01
    3.11400E+02    2.00383E-01    8.18417E-01
    3.11500E+02    2.01069E-01    8.17856E-01
    3.11600E+02    2.01852E-01    8.17216E-01
    3.11700E+02    2.02554E-01    8.16643E-01
    3.11800E+02    2.03212E-01    8.16105E-01
    3.11900E+02    2.03919E-01    8.15528E-01
    3.12000E+02    2.04682E-01    8.14907E-01
    3.12100E+02    2.05467E-01    8.14267E-01
    3.12200E+02    2.06275E-01    8.13609E-01
    3.12300E+02    2.07109E-01    8.12931E-01
    3.12400E+02    2.07972E-01    8.12230E-01
    3.12500E+02    2.08907E-01    8.11471E-01
    3.12600E+02    2.09829E-01    8.10723E-01
    3.12700E+02    2.10672E-01    8.10040E-01
    3.12800E+02    2.11618E-01    8.09274E-01
    3.12900E+02    2.12860E-01    8.08269E-01
    3.13000E+02    2.13576E-01    8.07691E-01
    3.13100E+02    2.14552E-01    8.06903E-01
    3.13200E+02    2.15510E-01    8.06131E-01
    3.13300E+02    2.16547E-01    8.05295E-01
    3.13400E+02    2.17633E-01    8.04420E-01
    3.13500E+02    2.18792E-01    8.03489E-01
    3.13600E+02    2.20111E-01    8.02430E-01
    3.13700E+02    2.20950E-01    8.01756E-01
    3.13800E+02    2.22079E-01    8.00852E-01
    3.13900E+02    2.23302E-01    7.99873E-01
    3.14000E+02    2.25090E-01    7.98444E-01
    3.14100E+02    2.25626E-01    7.98016E-01
    3.14200E+02    2.26789E-01    7.97089E-01
    3.14300E+02    2.28031E-01    7.96099E-01
    3.14400E+02    2.29324E-01    7.95071E-01
    3.14500E+02    2.30666E-01    7.94005E-01
    3.14600E+02    2.32059E-01    7.92899E-01
    3.14700E+02    2.33512E-01    7.91748E-01
    3.14800E+02    2.35032E-01    7.90546E-01
    3.14900E+02    2.36631E-01    7.89283E-01
    3.15000E+02    2.38329E-01    7.87944E-01
    3.15100E+02    2.40178E-01    7.86488E-01
    3.15200E+02    2.42113E-01    7.84968E-01
    3.15300E+02    2.44294E-01    7.83258E-01
    3.15400E+02    2.46832E-01    7.81272E-01
    3.15500E+02    2.49993E-01    7.78806E-01
    3.15600E+02    2.54454E-01    7.75339E-01
    3.15700E+02    2.62461E-01    7.69156E-01
    3.15800E+02    2.86242E-01    7.51080E-01
    3.15900E+02    3.37645E-01    7.13449E-01
    3.16000E+02    2.79125E-01    7.56446E-01
    3.16100E+02    2.75567E-01    7.59142E-01
    3.16200E+02    2.86816E-01    7.50650E-01
    3.16300E+02    3.57452E-01    6.99457E-01
    3.16400E+02    3.09042E-01    7.34150E-01
    3.16500E+02    2.83964E-01    7.52794E-01
    3.16600E+02    2.80438E-01    7.55453E-01
    3.16700E+02    2.87209E-01    7.50355E-01
    3.16800E+02    2.79228E-01    7.56367E-01
    3.16900E+02    2.79851E-01    7.55897E-01
    3.17000E+02    2.82195E-01    7.54127E-01
    3.17100E+02    2.86743E-01    7.50705E-01
    3.17200E+02    3.06483E-01    7.36031E-01
    3.17300E+02    2.91419E-01    7.47202E-01
    3.17400E+02    2.92162E-01    7.46647E-01
    3.17500E+02    2.94503E-01    7.44902E-01
    3.17600E+02    2.97402E-01    7.42745E-01
    3.17700E+02    3.00628E-01    7.40353E-01
    3.17800E+02    3.04072E-01    7.37808E-01
    3.17900E+02    3.07699E-01    7.35136E-01
    3.18000E+02    3.11538E-01    7.32320E-01
    3.18100E+02    3.15621E-01    7.29336E-01
    3.18200E+02    3.19816E-01    7.26283E-01
    3.18300E+02    3.24263E-01    7.23060E-01
    3.18400E+02    3.28940E-01    7.19686E-01
    3.18500E+02    3.33882E-01    7.16139E-01
    3.18600E+02    3.38972E-01    7.12502E-01
    3.18700E+02    3.44385E-01    7.08656E-01
    3.18800E+02    3.50083E-01    7.04630E-01
    3.18900E+02    3.56087E-01    7.00412E-01
    3.19000E+02    3.62420E-01    6.95990E-01
    3.19100E+02    3.69128E-01    6.91337E-01
    3.19200E+02    3.76326E-01    6.86378E-01
    3.19300E+02    3.83891E-01    6.81206E-01
    3.19400E+02    3.92099E-01    6.75637E-01
    3.19500E+02    4.00729E-01    6.69832E-01
    3.19600E+02    4.10427E-01    6.63367E-01
    3.19700E+02    4.21703E-01    6.55929E-01
    3.19800E+02    4.36378E-01    6.46374E-01
    3.19900E+02    4.62967E-01    6.29413E-01
    3.20000E+02    6.09904E-01    5.43403E-01
    3.20100E+02    4.82968E-01    6.16950E-01
    3.20200E+02    4.79927E-01    6.18828E-01
    3.20300E+02    4.87759E-01    6.14001E-01
    3.20400E+02    4.98940E-01    6.07174E-01
    3.20500E+02    5.11698E-01    5.99477E-01
    3.20600E+02    5.25684E-01    5.91151E-01
    3.20700E+02    5.40473E-01    5.82473E-01
    3.20800E+02    5.56016E-01    5.73490E-01
    3.20900E+02    5.72137E-01    5.64318E-01
    3.21000E+02    5.88738E-01    5.55027E-01
    3.21100E+02    6.05755E-01    5.45662E-01
    3.21200E+02    6.22874E-01    5.36400E-01
    3.21300E+02    6.40279E-01    5.27146E-01
    3.21400E+02    6.58146E-01    5.17810E-01
    3.21500E+02    6.76765E-01    5.08259E-01
    3.21600E+02    6.96147E-01    4.98502E-01
    3.21700E+02    7.16807E-01    4.88309E-01
    3.21800E+02    7.38947E-01    4.77617E-01
    3.21900E+02    7.62962E-01    4.66283E-01
    3.22000E+02    7.91327E-01    4.53243E-01
    3.22100E+02    8.17164E-01    4.41683E-01
    3.22200E+02    8.46784E-01    4.28792E-01
    3.22300E+02    8.79098E-01    4.15157E-01
    3.22400E+02    9.14506E-01    4.00714E-01
    3.22500E+02    9.52999E-01    3.85583E-01
    3.22600E+02    9.94799E-01    3.69798E-01
    3.22700E+02    1.04036E+00    3.53326E-01
    3.22800E+02    1.08943E+00    3.36407E-01
    3.22900E+02    1.14295E+00    3.18877E-01
    3.23000E+02    1.20108E+00    3.00868E-01
    3.23100E+02    1.26422E+00    2.82460E-01
    3.23200E+02    1.33277E+00    2.63745E-01
    3.23300E+02    1.40715E+00    2.44840E-01
    3.23400E+02    1.48782E+00    2.25865E-01
    3.23500E+02    1.57523E+00    2.06959E-01
    3.23600E+02    1.67000E+00    1.88248E-01
    3.23700E+02    1.77733E+00    1.69089E-01
    3.23800E+02    1.88120E+00    1.52407E-01
    3.23900E+02    1.99782E+00    1.35630E-01
    3.24000E+02    2.12248E+00    1.19735E-01
    3.24100E+02    2.25460E+00    1.04915E-01
    3.24200E+02    2.39373E+00    9.12884E-02
    3.24300E+02    2.53829E+00    7.90017E-02
    3.24400E+02    2.68668E+00    6.81064E-02
    3.24500E+02    2.83657E+00    5.86264E-02
    3.24600E+02    2.98469E+00    5.05551E-02
    3.24700E+02    3.12669E+00    4.38628E-02
    3.24800E+02    3.25721E+00    3.84958E-02
    3.24900E+02    3.36999E+00    3.43901E-02
    3.25000E+02    3.45735E+00    3.15132E-02
    3.25100E+02    3.51074E+00    2.98749E-02
    3.25200E+02    3.51436E+00    2.97670E-02
    3.25300E+02    3.46700E+00    3.12105E-02
    3.25400E+02    3.38508E+00    3.38748E-02
    3.25500E+02    3.27681E+00    3.77484E-02
    3.25600E+02    3.15019E+00    4.28440E-02
    3.25700E+02    3.01116E+00    4.92343E-02
    3.25800E+02    2.86560E+00    5.69488E-02
    3.25900E+02    2.71761E+00    6.60325E-02
    3.26000E+02    2.57068E+00    7.64833E-02
    3.26100E+02    2.42717E+00    8.82860E-02
    3.26200E+02    2.28892E+00    1.01376E-01
    3.26300E+02    2.15760E+00    1.15603E-01
    3.26400E+02    2.03474E+00    1.30715E-01
    3.26500E+02    1.92102E+00    1.46457E-01
    3.26600E+02    1.81258E+00    1.63232E-01
    3.26700E+02    1.71934E+00    1.79184E-01
    3.26800E+02    1.65395E+00    1.91293E-01
    3.26900E+02    1.83645E+00    1.59382E-01
    3.27000E+02    1.48437E+00    2.26644E-01
    3.27100E+02    1.37765E+00    2.52171E-01
    3.27200E+02    1.29767E+00    2.73168E-01
    3.27300E+02    1.22853E+00    2.92722E-01
    3.27400E+02    1.16647E+00    3.11465E-01
    3.27500E+02    1.11010E+00    3.29525E-01
    3.27600E+02    1.05900E+00    3.46802E-01
    3.27700E+02    1.01441E+00    3.62616E-01
    3.27800E+02    9.82606E-01    3.74334E-01
    3.27900E+02    9.38278E-01    3.91301E-01
    3.28000E+02    8.89416E-01    4.10896E-01
    3.28100E+02    8.51442E-01    4.26799E-01
    3.28200E+02    8.17596E-01    4.41492E-01
    3.28300E+02    7.86517E-01    4.55428E-01
    3.28400E+02    7.57763E-01    4.68714E-01
    3.28500E+02    7.31135E-01    4.81362E-01
    3.28600E+02    7.06187E-01    4.93522E-01
    3.28700E+02    6.82937E-01    5.05131E-01
    3.28800E+02    6.61274E-01    5.16193E-01
    3.28900E+02    6.40978E-01    5.26777E-01
    3.29000E+02    6.22003E-01    5.36868E-01
    3.29100E+02    6.04282E-01    5.46467E-01
    3.29200E+02    5.87509E-01    5.55710E-01
    3.29300E+02    5.71915E-01    5.64443E-01
    3.29400E+02    5.57003E-01    5.72924E-01
    3.29500E+02    5.43093E-01    5.80949E-01
    3.29600E+02    5.30110E-01    5.88540E-01
    3.29700E+02    5.17821E-01    5.95817E-01
    3.29800E+02    5.07035E-01    6.02279E-01
    3.29900E+02    4.95022E-01    6.09557E-01
    3.30000E+02    4.84481E-01    6.16017E-01
    3.30100E+02    4.74598E-01    6.22135E-01
    3.30200E+02    4.65263E-01    6.27970E-01
    3.30300E+02    4.56418E-01    6.33549E-01
    3.30400E+02    4.48045E-01    6.38876E-01
    3.30500E+02    4.40087E-01    6.43981E-01
    3.30600E+02    4.32559E-01    6.48847E-01
    3.30700E+02    4.25405E-01    6.53505E-01
    3.30800E+02    4.18597E-01    6.57969E-01
    3.30900E+02    4.12147E-01    6.62227E-01
    3.31000E+02    4.06051E-01    6.66276E-01
    3.31100E+02    4.00223E-01    6.70171E-01
    3.31200E+02    3.94640E-01    6.73923E-01
    3.31300E+02    3.89369E-01    6.77484E-01
    3.31400E+02    3.84370E-01    6.80879E-01
    3.31500E+02    3.79659E-01    6.84095E-01
    3.31600E+02    3.75207E-01    6.87147E-01
    3.31700E+02    3.71067E-01    6.89998E-01
    3.31800E+02    3.67832E-01    6.92234E-01
    3.31900E+02    3.63385E-01    6.95319E-01
    3.32000E+02    3.59946E-01    6.97714E-01
    3.32100E+02    3.57118E-01    6.99690E-01
    3.32200E+02    3.54529E-01    7.01504E-01
    3.32300E+02    3.52955E-01    7.02609E-01
    3.32400E+02    3.53056E-01    7.02538E-01
    3.32500E+02    3.57159E-01    6.99662E-01
    3.32600E+02    3.75300E-01    6.87083E-01
    3.32700E+02    5.44568E-01    5.80092E-01
    3.32800E+02    3.88598E-01    6.78007E-01
    3.32900E+02    4.00139E-01    6.70227E-01
    3.33000E+02    3.47306E-01    7.06589E-01
    3.33100E+02    3.34856E-01    7.15441E-01
    3.33200E+02    3.28390E-01    7.20082E-01
    3.33300E+02    3.23983E-01    7.23263E-01
    3.33400E+02    3.20545E-01    7.25753E-01
    3.33500E+02    3.17612E-01    7.27885E-01
    3.33600E+02    3.15052E-01    7.29751E-01
    3.33700E+02    3.12720E-01    7.31454E-01
    3.33800E+02    3.10599E-01    7.33007E-01
    3.33900E+02    3.08699E-01    7.34402E-01
    3.34000E+02    3.06896E-01    7.35727E-01
    3.34100E+02    3.04949E-01    7.37161E-01
    3.34200E+02    3.03234E-01    7.38426E-01
    3.34300E+02    3.01653E-01    7.39594E-01
    3.34400E+02    3.00139E-01    7.40716E-01
    3.34500E+02    2.98735E-01    7.41756E-01
    3.34600E+02    2.97418E-01    7.42734E-01
    3.34700E+02    2.96214E-01    7.43628E-01
    3.34800E+02    2.95126E-01    7.44438E-01
    3.34900E+02    2.94260E-01    7.45083E-01
    3.35000E+02    2.93802E-01    7.45424E-01
    3.35100E+02    2.94475E-01    7.44922E-01
    3.35200E+02    2.99926E-01    7.40873E-01
    3.35300E+02    3.10036E-01    7.33421E-01
    3.35400E+02    2.92826E-01    7.46152E-01
    3.35500E+02    2.89008E-01    7.49007E-01
    3.35600E+02    2.87144E-01    7.50404E-01
    3.35700E+02    2.86146E-01    7.51153E-01
    3.35800E+02    2.84492E-01    7.52397E-01
    3.35900E+02    2.83863E-01    7.52870E-01
    3.36000E+02    2.82441E-01    7.53941E-01
    3.36100E+02    2.81479E-01    7.54667E-01
    3.36200E+02    2.80995E-01    7.55032E-01
    3.36300E+02    2.79761E-01    7.55965E-01
    3.36400E+02    2.78917E-01    7.56603E-01
    3.36500E+02    2.78145E-01    7.57187E-01
    3.36600E+02    2.77423E-01    7.57734E-01
    3.36700E+02    2.76728E-01    7.58260E-01
    3.36800E+02    2.76072E-01    7.58758E-01
    3.36900E+02    2.75456E-01    7.59226E-01
    3.37000E+02    2.74853E-01    7.59684E-01
    3.37100E+02    2.74409E-01    7.60021E-01
    3.37200E+02    2.73859E-01    7.60439E-01
    3.37300E+02    2.73292E-01    7.60871E-01
    3.37400E+02    2.72787E-01    7.61255E-01
    3.37500E+02    2.72449E-01    7.61512E-01
    3.37600E+02    2.72331E-01    7.61602E-01
    3.37700E+02    2.71641E-01    7.62128E-01
    3.37800E+02    2.70986E-01    7.62627E-01
    3.37900E+02    2.70531E-01    7.62974E-01
    3.38000E+02    2.70134E-01    7.63277E-01
    3.38100E+02    2.69781E-01    7.63547E-01
    3.38200E+02    2.69443E-01    7.63805E-01
    3.38300E+02    2.69194E-01    7.63995E-01
    3.38400E+02    2.68891E-01    7.64227E-01
    3.38500E+02    2.68608E-01    7.64443E-01
    3.38600E+02    2.68498E-01    7.64527E-01
    3.38700E+02    2.69613E-01    7.63675E-01
    3.38800E+02    2.68223E-01    7.64737E-01
    3.38900E+02    2.67675E-01    7.65156E-01
    3.39000E+02    2.67332E-01    7.65419E-01
    3.39100E+02    2.67086E-01    7.65608E-01
    3.39200E+02    2.66877E-01    7.65768E-01
    3.39300E+02    2.66688E-01    7.65912E-01
    3.39400E+02    2.66519E-01    7.66042E-01
    3.39500E+02    2.66363E-01    7.66161E-01
    3.39600E+02    2.66222E-01    7.66269E-01
    3.39700E+02    2.66096E-01    7.66366E-01
    3.39800E+02    2.65996E-01    7.66442E-01
    3.39900E+02    2.65918E-01    7.66502E-01
    3.40000E+02    2.65795E-01    7.66596E-01
    3.40100E+02    2.65710E-01    7.66661E-01
    3.40200E+02    2.65641E-01    7.66714E-01
    3.40300E+02    2.65585E-01    7.66757E-01
    3.40400E+02    2.65544E-01    7.66789E-01
    3.40500E+02    2.65528E-01    7.66801E-01
    3.40600E+02    2.65601E-01    7.66745E-01
    3.40700E+02    2.65899E-01    7.66516E-01
    3.40800E+02    2.65509E-01    7.66816E-01
    3.40900E+02    2.65466E-01    7.66849E-01
    3.41000E+02    2.65463E-01    7.66851E-01
    3.41100E+02    2.65480E-01    7.66838E-01
    3.41200E+02    2.65510E-01    7.66815E-01
    3.41300E+02    2.65552E-01    7.66783E-01
    3.41400E+02    2.65605E-01    7.66742E-01
    3.41500E+02    2.65672E-01    7.66690E-01
    3.41600E+02    2.65752E-01    7.66629E-01
    3.41700E+02    2.65851E-01    7.66553E-01
    3.41800E+02    2.65994E-01    7.66443E-01
    3.41900E+02    2.66311E-01    7.66201E-01
    3.42000E+02    2.66288E-01    7.66219E-01
    3.42100E+02    2.66898E-01    7.65751E-01
    3.42200E+02    2.66575E-01    7.65999E-01
    3.42300E+02    2.66744E-01    7.65869E-01
    3.42400E+02    2.66964E-01    7.65701E-01
    3.42500E+02    2.67274E-01    7.65463E-01
    3.42600E+02    2.67564E-01    7.65241E-01
    3.42700E+02    2.68022E-01    7.64891E-01
    3.42800E+02    2.68705E-01    7.64369E-01
    3.42900E+02    2.69794E-01    7.63536E-01
    3.43000E+02    2.72027E-01    7.61833E-01
    3.43100E+02    2.78509E-01    7.56911E-01
    3.43200E+02    3.05652E-01    7.36643E-01
    3.43300E+02    2.86950E-01    7.50549E-01
    3.43400E+02    2.76830E-01    7.58184E-01
    3.43500E+02    2.86600E-01    7.50812E-01
    3.43600E+02    2.73277E-01    7.60882E-01
    3.43700E+02    2.71048E-01    7.62580E-01
    3.43800E+02    2.70329E-01    7.63128E-01
    3.43900E+02    2.70085E-01    7.63315E-01
    3.44000E+02    2.69984E-01    7.63391E-01
    3.44100E+02    2.70007E-01    7.63374E-01
    3.44200E+02    2.70092E-01    7.63309E-01
    3.44300E+02    2.70220E-01    7.63212E-01
    3.44400E+02    2.70386E-01    7.63085E-01
    3.44500E+02    2.70578E-01    7.62938E-01
    3.44600E+02    2.70815E-01    7.62758E-01
    3.44700E+02    2.71034E-01    7.62590E-01
    3.44800E+02    2.71319E-01    7.62373E-01
    3.44900E+02    2.71575E-01    7.62178E-01
    3.45000E+02    2.71763E-01    7.62035E-01
    3.45100E+02    2.72013E-01    7.61845E-01
    3.45200E+02    2.72283E-01    7.61639E-01
    3.45300E+02    2.72559E-01    7.61428E-01
    3.45400E+02    2.72849E-01    7.61207E-01
    3.45500E+02    2.73146E-01    7.60982E-01
    3.45600E+02    2.73451E-01    7.60749E-01
    3.45700E+02    2.73762E-01    7.60513E-01
    3.45800E+02    2.74081E-01    7.60271E-01
    3.45900E+02    2.74409E-01    7.60021E-01
    3.46000E+02    2.74742E-01    7.59768E-01
    3.46100E+02    2.75099E-01    7.59497E-01
    3.46200E+02    2.75446E-01    7.59233E-01
    3.46300E+02    2.75781E-01    7.58979E-01
    3.46400E+02    2.76145E-01    7.58703E-01
    3.46500E+02    2.76497E-01    7.58436E-01
    3.46600E+02    2.76887E-01    7.58140E-01
    3.46700E+02    2.77259E-01    7.57858E-01
    3.46800E+02    2.77683E-01    7.57537E-01
    3.46900E+02    2.78140E-01    7.57191E-01
    3.47000E+02    2.78453E-01    7.56954E-01
    3.47100E+02    2.78884E-01    7.56628E-01
    3.47200E+02    2.79525E-01    7.56143E-01
    3.47300E+02    2.79762E-01    7.55964E-01
    3.47400E+02    2.80076E-01    7.55726E-01
    3.47500E+02    2.80479E-01    7.55422E-01
    3.47600E+02    2.80921E-01    7.55088E-01
    3.47700E+02    2.81409E-01    7.54720E-01
    3.47800E+02    2.82224E-01    7.54105E-01
    3.47900E+02    2.82316E-01    7.54036E-01
    3.48000E+02    2.82802E-01    7.53669E-01
    3.48100E+02    2.83182E-01    7.53382E-01
    3.48200E+02    2.83640E-01    7.53038E-01
    3.48300E+02    2.84099E-01    7.52692E-01
    3.48400E+02    2.84587E-01    7.52325E-01
    3.48500E+02    2.85098E-01    7.51941E-01
    3.48600E+02    2.85677E-01    7.51505E-01
    3.48700E+02    2.86080E-01    7.51202E-01
    3.48800E+02    2.86595E-01    7.50816E-01
    3.48900E+02    2.87121E-01    7.50421E-01
    3.49000E+02    2.87922E-01    7.49820E-01
    3.49100E+02    2.88195E-01    7.49616E-01
    3.49200E+02    2.88741E-01    7.49206E-01
    3.49300E+02    2.89327E-01    7.48767E-01
    3.49400E+02    2.89989E-01    7.48272E-01
    3.49500E+02    2.90883E-01    7.47603E-01
    3.49600E+02    2.91809E-01    7.46911E-01
    3.49700E+02    2.94134E-01    7.45177E-01
    3.49800E+02    2.94246E-01    7.45093E-01
    3.49900E+02    2.93347E-01    7.45763E-01
