    1.49900E+02    2.95706E-02    9.70862E-01
    1.50000E+02    2.96210E-02    9.70813E-01
    1.50100E+02    2.96678E-02    9.70768E-01
    1.50200E+02    2.96634E-02    9.70772E-01
    1.50300E+02    2.97053E-02    9.70732E-01
    1.50400E+02    2.97178E-02    9.70719E-01
    1.50500E+02    2.97480E-02    9.70690E-01
    1.50600E+02    2.97821E-02    9.70657E-01
    1.50700E+02    2.98187E-02    9.70621E-01
    1.50800E+02    2.98556E-02    9.70586E-01
    1.50900E+02    2.98936E-02    9.70549E-01
    1.51000E+02    2.99323E-02    9.70511E-01
    1.51100E+02    2.99745E-02    9.70470E-01
    1.51200E+02    3.00123E-02    9.70434E-01
    1.51300E+02    3.00535E-02    9.70394E-01
    1.51400E+02    3.00942E-02    9.70354E-01
    1.51500E+02    3.01355E-02    9.70314E-01
    1.51600E+02    3.01784E-02    9.70272E-01
    1.51700E+02    3.02198E-02    9.70232E-01
    1.51800E+02    3.02618E-02    9.70192E-01
    1.51900E+02    3.03055E-02    9.70149E-01
    1.52000E+02    3.03487E-02    9.70107E-01
    1.52100E+02    3.03937E-02    9.70064E-01
    1.52200E+02    3.04333E-02    9.70025E-01
    1.52300E+02    3.04805E-02    9.69979E-01
    1.52400E+02    3.05281E-02    9.69933E-01
    1.52500E+02    3.05798E-02    9.69883E-01
    1.52600E+02    3.06287E-02    9.69836E-01
    1.52700E+02    3.06820E-02    9.69784E-01
    1.52800E+02    3.07377E-02    9.69730E-01
    1.52900E+02    3.07984E-02    9.69671E-01
    1.53000E+02    3.08683E-02    9.69603E-01
    1.53100E+02    3.09396E-02    9.69534E-01
    1.53200E+02    3.10160E-02    9.69460E-01
    1.53300E+02    3.11098E-02    9.69369E-01
    1.53400E+02    3.12330E-02    9.69250E-01
    1.53500E+02    3.14119E-02    9.69076E-01
    1.53600E+02    3.17113E-02    9.68786E-01
    1.53700E+02    3.28214E-02    9.67711E-01
    1.53800E+02    3.28040E-02    9.67728E-01
    1.53900E+02    3.46034E-02    9.65988E-01
    1.54000E+02    3.83889E-02    9.62339E-01
    1.54100E+02    3.64726E-02    9.64185E-01
    1.54200E+02    3.31280E-02    9.67415E-01
    1.54300E+02    3.23229E-02    9.68194E-01
    1.54400E+02    3.20073E-02    9.68500E-01
    1.54500E+02    3.18768E-02    9.68626E-01
    1.54600E+02    3.18269E-02    9.68674E-01
    1.54700E+02    3.18259E-02    9.68675E-01
    1.54800E+02    3.18368E-02    9.68665E-01
    1.54900E+02    3.18589E-02    9.68643E-01
    1.55000E+02    3.18946E-02    9.68609E-01
    1.55100E+02    3.19339E-02    9.68571E-01
    1.55200E+02    3.19782E-02    9.68528E-01
    1.55300E+02    3.20258E-02    9.68482E-01
    1.55400E+02    3.20780E-02    9.68431E-01
    1.55500E+02    3.21344E-02    9.68376E-01
    1.55600E+02    3.21952E-02    9.68318E-01
    1.55700E+02    3.22633E-02    9.68252E-01
    1.55800E+02    3.23454E-02    9.68172E-01
    1.55900E+02    3.24717E-02    9.68050E-01
    1.56000E+02    3.26841E-02    9.67844E-01
    1.56100E+02    3.43441E-02    9.66239E-01
    1.56200E+02    3.28445E-02    9.67689E-01
    1.56300E+02    3.27086E-02    9.67821E-01
    1.56400E+02    3.27301E-02    9.67800E-01
    1.56500E+02    3.28847E-02    9.67650E-01
    1.56600E+02    3.28216E-02    9.67711E-01
    1.56700E+02    3.28749E-02    9.67660E-01
    1.56800E+02    3.29183E-02    9.67618E-01
    1.56900E+02    3.29778E-02    9.67560E-01
    1.57000E+02    3.30560E-02    9.67484E-01
    1.57100E+02    3.31134E-02    9.67429E-01
    1.57200E+02    3.32021E-02    9.67343E-01
    1.57300E+02    3.33436E-02    9.67206E-01
    1.57400E+02    3.33231E-02    9.67226E-01
    1.57500E+02    3.33807E-02    9.67170E-01
    1.57600E+02    3.34480E-02    9.67105E-01
    1.57700E+02    3.35185E-02    9.67037E-01
    1.57800E+02    3.35899E-02    9.66968E-01
    1.57900E+02    3.36634E-02    9.66897E-01
    1.58000E+02    3.37385E-02    9.66824E-01
    1.58100E+02    3.38156E-02    9.66750E-01
    1.58200E+02    3.38937E-02    9.66674E-01
    1.58300E+02    3.39775E-02    9.66593E-01
    1.58400E+02    3.40687E-02    9.66505E-01
    1.58500E+02    3.42389E-02    9.66341E-01
    1.58600E+02    3.42867E-02    9.66294E-01
    1.58700E+02    3.43004E-02    9.66281E-01
    1.58800E+02    3.43737E-02    9.66210E-01
    1.58900E+02    3.44509E-02    9.66136E-01
    1.59000E+02    3.45331E-02    9.66056E-01
    1.59100E+02    3.46265E-02    9.65966E-01
    1.59200E+02    3.47226E-02    9.65873E-01
    1.59300E+02    3.47999E-02    9.65799E-01
    1.59400E+02    3.48776E-02    9.65724E-01
    1.59500E+02    3.49881E-02    9.65617E-01
    1.59600E+02    3.50597E-02    9.65548E-01
    1.59700E+02    3.51354E-02    9.65475E-01
    1.59800E+02    3.52269E-02    9.65386E-01
    1.59900E+02    3.53319E-02    9.65285E-01
    1.60000E+02    3.54216E-02    9.65198E-01
    1.60100E+02    3.55055E-02    9.65117E-01
    1.60200E+02    3.56002E-02    9.65026E-01
    1.60300E+02    3.56888E-02    9.64941E-01
    1.60400E+02    3.57982E-02    9.64835E-01
    1.60500E+02    3.58876E-02    9.64749E-01
    1.60600E+02    3.59808E-02    9.64659E-01
    1.60700E+02    3.60798E-02    9.64563E-01
    1.60800E+02    3.61793E-02    9.64467E-01
    1.60900E+02    3.62813E-02    9.64369E-01
    1.61000E+02    3.63861E-02    9.64268E-01
    1.61100E+02    3.64928E-02    9.64165E-01
    1.61200E+02    3.66038E-02    9.64058E-01
    1.61300E+02    3.67201E-02    9.63946E-01
    1.61400E+02    3.68170E-02    9.63852E-01
    1.61500E+02    3.69254E-02    9.63748E-01
    1.61600E+02    3.70363E-02    9.63641E-01
    1.61700E+02    3.71510E-02    9.63531E-01
    1.61800E+02    3.72652E-02    9.63421E-01
    1.61900E+02    3.73833E-02    9.63307E-01
    1.62000E+02    3.75011E-02    9.63193E-01
    1.62100E+02    3.76212E-02    9.63078E-01
    1.62200E+02    3.77436E-02    9.62960E-01
    1.62300E+02    3.78739E-02    9.62834E-01
    1.62400E+02    3.79931E-02    9.62720E-01
    1.62500E+02    3.81208E-02    9.62597E-01
    1.62600E+02    3.82512E-02    9.62471E-01
    1.62700E+02    3.83823E-02    9.62345E-01
    1.62800E+02    3.85178E-02    9.62215E-01
    1.62900E+02    3.86563E-02    9.62081E-01
    1.63000E+02    3.87988E-02    9.61944E-01
    1.63100E+02    3.89503E-02    9.61799E-01
    1.63200E+02    3.91372E-02    9.61619E-01
    1.63300E+02    3.92997E-02    9.61463E-01
    1.63400E+02    3.93995E-02    9.61367E-01
    1.63500E+02    3.95480E-02    9.61224E-01
    1.63600E+02    3.97109E-02    9.61067E-01
    1.63700E+02    3.98739E-02    9.60911E-01
    1.63800E+02    4.00481E-02    9.60743E-01
    1.63900E+02    4.02323E-02    9.60566E-01
    1.64000E+02    4.04307E-02    9.60376E-01
    1.64100E+02    4.06350E-02    9.60180E-01
    1.64200E+02    4.08648E-02    9.59959E-01
    1.64300E+02    4.11239E-02    9.59710E-01
    1.64400E+02    4.14286E-02    9.59418E-01
    1.64500E+02    4.18117E-02    9.59050E-01
    1.64600E+02    4.23488E-02    9.58535E-01
    1.64700E+02    4.32674E-02    9.57655E-01
    1.64800E+02    4.52163E-02    9.55791E-01
    1.64900E+02    5.18967E-02    9.49427E-01
    1.65000E+02    5.26682E-02    9.48695E-01
    1.65100E+02    4.60182E-02    9.55025E-01
    1.65200E+02    4.48648E-02    9.56127E-01
    1.65300E+02    4.48535E-02    9.56138E-01
    1.65400E+02    4.54395E-02    9.55577E-01
    1.65500E+02    4.68452E-02    9.54235E-01
    1.65600E+02    5.01641E-02    9.51073E-01
    1.65700E+02    6.12551E-02    9.40583E-01
    1.65800E+02    1.03644E-01    9.01546E-01
    1.65900E+02    5.63025E-02    9.45253E-01
    1.66000E+02    4.94152E-02    9.51786E-01
    1.66100E+02    4.71979E-02    9.53899E-01
    1.66200E+02    4.65578E-02    9.54509E-01
    1.66300E+02    4.58391E-02    9.55196E-01
    1.66400E+02    4.56232E-02    9.55402E-01
    1.66500E+02    4.56035E-02    9.55421E-01
    1.66600E+02    4.57991E-02    9.55234E-01
    1.66700E+02    4.57221E-02    9.55307E-01
    1.66800E+02    4.58338E-02    9.55201E-01
    1.66900E+02    4.59927E-02    9.55049E-01
    1.67000E+02    4.61852E-02    9.54865E-01
    1.67100E+02    4.64178E-02    9.54643E-01
    1.67200E+02    4.66841E-02    9.54389E-01
    1.67300E+02    4.70353E-02    9.54054E-01
    1.67400E+02    4.75715E-02    9.53542E-01
    1.67500E+02    4.89782E-02    9.52202E-01
    1.67600E+02    5.13506E-02    9.49946E-01
    1.67700E+02    4.86031E-02    9.52559E-01
    1.67800E+02    4.83101E-02    9.52838E-01
    1.67900E+02    4.83691E-02    9.52782E-01
    1.68000E+02    4.85373E-02    9.52622E-01
    1.68100E+02    4.87550E-02    9.52414E-01
    1.68200E+02    4.89977E-02    9.52183E-01
    1.68300E+02    4.92607E-02    9.51933E-01
    1.68400E+02    4.95364E-02    9.51671E-01
    1.68500E+02    4.98246E-02    9.51396E-01
    1.68600E+02    5.01262E-02    9.51109E-01
    1.68700E+02    5.04423E-02    9.50809E-01
    1.68800E+02    5.07918E-02    9.50477E-01
    1.68900E+02    5.12910E-02    9.50002E-01
    1.69000E+02    5.18870E-02    9.49436E-01
    1.69100E+02    5.18223E-02    9.49498E-01
    1.69200E+02    5.20817E-02    9.49251E-01
    1.69300E+02    5.24084E-02    9.48941E-01
    1.69400E+02    5.27498E-02    9.48617E-01
    1.69500E+02    5.31112E-02    9.48275E-01
    1.69600E+02    5.34933E-02    9.47912E-01
    1.69700E+02    5.38741E-02    9.47551E-01
    1.69800E+02    5.43051E-02    9.47143E-01
    1.69900E+02    5.47142E-02    9.46756E-01
    1.70000E+02    5.51814E-02    9.46314E-01
    1.70100E+02    5.54697E-02    9.46041E-01
    1.70200E+02    5.58852E-02    9.45648E-01
    1.70300E+02    5.64374E-02    9.45126E-01
    1.70400E+02    5.67496E-02    9.44831E-01
    1.70500E+02    5.71928E-02    9.44412E-01
    1.70600E+02    5.76516E-02    9.43979E-01
    1.70700E+02    5.81253E-02    9.43532E-01
    1.70800E+02    5.86115E-02    9.43073E-01
    1.70900E+02    5.91145E-02    9.42599E-01
    1.71000E+02    5.96420E-02    9.42102E-01
    1.71100E+02    6.01896E-02    9.41586E-01
    1.71200E+02    6.07611E-02    9.41048E-01
    1.71300E+02    6.14143E-02    9.40434E-01
    1.71400E+02    6.29227E-02    9.39016E-01
    1.71500E+02    6.25729E-02    9.39345E-01
    1.71600E+02    6.29979E-02    9.38945E-01
    1.71700E+02    6.35356E-02    9.38441E-01
    1.71800E+02    6.41265E-02    9.37886E-01
    1.71900E+02    6.47446E-02    9.37307E-01
    1.72000E+02    6.53837E-02    9.36708E-01
    1.72100E+02    6.60392E-02    9.36094E-01
    1.72200E+02    6.67154E-02    9.35461E-01
    1.72300E+02    6.74095E-02    9.34812E-01
    1.72400E+02    6.81244E-02    9.34144E-01
    1.72500E+02    6.88601E-02    9.33457E-01
    1.72600E+02    6.96175E-02    9.32751E-01
    1.72700E+02    7.04004E-02    9.32021E-01
    1.72800E+02    7.12223E-02    9.31255E-01
    1.72900E+02    7.20405E-02    9.30493E-01
    1.73000E+02    7.29045E-02    9.29690E-01
    1.73100E+02    7.38171E-02    9.28842E-01
    1.73200E+02    7.48072E-02    9.27922E-01
    1.73300E+02    7.60216E-02    9.26796E-01
    1.73400E+02    7.76138E-02    9.25322E-01
    1.73500E+02    8.15287E-02    9.21706E-01
    1.73600E+02    7.92252E-02    9.23832E-01
    1.73700E+02    7.97592E-02    9.23339E-01
    1.73800E+02    8.06463E-02    9.22520E-01
    1.73900E+02    8.16574E-02    9.21588E-01
    1.74000E+02    8.27442E-02    9.20587E-01
    1.74100E+02    8.38786E-02    9.19543E-01
    1.74200E+02    8.50692E-02    9.18449E-01
    1.74300E+02    8.62938E-02    9.17325E-01
    1.74400E+02    8.75720E-02    9.16153E-01
    1.74500E+02    8.89124E-02    9.14926E-01
    1.74600E+02    9.02916E-02    9.13665E-01
    1.74700E+02    9.17334E-02    9.12348E-01
    1.74800E+02    9.32640E-02    9.10953E-01
    1.74900E+02    9.49182E-02    9.09447E-01
    1.75000E+02    9.68105E-02    9.07728E-01
    1.75100E+02    9.94982E-02    9.05292E-01
    1.75200E+02    1.05904E-01    8.99511E-01
    1.75300E+02    1.03595E-01    9.01590E-01
    1.75400E+02    1.08604E-01    8.97086E-01
    1.75500E+02    1.09481E-01    8.96299E-01
    1.75600E+02    1.08037E-01    8.97594E-01
    1.75700E+02    1.09197E-01    8.96554E-01
    1.75800E+02    1.10900E-01    8.95028E-01
    1.75900E+02    1.12854E-01    8.93281E-01
    1.76000E+02    1.14951E-01    8.91410E-01
    1.76100E+02    1.17175E-01    8.89430E-01
    1.76200E+02    1.19520E-01    8.87346E-01
    1.76300E+02    1.21973E-01    8.85172E-01
    1.76400E+02    1.24715E-01    8.82749E-01
    1.76500E+02    1.27189E-01    8.80567E-01
    1.76600E+02    1.29941E-01    8.78147E-01
    1.76700E+02    1.32827E-01    8.75617E-01
    1.76800E+02    1.35855E-01    8.72969E-01
    1.76900E+02    1.39012E-01    8.70218E-01
    1.77000E+02    1.42313E-01    8.67350E-01
    1.77100E+02    1.45747E-01    8.64376E-01
    1.77200E+02    1.49340E-01    8.61276E-01
    1.77300E+02    1.53098E-01    8.58045E-01
    1.77400E+02    1.57046E-01    8.54665E-01
    1.77500E+02    1.61158E-01    8.51157E-01
    1.77600E+02    1.65478E-01    8.47489E-01
    1.77700E+02    1.70010E-01    8.43657E-01
    1.77800E+02    1.74766E-01    8.39654E-01
    1.77900E+02    1.79760E-01    8.35470E-01
    1.78000E+02    1.84991E-01    8.31111E-01
    1.78100E+02    1.90500E-01    8.26546E-01
    1.78200E+02    1.96295E-01    8.21770E-01
    1.78300E+02    2.02395E-01    8.16772E-01
    1.78400E+02    2.08838E-01    8.11526E-01
    1.78500E+02    2.15690E-01    8.05985E-01
    1.78600E+02    2.23054E-01    8.00072E-01
    1.78700E+02    2.30383E-01    7.94229E-01
    1.78800E+02    2.38270E-01    7.87990E-01
    1.78900E+02    2.46682E-01    7.81389E-01
    1.79000E+02    2.55598E-01    7.74453E-01
    1.79100E+02    2.65048E-01    7.67169E-01
    1.79200E+02    2.75070E-01    7.59519E-01
    1.79300E+02    2.85714E-01    7.51477E-01
    1.79400E+02    2.97009E-01    7.43037E-01
    1.79500E+02    3.09035E-01    7.34155E-01
    1.79600E+02    3.21826E-01    7.24825E-01
    1.79700E+02    3.35461E-01    7.15009E-01
    1.79800E+02    3.50002E-01    7.04686E-01
    1.79900E+02    3.65587E-01    6.93790E-01
    1.80000E+02    3.83245E-01    6.81646E-01
    1.80100E+02    3.99840E-01    6.70427E-01
    1.80200E+02    4.18681E-01    6.57914E-01
    1.80300E+02    4.38930E-01    6.44726E-01
    1.80400E+02    4.60656E-01    6.30869E-01
    1.80500E+02    4.83964E-01    6.16335E-01
    1.80600E+02    5.08999E-01    6.01097E-01
    1.80700E+02    5.35893E-01    5.85147E-01
    1.80800E+02    5.64798E-01    5.68475E-01
    1.80900E+02    5.95900E-01    5.51067E-01
    1.81000E+02    6.29403E-01    5.32910E-01
    1.81100E+02    6.65398E-01    5.14069E-01
    1.81200E+02    7.04149E-01    4.94529E-01
    1.81300E+02    7.45874E-01    4.74319E-01
    1.81400E+02    7.90799E-01    4.53482E-01
    1.81500E+02    8.39077E-01    4.32109E-01
    1.81600E+02    8.90941E-01    4.10270E-01
    1.81700E+02    9.46583E-01    3.88065E-01
    1.81800E+02    1.00617E+00    3.65617E-01
    1.81900E+02    1.06976E+00    3.43090E-01
    1.82000E+02    1.13753E+00    3.20611E-01
    1.82100E+02    1.20938E+00    2.98381E-01
    1.82200E+02    1.28559E+00    2.76488E-01
    1.82300E+02    1.36429E+00    2.55561E-01
    1.82400E+02    1.44650E+00    2.35394E-01
    1.82500E+02    1.53088E+00    2.16346E-01
    1.82600E+02    1.61651E+00    1.98591E-01
    1.82700E+02    1.70175E+00    1.82365E-01
    1.82800E+02    1.78469E+00    1.67849E-01
    1.82900E+02    1.86294E+00    1.55215E-01
    1.83000E+02    1.93340E+00    1.44655E-01
    1.83100E+02    1.99257E+00    1.36345E-01
    1.83200E+02    2.03615E+00    1.30531E-01
    1.83300E+02    2.05764E+00    1.27755E-01
    1.83400E+02    2.04665E+00    1.29167E-01
    1.83500E+02    2.01139E+00    1.33803E-01
    1.83600E+02    1.95916E+00    1.40976E-01
    1.83700E+02    1.89451E+00    1.50391E-01
    1.83800E+02    1.82139E+00    1.61800E-01
    1.83900E+02    1.74255E+00    1.75074E-01
    1.84000E+02    1.66077E+00    1.89993E-01
    1.84100E+02    1.57855E+00    2.06274E-01
    1.84200E+02    1.49883E+00    2.23392E-01
    1.84300E+02    1.42898E+00    2.39553E-01
    1.84400E+02    1.37909E+00    2.51806E-01
    1.84500E+02    1.26822E+00    2.81331E-01
    1.84600E+02    1.19138E+00    3.03802E-01
    1.84700E+02    1.12592E+00    3.24354E-01
    1.84800E+02    1.06055E+00    3.46264E-01
    1.84900E+02    9.95235E-01    3.69637E-01
    1.85000E+02    9.37515E-01    3.91600E-01
    1.85100E+02    8.84261E-01    4.13019E-01
    1.85200E+02    8.34801E-01    4.33961E-01
    1.85300E+02    7.88931E-01    4.54330E-01
    1.85400E+02    7.46233E-01    4.74149E-01
    1.85500E+02    7.07077E-01    4.93083E-01
    1.85600E+02    6.70366E-01    5.11521E-01
    1.85700E+02    6.35135E-01    5.29864E-01
    1.85800E+02    6.02994E-01    5.47171E-01
    1.85900E+02    5.73151E-01    5.63746E-01
    1.86000E+02    5.45391E-01    5.79615E-01
    1.86100E+02    5.19552E-01    5.94787E-01
    1.86200E+02    4.95455E-01    6.09294E-01
    1.86300E+02    4.72990E-01    6.23137E-01
    1.86400E+02    4.52020E-01    6.36341E-01
    1.86500E+02    4.32420E-01    6.48937E-01
    1.86600E+02    4.14043E-01    6.60973E-01
    1.86700E+02    3.96865E-01    6.72425E-01
    1.86800E+02    3.80788E-01    6.83323E-01
    1.86900E+02    3.65713E-01    6.93702E-01
    1.87000E+02    3.51598E-01    7.03563E-01
    1.87100E+02    3.38639E-01    7.12740E-01
    1.87200E+02    3.26028E-01    7.21785E-01
    1.87300E+02    3.13984E-01    7.30531E-01
    1.87400E+02    3.02843E-01    7.38715E-01
    1.87500E+02    2.92368E-01    7.46493E-01
    1.87600E+02    2.82531E-01    7.53873E-01
    1.87700E+02    2.73201E-01    7.60940E-01
    1.87800E+02    2.64460E-01    7.67620E-01
    1.87900E+02    2.56512E-01    7.73746E-01
    1.88000E+02    2.48166E-01    7.80231E-01
    1.88100E+02    2.40620E-01    7.86141E-01
    1.88200E+02    2.33505E-01    7.91754E-01
    1.88300E+02    2.26765E-01    7.97108E-01
    1.88400E+02    2.20369E-01    8.02223E-01
    1.88500E+02    2.14278E-01    8.07124E-01
    1.88600E+02    2.08493E-01    8.11807E-01
    1.88700E+02    2.02994E-01    8.16283E-01
    1.88800E+02    1.97786E-01    8.20546E-01
    1.88900E+02    1.93033E-01    8.24455E-01
    1.89000E+02    1.88049E-01    8.28574E-01
    1.89100E+02    1.83473E-01    8.32374E-01
    1.89200E+02    1.79115E-01    8.36010E-01
    1.89300E+02    1.74983E-01    8.39472E-01
    1.89400E+02    1.70988E-01    8.42832E-01
    1.89500E+02    1.67193E-01    8.46036E-01
    1.89600E+02    1.63572E-01    8.49106E-01
    1.89700E+02    1.60101E-01    8.52058E-01
    1.89800E+02    1.56763E-01    8.54906E-01
    1.89900E+02    1.53572E-01    8.57639E-01
    1.90000E+02    1.50514E-01    8.60266E-01
    1.90100E+02    1.47578E-01    8.62795E-01
    1.90200E+02    1.44765E-01    8.65226E-01
    1.90300E+02    1.42079E-01    8.67552E-01
    1.90400E+02    1.39502E-01    8.69792E-01
    1.90500E+02    1.37122E-01    8.71864E-01
    1.90600E+02    1.34985E-01    8.73729E-01
    1.90700E+02    1.32327E-01    8.76055E-01
    1.90800E+02    1.30052E-01    8.78050E-01
    1.90900E+02    1.27889E-01    8.79951E-01
    1.91000E+02    1.25818E-01    8.81775E-01
    1.91100E+02    1.23830E-01    8.83530E-01
    1.91200E+02    1.21913E-01    8.85225E-01
    1.91300E+02    1.20067E-01    8.86861E-01
    1.91400E+02    1.18290E-01    8.88438E-01
    1.91500E+02    1.16578E-01    8.89961E-01
    1.91600E+02    1.14929E-01    8.91429E-01
    1.91700E+02    1.13351E-01    8.92837E-01
    1.91800E+02    1.11938E-01    8.94100E-01
    1.91900E+02    1.10337E-01    8.95532E-01
    1.92000E+02    1.08887E-01    8.96832E-01
    1.92100E+02    1.07505E-01    8.98072E-01
    1.92200E+02    1.06199E-01    8.99246E-01
    1.92300E+02    1.04938E-01    9.00381E-01
    1.92400E+02    1.03670E-01    9.01522E-01
    1.92500E+02    1.02476E-01    9.02600E-01
    1.92600E+02    1.01346E-01    9.03620E-01
    1.92700E+02    1.00289E-01    9.04576E-01
    1.92800E+02    9.92507E-02    9.05516E-01
    1.92900E+02    9.83197E-02    9.06359E-01
    1.93000E+02    9.75017E-02    9.07101E-01
    1.93100E+02    9.69350E-02    9.07615E-01
    1.93200E+02    9.69559E-02    9.07596E-01
    1.93300E+02    1.00393E-01    9.04482E-01
    1.93400E+02    9.97656E-02    9.05050E-01
    1.93500E+02    9.43549E-02    9.09960E-01
    1.93600E+02    9.25111E-02    9.11639E-01
    1.93700E+02    9.13191E-02    9.12726E-01
    1.93800E+02    9.03500E-02    9.13611E-01
    1.93900E+02    8.94843E-02    9.14403E-01
    1.94000E+02    8.86750E-02    9.15143E-01
    1.94100E+02    8.78982E-02    9.15854E-01
    1.94200E+02    8.71556E-02    9.16535E-01
    1.94300E+02    8.64500E-02    9.17181E-01
    1.94400E+02    8.57694E-02    9.17806E-01
    1.94500E+02    8.51447E-02    9.18379E-01
    1.94600E+02    8.45796E-02    9.18899E-01
    1.94700E+02    8.40916E-02    9.19347E-01
    1.94800E+02    8.37128E-02    9.19695E-01
    1.94900E+02    8.35077E-02    9.19884E-01
    1.95000E+02    8.36022E-02    9.19797E-01
    1.95100E+02    8.42898E-02    9.19165E-01
    1.95200E+02    8.64071E-02    9.17221E-01
    1.95300E+02    9.31483E-02    9.11058E-01
    1.95400E+02    1.31472E-01    8.76804E-01
    1.95500E+02    1.06292E-01    8.99162E-01
    1.95600E+02    9.00670E-02    9.13870E-01
    1.95700E+02    9.47252E-02    9.09623E-01
    1.95800E+02    8.42537E-02    9.19198E-01
    1.95900E+02    7.98170E-02    9.23285E-01
    1.96000E+02    7.79056E-02    9.25052E-01
    1.96100E+02    7.67059E-02    9.26162E-01
    1.96200E+02    7.58211E-02    9.26982E-01
    1.96300E+02    7.50755E-02    9.27673E-01
    1.96400E+02    7.44757E-02    9.28230E-01
    1.96500E+02    7.38580E-02    9.28804E-01
    1.96600E+02    7.33229E-02    9.29301E-01
    1.96700E+02    7.28304E-02    9.29758E-01
    1.96800E+02    7.23695E-02    9.30187E-01
    1.96900E+02    7.19339E-02    9.30592E-01
    1.97000E+02    7.15087E-02    9.30988E-01
    1.97100E+02    7.11124E-02    9.31357E-01
    1.97200E+02    7.07259E-02    9.31717E-01
    1.97300E+02    7.03530E-02    9.32065E-01
    1.97400E+02    7.00073E-02    9.32387E-01
    1.97500E+02    6.97343E-02    9.32642E-01
    1.97600E+02    6.94354E-02    9.32920E-01
    1.97700E+02    6.90381E-02    9.33291E-01
    1.97800E+02    6.86915E-02    9.33615E-01
    1.97900E+02    6.83932E-02    9.33893E-01
    1.98000E+02    6.83283E-02    9.33954E-01
    1.98100E+02    6.78059E-02    9.34442E-01
    1.98200E+02    6.75021E-02    9.34726E-01
    1.98300E+02    6.72255E-02    9.34984E-01
    1.98400E+02    6.69633E-02    9.35229E-01
    1.98500E+02    6.67120E-02    9.35465E-01
    1.98600E+02    6.64754E-02    9.35686E-01
    1.98700E+02    6.62479E-02    9.35899E-01
    1.98800E+02    6.60405E-02    9.36093E-01
    1.98900E+02    6.58581E-02    9.36264E-01
    1.99000E+02    6.57261E-02    9.36387E-01
    1.99100E+02    6.57123E-02    9.36400E-01
    1.99200E+02    6.63788E-02    9.35776E-01
    1.99300E+02    6.69386E-02    9.35253E-01
    1.99400E+02    7.07008E-02    9.31741E-01
    1.99500E+02    6.56594E-02    9.36450E-01
    1.99600E+02    6.48088E-02    9.37247E-01
    1.99700E+02    6.43774E-02    9.37651E-01
    1.99800E+02    6.40950E-02    9.37916E-01
    1.99900E+02    6.38705E-02    9.38126E-01
    2.00000E+02    6.36792E-02    9.38306E-01
    2.00100E+02    6.34985E-02    9.38475E-01
    2.00200E+02    6.33360E-02    9.38628E-01
    2.00300E+02    6.31859E-02    9.38769E-01
    2.00400E+02    6.30459E-02    9.38900E-01
    2.00500E+02    6.29160E-02    9.39022E-01
    2.00600E+02    6.27956E-02    9.39135E-01
    2.00700E+02    6.26846E-02    9.39240E-01
    2.00800E+02    6.25854E-02    9.39333E-01
    2.00900E+02    6.24953E-02    9.39417E-01
    2.01000E+02    6.24155E-02    9.39492E-01
    2.01100E+02    6.23458E-02    9.39558E-01
    2.01200E+02    6.22885E-02    9.39612E-01
    2.01300E+02    6.22480E-02    9.39650E-01
    2.01400E+02    6.22493E-02    9.39649E-01
    2.01500E+02    6.22465E-02    9.39651E-01
    2.01600E+02    6.21866E-02    9.39707E-01
    2.01700E+02    6.21867E-02    9.39707E-01
    2.01800E+02    6.22093E-02    9.39686E-01
    2.01900E+02    6.22516E-02    9.39646E-01
    2.02000E+02    6.23137E-02    9.39588E-01
    2.02100E+02    6.23951E-02    9.39512E-01
    2.02200E+02    6.25053E-02    9.39408E-01
    2.02300E+02    6.26215E-02    9.39299E-01
    2.02400E+02    6.27652E-02    9.39164E-01
    2.02500E+02    6.29225E-02    9.39016E-01
    2.02600E+02    6.31064E-02    9.38844E-01
    2.02700E+02    6.33012E-02    9.38661E-01
    2.02800E+02    6.35096E-02    9.38465E-01
    2.02900E+02    6.37195E-02    9.38268E-01
    2.03000E+02    6.39242E-02    9.38076E-01
    2.03100E+02    6.41175E-02    9.37895E-01
    2.03200E+02    6.42900E-02    9.37733E-01
    2.03300E+02    6.44646E-02    9.37569E-01
    2.03400E+02    6.49126E-02    9.37149E-01
    2.03500E+02    6.48442E-02    9.37213E-01
    2.03600E+02    6.40794E-02    9.37931E-01
    2.03700E+02    6.36737E-02    9.38311E-01
    2.03800E+02    6.32971E-02    9.38665E-01
    2.03900E+02    6.29133E-02    9.39025E-01
    2.04000E+02    6.25636E-02    9.39353E-01
    2.04100E+02    6.21173E-02    9.39773E-01
    2.04200E+02    6.17301E-02    9.40137E-01
    2.04300E+02    6.13607E-02    9.40484E-01
    2.04400E+02    6.10100E-02    9.40814E-01
    2.04500E+02    6.06781E-02    9.41126E-01
    2.04600E+02    6.03679E-02    9.41418E-01
    2.04700E+02    6.00769E-02    9.41692E-01
    2.04800E+02    5.98110E-02    9.41943E-01
    2.04900E+02    5.95664E-02    9.42173E-01
    2.05000E+02    5.93317E-02    9.42394E-01
    2.05100E+02    5.91380E-02    9.42577E-01
    2.05200E+02    5.91433E-02    9.42572E-01
    2.05300E+02    5.87775E-02    9.42917E-01
    2.05400E+02    5.85890E-02    9.43094E-01
    2.05500E+02    5.84721E-02    9.43205E-01
    2.05600E+02    5.83529E-02    9.43317E-01
    2.05700E+02    5.82503E-02    9.43414E-01
    2.05800E+02    5.82282E-02    9.43435E-01
    2.05900E+02    5.83639E-02    9.43307E-01
    2.06000E+02    5.89899E-02    9.42716E-01
    2.06100E+02    6.30605E-02    9.38887E-01
    2.06200E+02    6.03520E-02    9.41433E-01
    2.06300E+02    5.83222E-02    9.43346E-01
    2.06400E+02    5.77476E-02    9.43888E-01
    2.06500E+02    5.78243E-02    9.43816E-01
    2.06600E+02    5.72689E-02    9.44340E-01
    2.06700E+02    5.71060E-02    9.44494E-01
    2.06800E+02    5.69904E-02    9.44603E-01
    2.06900E+02    5.68996E-02    9.44689E-01
    2.07000E+02    5.68223E-02    9.44762E-01
    2.07100E+02    5.67588E-02    9.44822E-01
    2.07200E+02    5.67086E-02    9.44869E-01
    2.07300E+02    5.66765E-02    9.44900E-01
    2.07400E+02    5.66900E-02    9.44887E-01
    2.07500E+02    5.69053E-02    9.44684E-01
    2.07600E+02    5.66306E-02    9.44943E-01
    2.07700E+02    5.66126E-02    9.44960E-01
    2.07800E+02    5.66384E-02    9.44936E-01
    2.07900E+02    5.67072E-02    9.44871E-01
    2.08000E+02    5.68345E-02    9.44750E-01
    2.08100E+02    5.70550E-02    9.44542E-01
    2.08200E+02    5.74368E-02    9.44182E-01
    2.08300E+02    5.81520E-02    9.43507E-01
    2.08400E+02    5.96588E-02    9.42086E-01
    2.08500E+02    6.36546E-02    9.38329E-01
    2.08600E+02    8.21721E-02    9.21113E-01
    2.08700E+02    7.63472E-02    9.26495E-01
    2.08800E+02    6.26093E-02    9.39310E-01
    2.08900E+02    5.91661E-02    9.42550E-01
    2.09000E+02    5.77652E-02    9.43872E-01
    2.09100E+02    5.70523E-02    9.44545E-01
    2.09200E+02    5.66316E-02    9.44942E-01
    2.09300E+02    5.63758E-02    9.45184E-01
    2.09400E+02    5.62504E-02    9.45302E-01
    2.09500E+02    5.64694E-02    9.45095E-01
    2.09600E+02    5.61071E-02    9.45438E-01
    2.09700E+02    5.59081E-02    9.45626E-01
    2.09800E+02    5.58361E-02    9.45694E-01
    2.09900E+02    5.58100E-02    9.45719E-01
    2.10000E+02    5.58339E-02    9.45696E-01
    2.10100E+02    5.59414E-02    9.45595E-01
    2.10200E+02    5.67606E-02    9.44820E-01
    2.10300E+02    5.64953E-02    9.45071E-01
    2.10400E+02    5.87097E-02    9.42980E-01
    2.10500E+02    5.73694E-02    9.44245E-01
    2.10600E+02    5.75944E-02    9.44033E-01
    2.10700E+02    6.02825E-02    9.41498E-01
    2.10800E+02    8.01348E-02    9.22992E-01
    2.10900E+02    5.98117E-02    9.41942E-01
    2.11000E+02    5.71257E-02    9.44475E-01
    2.11100E+02    5.62505E-02    9.45302E-01
    2.11200E+02    5.58451E-02    9.45686E-01
    2.11300E+02    5.55986E-02    9.45919E-01
    2.11400E+02    5.54512E-02    9.46058E-01
    2.11500E+02    5.53517E-02    9.46152E-01
    2.11600E+02    5.52794E-02    9.46221E-01
    2.11700E+02    5.52242E-02    9.46273E-01
    2.11800E+02    5.51816E-02    9.46313E-01
    2.11900E+02    5.51463E-02    9.46347E-01
    2.12000E+02    5.51194E-02    9.46372E-01
    2.12100E+02    5.51012E-02    9.46389E-01
    2.12200E+02    5.50802E-02    9.46409E-01
    2.12300E+02    5.50639E-02    9.46425E-01
    2.12400E+02    5.50527E-02    9.46435E-01
    2.12500E+02    5.50471E-02    9.46441E-01
    2.12600E+02    5.50512E-02    9.46437E-01
    2.12700E+02    5.50603E-02    9.46428E-01
    2.12800E+02    5.50721E-02    9.46417E-01
    2.12900E+02    5.50958E-02    9.46395E-01
    2.13000E+02    5.50431E-02    9.46444E-01
    2.13100E+02    5.50355E-02    9.46452E-01
    2.13200E+02    5.50383E-02    9.46449E-01
    2.13300E+02    5.50474E-02    9.46440E-01
    2.13400E+02    5.50584E-02    9.46430E-01
    2.13500E+02    5.50729E-02    9.46416E-01
    2.13600E+02    5.50935E-02    9.46397E-01
    2.13700E+02    5.51186E-02    9.46373E-01
    2.13800E+02    5.51536E-02    9.46340E-01
    2.13900E+02    5.51957E-02    9.46300E-01
    2.14000E+02    5.52512E-02    9.46247E-01
    2.14100E+02    5.53241E-02    9.46178E-01
    2.14200E+02    5.54237E-02    9.46084E-01
    2.14300E+02    5.55635E-02    9.45952E-01
    2.14400E+02    5.57696E-02    9.45757E-01
    2.14500E+02    5.60966E-02    9.45448E-01
    2.14600E+02    5.66618E-02    9.44914E-01
    2.14700E+02    5.77857E-02    9.43852E-01
    2.14800E+02    6.06152E-02    9.41185E-01
    2.14900E+02    7.23196E-02    9.30234E-01
    2.15000E+02    7.59461E-02    9.26866E-01
    2.15100E+02    6.12169E-02    9.40619E-01
    2.15200E+02    5.80315E-02    9.43620E-01
    2.15300E+02    5.68064E-02    9.44777E-01
    2.15400E+02    5.62142E-02    9.45337E-01
    2.15500E+02    5.58827E-02    9.45650E-01
    2.15600E+02    5.56830E-02    9.45839E-01
    2.15700E+02    5.55584E-02    9.45957E-01
    2.15800E+02    5.54768E-02    9.46034E-01
    2.15900E+02    5.54510E-02    9.46058E-01
    2.16000E+02    5.57437E-02    9.45781E-01
    2.16100E+02    5.54967E-02    9.46015E-01
    2.16200E+02    5.53452E-02    9.46158E-01
    2.16300E+02    5.52999E-02    9.46201E-01
    2.16400E+02    5.52926E-02    9.46208E-01
    2.16500E+02    5.52639E-02    9.46235E-01
    2.16600E+02    5.52565E-02    9.46242E-01
    2.16700E+02    5.52556E-02    9.46243E-01
    2.16800E+02    5.52640E-02    9.46235E-01
    2.16900E+02    5.52966E-02    9.46204E-01
    2.17000E+02    5.52724E-02    9.46227E-01
    2.17100E+02    5.52780E-02    9.46222E-01
    2.17200E+02    5.52921E-02    9.46209E-01
    2.17300E+02    5.53118E-02    9.46190E-01
    2.17400E+02    5.53506E-02    9.46153E-01
    2.17500E+02    5.55810E-02    9.45935E-01
    2.17600E+02    5.53901E-02    9.46116E-01
    2.17700E+02    5.53765E-02    9.46129E-01
    2.17800E+02    5.53940E-02    9.46112E-01
    2.17900E+02    5.54349E-02    9.46074E-01
    2.18000E+02    5.55330E-02    9.45981E-01
    2.18100E+02    5.62335E-02    9.45318E-01
    2.18200E+02    5.56616E-02    9.45859E-01
    2.18300E+02    5.55135E-02    9.45999E-01
    2.18400E+02    5.54868E-02    9.46025E-01
    2.18500E+02    5.54890E-02    9.46022E-01
    2.18600E+02    5.55053E-02    9.46007E-01
    2.18700E+02    5.55120E-02    9.46001E-01
    2.18800E+02    5.55275E-02    9.45986E-01
    2.18900E+02    5.55470E-02    9.45968E-01
    2.19000E+02    5.55761E-02    9.45940E-01
    2.19100E+02    5.56438E-02    9.45876E-01
    2.19200E+02    5.56690E-02    9.45852E-01
    2.19300E+02    5.58523E-02    9.45679E-01
    2.19400E+02    5.57194E-02    9.45804E-01
    2.19500E+02    5.56910E-02    9.45831E-01
    2.19600E+02    5.57068E-02    9.45816E-01
    2.19700E+02    5.57277E-02    9.45797E-01
    2.19800E+02    5.57619E-02    9.45764E-01
    2.19900E+02    5.58585E-02    9.45673E-01
    2.20000E+02    5.58779E-02    9.45655E-01
    2.20100E+02    5.58298E-02    9.45700E-01
    2.20200E+02    5.58404E-02    9.45690E-01
    2.20300E+02    5.58626E-02    9.45669E-01
    2.20400E+02    5.58867E-02    9.45646E-01
    2.20500E+02    5.59155E-02    9.45619E-01
    2.20600E+02    5.59556E-02    9.45581E-01
    2.20700E+02    5.61063E-02    9.45439E-01
    2.20800E+02    5.60363E-02    9.45505E-01
    2.20900E+02    5.60266E-02    9.45514E-01
    2.21000E+02    5.60490E-02    9.45493E-01
    2.21100E+02    5.60771E-02    9.45466E-01
    2.21200E+02    5.61173E-02    9.45428E-01
    2.21300E+02    5.62505E-02    9.45302E-01
    2.21400E+02    5.61950E-02    9.45355E-01
    2.21500E+02    5.61966E-02    9.45353E-01
    2.21600E+02    5.62202E-02    9.45331E-01
    2.21700E+02    5.62495E-02    9.45303E-01
    2.21800E+02    5.62803E-02    9.45274E-01
    2.21900E+02    5.63114E-02    9.45245E-01
    2.22000E+02    5.63446E-02    9.45213E-01
    2.22100E+02    5.63798E-02    9.45180E-01
    2.22200E+02    5.64161E-02    9.45146E-01
    2.22300E+02    5.64584E-02    9.45106E-01
    2.22400E+02    5.65463E-02    9.45023E-01
    2.22500E+02    5.65501E-02    9.45019E-01
    2.22600E+02    5.65646E-02    9.45005E-01
    2.22700E+02    5.65992E-02    9.44973E-01
    2.22800E+02    5.66374E-02    9.44937E-01
    2.22900E+02    5.66800E-02    9.44896E-01
    2.23000E+02    5.67411E-02    9.44839E-01
    2.23100E+02    5.67972E-02    9.44786E-01
    2.23200E+02    5.68959E-02    9.44692E-01
    2.23300E+02    5.69624E-02    9.44630E-01
    2.23400E+02    5.69731E-02    9.44619E-01
    2.23500E+02    5.69668E-02    9.44625E-01
    2.23600E+02    5.70086E-02    9.44586E-01
    2.23700E+02    5.70633E-02    9.44534E-01
    2.23800E+02    5.71380E-02    9.44464E-01
    2.23900E+02    5.75040E-02    9.44118E-01
    2.24000E+02    5.72494E-02    9.44358E-01
    2.24100E+02    5.72854E-02    9.44324E-01
    2.24200E+02    5.73425E-02    9.44271E-01
    2.24300E+02    5.74062E-02    9.44210E-01
    2.24400E+02    5.74792E-02    9.44142E-01
    2.24500E+02    5.75601E-02    9.44065E-01
    2.24600E+02    5.76633E-02    9.43968E-01
    2.24700E+02    5.78374E-02    9.43803E-01
    2.24800E+02    5.81582E-02    9.43501E-01
    2.24900E+02    5.81901E-02    9.43471E-01
    2.25000E+02    5.80961E-02    9.43559E-01
    2.25100E+02    5.81073E-02    9.43549E-01
    2.25200E+02    5.82025E-02    9.43459E-01
    2.25300E+02    5.82866E-02    9.43380E-01
    2.25400E+02    5.84163E-02    9.43257E-01
    2.25500E+02    5.85826E-02    9.43100E-01
    2.25600E+02    5.88076E-02    9.42888E-01
    2.25700E+02    5.91590E-02    9.42557E-01
    2.25800E+02    5.98549E-02    9.41901E-01
    2.25900E+02    6.13210E-02    9.40521E-01
    2.26000E+02    6.70482E-02    9.35150E-01
    2.26100E+02    6.81097E-02    9.34158E-01
    2.26200E+02    6.13734E-02    9.40472E-01
    2.26300E+02    5.99050E-02    9.41854E-01
    2.26400E+02    5.93432E-02    9.42383E-01
    2.26500E+02    5.90696E-02    9.42641E-01
    2.26600E+02    5.89157E-02    9.42786E-01
    2.26700E+02    5.88237E-02    9.42873E-01
    2.26800E+02    5.87717E-02    9.42922E-01
    2.26900E+02    5.87470E-02    9.42945E-01
    2.27000E+02    5.86990E-02    9.42991E-01
    2.27100E+02    5.86823E-02    9.43006E-01
    2.27200E+02    5.86747E-02    9.43013E-01
    2.27300E+02    5.86778E-02    9.43011E-01
    2.27400E+02    5.86835E-02    9.43005E-01
    2.27500E+02    5.86957E-02    9.42994E-01
    2.27600E+02    5.87129E-02    9.42977E-01
    2.27700E+02    5.87400E-02    9.42952E-01
    2.27800E+02    5.87725E-02    9.42921E-01
    2.27900E+02    5.87986E-02    9.42897E-01
    2.28000E+02    5.88240E-02    9.42873E-01
    2.28100E+02    5.88557E-02    9.42843E-01
    2.28200E+02    5.88946E-02    9.42806E-01
    2.28300E+02    5.89451E-02    9.42759E-01
    2.28400E+02    5.89868E-02    9.42719E-01
    2.28500E+02    5.90515E-02    9.42658E-01
    2.28600E+02    5.91089E-02    9.42604E-01
    2.28700E+02    5.91768E-02    9.42540E-01
    2.28800E+02    5.92538E-02    9.42468E-01
    2.28900E+02    5.93433E-02    9.42383E-01
    2.29000E+02    5.94541E-02    9.42279E-01
    2.29100E+02    5.96087E-02    9.42133E-01
    2.29200E+02    5.97889E-02    9.41963E-01
    2.29300E+02    6.01145E-02    9.41657E-01
    2.29400E+02    6.08099E-02    9.41002E-01
    2.29500E+02    6.32032E-02    9.38753E-01
    2.29600E+02    6.84808E-02    9.33811E-01
    2.29700E+02    6.17909E-02    9.40079E-01
    2.29800E+02    6.07865E-02    9.41024E-01
    2.29900E+02    6.05159E-02    9.41279E-01
    2.30000E+02    6.04800E-02    9.41313E-01
    2.30100E+02    6.05075E-02    9.41287E-01
    2.30200E+02    6.06000E-02    9.41200E-01
    2.30300E+02    6.07572E-02    9.41052E-01
    2.30400E+02    6.09534E-02    9.40867E-01
    2.30500E+02    6.12098E-02    9.40626E-01
    2.30600E+02    6.15603E-02    9.40296E-01
    2.30700E+02    6.20498E-02    9.39836E-01
    2.30800E+02    6.27763E-02    9.39154E-01
    2.30900E+02    6.39533E-02    9.38049E-01
    2.31000E+02    6.61455E-02    9.35995E-01
    2.31100E+02    7.11549E-02    9.31318E-01
    2.31200E+02    8.80525E-02    9.15713E-01
    2.31300E+02    1.42833E-01    8.66899E-01
    2.31400E+02    7.90142E-02    9.24027E-01
    2.31500E+02    6.92573E-02    9.33087E-01
    2.31600E+02    6.59695E-02    9.36159E-01
    2.31700E+02    6.45318E-02    9.37506E-01
    2.31800E+02    6.38333E-02    9.38161E-01
    2.31900E+02    6.35131E-02    9.38462E-01
    2.32000E+02    6.35789E-02    9.38400E-01
    2.32100E+02    6.33422E-02    9.38622E-01
    2.32200E+02    6.33986E-02    9.38569E-01
    2.32300E+02    6.35435E-02    9.38433E-01
    2.32400E+02    6.37832E-02    9.38208E-01
    2.32500E+02    6.42306E-02    9.37789E-01
    2.32600E+02    6.44371E-02    9.37595E-01
    2.32700E+02    6.49490E-02    9.37115E-01
    2.32800E+02    6.52388E-02    9.36844E-01
    2.32900E+02    6.57300E-02    9.36384E-01
    2.33000E+02    6.64752E-02    9.35686E-01
    2.33100E+02    6.70445E-02    9.35154E-01
    2.33200E+02    6.79072E-02    9.34347E-01
    2.33300E+02    6.90331E-02    9.33296E-01
    2.33400E+02    7.02974E-02    9.32117E-01
    2.33500E+02    7.17735E-02    9.30742E-01
    2.33600E+02    7.38020E-02    9.28856E-01
    2.33700E+02    7.66060E-02    9.26255E-01
    2.33800E+02    8.08739E-02    9.22310E-01
    2.33900E+02    8.96134E-02    9.14285E-01
    2.34000E+02    8.87401E-02    9.15083E-01
    2.34100E+02    8.09379E-02    9.22251E-01
    2.34200E+02    7.70968E-02    9.25800E-01
    2.34300E+02    7.45348E-02    9.28175E-01
    2.34400E+02    7.26777E-02    9.29900E-01
    2.34500E+02    7.13030E-02    9.31180E-01
    2.34600E+02    7.02397E-02    9.32170E-01
    2.34700E+02    6.94216E-02    9.32933E-01
    2.34800E+02    6.88204E-02    9.33494E-01
    2.34900E+02    6.84667E-02    9.33825E-01
    2.35000E+02    6.83617E-02    9.33923E-01
    2.35100E+02    6.86555E-02    9.33648E-01
    2.35200E+02    6.88733E-02    9.33445E-01
    2.35300E+02    6.98686E-02    9.32516E-01
    2.35400E+02    7.20419E-02    9.30492E-01
    2.35500E+02    7.71361E-02    9.25764E-01
    2.35600E+02    9.28069E-02    9.11369E-01
    2.35700E+02    2.14985E-01    8.06554E-01
    2.35800E+02    9.98962E-02    9.04931E-01
    2.35900E+02    7.93434E-02    9.23723E-01
    2.36000E+02    7.24351E-02    9.30126E-01
    2.36100E+02    6.96324E-02    9.32737E-01
    2.36200E+02    6.81839E-02    9.34089E-01
    2.36300E+02    6.74988E-02    9.34729E-01
    2.36400E+02    6.71949E-02    9.35013E-01
    2.36500E+02    6.72546E-02    9.34957E-01
    2.36600E+02    6.78957E-02    9.34358E-01
    2.36700E+02    6.85719E-02    9.33726E-01
    2.36800E+02    7.03486E-02    9.32069E-01
    2.36900E+02    7.41839E-02    9.28501E-01
    2.37000E+02    8.41578E-02    9.19286E-01
    2.37100E+02    1.29946E-01    8.78143E-01
    2.37200E+02    1.22039E-01    8.85114E-01
    2.37300E+02    8.29173E-02    9.20427E-01
    2.37400E+02    7.35289E-02    9.29109E-01
    2.37500E+02    6.99040E-02    9.32483E-01
    2.37600E+02    6.83675E-02    9.33917E-01
    2.37700E+02    6.71229E-02    9.35080E-01
    2.37800E+02    6.65500E-02    9.35616E-01
    2.37900E+02    6.62410E-02    9.35905E-01
    2.38000E+02    6.61140E-02    9.36024E-01
    2.38100E+02    6.61501E-02    9.35990E-01
    2.38200E+02    6.63835E-02    9.35772E-01
    2.38300E+02    6.70078E-02    9.35188E-01
    2.38400E+02    6.97305E-02    9.32645E-01
    2.38500E+02    6.87725E-02    9.33539E-01
    2.38600E+02    6.85897E-02    9.33710E-01
    2.38700E+02    6.99885E-02    9.32405E-01
    2.38800E+02    7.23646E-02    9.30192E-01
    2.38900E+02    7.83383E-02    9.24652E-01
    2.39000E+02    9.78647E-02    9.06772E-01
    2.39100E+02    2.28649E-01    7.95608E-01
    2.39200E+02    9.37322E-02    9.10527E-01
    2.39300E+02    7.83812E-02    9.24612E-01
    2.39400E+02    7.33533E-02    9.29272E-01
    2.39500E+02    7.12847E-02    9.31197E-01
    2.39600E+02    7.07629E-02    9.31683E-01
    2.39700E+02    6.94581E-02    9.32899E-01
    2.39800E+02    6.94153E-02    9.32939E-01
    2.39900E+02    6.97235E-02    9.32652E-01
    2.40000E+02    6.92995E-02    9.33047E-01
    2.40100E+02    6.86956E-02    9.33611E-01
    2.40200E+02    6.85149E-02    9.33780E-01
    2.40300E+02    6.84171E-02    9.33871E-01
    2.40400E+02    6.79319E-02    9.34324E-01
    2.40500E+02    6.77482E-02    9.34496E-01
    2.40600E+02    6.73151E-02    9.34901E-01
    2.40700E+02    6.72837E-02    9.34930E-01
    2.40800E+02    6.71536E-02    9.35052E-01
    2.40900E+02    6.78148E-02    9.34434E-01
    2.41000E+02    6.71431E-02    9.35061E-01
    2.41100E+02    6.73844E-02    9.34836E-01
    2.41200E+02    7.00215E-02    9.32374E-01
    2.41300E+02    6.87315E-02    9.33577E-01
    2.41400E+02    6.77043E-02    9.34537E-01
    2.41500E+02    6.78619E-02    9.34390E-01
    2.41600E+02    6.80335E-02    9.34229E-01
    2.41700E+02    6.84991E-02    9.33794E-01
    2.41800E+02    6.92576E-02    9.33086E-01
    2.41900E+02    7.05107E-02    9.31918E-01
    2.42000E+02    7.27977E-02    9.29789E-01
    2.42100E+02    7.76749E-02    9.25265E-01
    2.42200E+02    9.15817E-02    9.12487E-01
    2.42300E+02    1.79686E-01    8.35532E-01
    2.42400E+02    1.04927E-01    9.00390E-01
    2.42500E+02    8.14831E-02    9.21748E-01
    2.42600E+02    7.48639E-02    9.27870E-01
    2.42700E+02    7.22229E-02    9.30324E-01
    2.42800E+02    7.10995E-02    9.31369E-01
    2.42900E+02    7.08436E-02    9.31608E-01
    2.43000E+02    7.14501E-02    9.31043E-01
    2.43100E+02    7.26696E-02    9.29908E-01
    2.43200E+02    7.57342E-02    9.27063E-01
    2.43300E+02    8.42584E-02    9.19194E-01
    2.43400E+02    1.20734E-01    8.86270E-01
    2.43500E+02    1.26200E-01    8.81439E-01
    2.43600E+02    8.49698E-02    9.18540E-01
    2.43700E+02    7.58387E-02    9.26966E-01
    2.43800E+02    7.25025E-02    9.30063E-01
    2.43900E+02    7.12812E-02    9.31200E-01
    2.44000E+02    7.17317E-02    9.30781E-01
    2.44100E+02    7.68272E-02    9.26050E-01
    2.44200E+02    7.90111E-02    9.24030E-01
    2.44300E+02    7.08535E-02    9.31598E-01
    2.44400E+02    6.91631E-02    9.33174E-01
    2.44500E+02    6.80834E-02    9.34183E-01
    2.44600E+02    6.76537E-02    9.34584E-01
    2.44700E+02    6.73629E-02    9.34856E-01
    2.44800E+02    6.72841E-02    9.34930E-01
    2.44900E+02    6.71802E-02    9.35027E-01
    2.45000E+02    6.71132E-02    9.35089E-01
    2.45100E+02    6.70330E-02    9.35164E-01
    2.45200E+02    6.69885E-02    9.35206E-01
    2.45300E+02    6.69737E-02    9.35220E-01
    2.45400E+02    6.69742E-02    9.35219E-01
    2.45500E+02    6.69909E-02    9.35204E-01
    2.45600E+02    6.70274E-02    9.35170E-01
    2.45700E+02    6.70980E-02    9.35104E-01
    2.45800E+02    6.75022E-02    9.34726E-01
    2.45900E+02    6.71607E-02    9.35045E-01
    2.46000E+02    6.71851E-02    9.35022E-01
    2.46100E+02    6.72468E-02    9.34964E-01
    2.46200E+02    6.73402E-02    9.34877E-01
    2.46300E+02    6.75047E-02    9.34723E-01
    2.46400E+02    6.77299E-02    9.34513E-01
    2.46500E+02    6.95643E-02    9.32800E-01
    2.46600E+02    6.80961E-02    9.34171E-01
    2.46700E+02    6.79016E-02    9.34352E-01
    2.46800E+02    6.79662E-02    9.34292E-01
    2.46900E+02    6.81048E-02    9.34163E-01
    2.47000E+02    6.82975E-02    9.33983E-01
    2.47100E+02    6.85762E-02    9.33722E-01
    2.47200E+02    6.88499E-02    9.33467E-01
    2.47300E+02    6.92852E-02    9.33061E-01
    2.47400E+02    6.98957E-02    9.32491E-01
    2.47500E+02    7.09270E-02    9.31530E-01
    2.47600E+02    7.30194E-02    9.29583E-01
    2.47700E+02    7.98375E-02    9.23266E-01
    2.47800E+02    8.56806E-02    9.17887E-01
    2.47900E+02    7.88839E-02    9.24147E-01
    2.48000E+02    8.33433E-02    9.20035E-01
    2.48100E+02    1.04516E-01    9.00761E-01
    2.48200E+02    1.85445E-01    8.30735E-01
    2.48300E+02    9.33393E-02    9.10884E-01
    2.48400E+02    7.97283E-02    9.23367E-01
    2.48500E+02    7.51607E-02    9.27594E-01
    2.48600E+02    7.31523E-02    9.29459E-01
    2.48700E+02    7.22696E-02    9.30280E-01
    2.48800E+02    7.16938E-02    9.30816E-01
    2.48900E+02    7.15012E-02    9.30995E-01
    2.49000E+02    7.15786E-02    9.30923E-01
    2.49100E+02    7.18659E-02    9.30656E-01
    2.49200E+02    7.24041E-02    9.30155E-01
    2.49300E+02    7.33402E-02    9.29285E-01
    2.49400E+02    7.49428E-02    9.27797E-01
    2.49500E+02    7.78700E-02    9.25085E-01
    2.49600E+02    8.41042E-02    9.19335E-01
    2.49700E+02    1.02512E-01    9.02568E-01
    2.49800E+02    1.83892E-01    8.32025E-01
    2.49900E+02    1.35356E-01    8.73405E-01
    2.50000E+02    1.47131E-01    8.63181E-01
    2.50100E+02    9.37433E-02    9.10516E-01
    2.50200E+02    8.22636E-02    9.21029E-01
    2.50300E+02    7.77440E-02    9.25201E-01
    2.50400E+02    7.46355E-02    9.28082E-01
    2.50500E+02    7.31827E-02    9.29431E-01
    2.50600E+02    7.22264E-02    9.30320E-01
    2.50700E+02    7.17587E-02    9.30755E-01
    2.50800E+02    7.12169E-02    9.31260E-01
    2.50900E+02    7.08554E-02    9.31597E-01
    2.51000E+02    7.06264E-02    9.31810E-01
    2.51100E+02    7.04700E-02    9.31956E-01
    2.51200E+02    7.04737E-02    9.31952E-01
    2.51300E+02    7.02651E-02    9.32147E-01
    2.51400E+02    7.01923E-02    9.32215E-01
    2.51500E+02    7.01483E-02    9.32256E-01
    2.51600E+02    7.01225E-02    9.32280E-01
    2.51700E+02    7.01120E-02    9.32289E-01
    2.51800E+02    7.01118E-02    9.32290E-01
    2.51900E+02    7.01250E-02    9.32277E-01
    2.52000E+02    7.01606E-02    9.32244E-01
    2.52100E+02    7.03873E-02    9.32033E-01
    2.52200E+02    7.02311E-02    9.32178E-01
    2.52300E+02    7.03223E-02    9.32093E-01
    2.52400E+02    7.03776E-02    9.32042E-01
    2.52500E+02    7.06283E-02    9.31808E-01
    2.52600E+02    7.06567E-02    9.31782E-01
    2.52700E+02    7.12195E-02    9.31257E-01
    2.52800E+02    7.10100E-02    9.31453E-01
    2.52900E+02    7.06294E-02    9.31807E-01
    2.53000E+02    7.06058E-02    9.31829E-01
    2.53100E+02    7.06314E-02    9.31805E-01
    2.53200E+02    7.06803E-02    9.31760E-01
    2.53300E+02    7.07988E-02    9.31649E-01
    2.53400E+02    7.11475E-02    9.31325E-01
    2.53500E+02    7.08673E-02    9.31585E-01
    2.53600E+02    7.09388E-02    9.31519E-01
    2.53700E+02    7.13521E-02    9.31134E-01
    2.53800E+02    7.12737E-02    9.31207E-01
    2.53900E+02    7.12037E-02    9.31272E-01
    2.54000E+02    7.12332E-02    9.31245E-01
    2.54100E+02    7.13529E-02    9.31133E-01
    2.54200E+02    7.16614E-02    9.30846E-01
    2.54300E+02    7.32186E-02    9.29398E-01
    2.54400E+02    7.17516E-02    9.30762E-01
    2.54500E+02    7.16420E-02    9.30864E-01
    2.54600E+02    7.16820E-02    9.30827E-01
    2.54700E+02    7.18808E-02    9.30642E-01
    2.54800E+02    7.18570E-02    9.30664E-01
    2.54900E+02    7.24498E-02    9.30112E-01
    2.55000E+02    7.19739E-02    9.30555E-01
    2.55100E+02    7.19914E-02    9.30539E-01
    2.55200E+02    7.20501E-02    9.30484E-01
    2.55300E+02    7.20736E-02    9.30462E-01
    2.55400E+02    7.21089E-02    9.30430E-01
    2.55500E+02    7.21487E-02    9.30393E-01
    2.55600E+02    7.21903E-02    9.30354E-01
    2.55700E+02    7.22360E-02    9.30311E-01
    2.55800E+02    7.23026E-02    9.30249E-01
    2.55900E+02    7.23364E-02    9.30218E-01
    2.56000E+02    7.24108E-02    9.30149E-01
    2.56100E+02    7.24739E-02    9.30090E-01
    2.56200E+02    7.24752E-02    9.30089E-01
    2.56300E+02    7.25303E-02    9.30038E-01
    2.56400E+02    7.26227E-02    9.29952E-01
    2.56500E+02    7.27114E-02    9.29869E-01
    2.56600E+02    7.27836E-02    9.29802E-01
    2.56700E+02    7.29592E-02    9.29639E-01
    2.56800E+02    7.29865E-02    9.29613E-01
    2.56900E+02    7.34683E-02    9.29166E-01
    2.57000E+02    7.30952E-02    9.29512E-01
    2.57100E+02    7.31378E-02    9.29473E-01
    2.57200E+02    7.32381E-02    9.29380E-01
    2.57300E+02    7.33600E-02    9.29266E-01
    2.57400E+02    7.35320E-02    9.29106E-01
    2.57500E+02    7.37082E-02    9.28943E-01
    2.57600E+02    7.39466E-02    9.28721E-01
    2.57700E+02    7.42046E-02    9.28482E-01
    2.57800E+02    7.46171E-02    9.28099E-01
    2.57900E+02    7.50876E-02    9.27662E-01
    2.58000E+02    7.61228E-02    9.26702E-01
    2.58100E+02    7.86114E-02    9.24399E-01
    2.58200E+02    9.98227E-02    9.04998E-01
    2.58300E+02    8.08172E-02    9.22362E-01
    2.58400E+02    8.03935E-02    9.22753E-01
    2.58500E+02    8.38503E-02    9.19569E-01
    2.58600E+02    9.54393E-02    9.08974E-01
    2.58700E+02    1.73229E-01    8.40945E-01
    2.58800E+02    1.04582E-01    9.00701E-01
    2.58900E+02    8.58738E-02    9.17710E-01
    2.59000E+02    8.03545E-02    9.22789E-01
    2.59100E+02    7.79952E-02    9.24969E-01
    2.59200E+02    7.68125E-02    9.26063E-01
    2.59300E+02    7.61008E-02    9.26723E-01
    2.59400E+02    7.56931E-02    9.27101E-01
    2.59500E+02    7.55856E-02    9.27200E-01
    2.59600E+02    7.52107E-02    9.27548E-01
    2.59700E+02    7.50708E-02    9.27678E-01
    2.59800E+02    7.49908E-02    9.27752E-01
    2.59900E+02    7.49564E-02    9.27784E-01
    2.60000E+02    7.50061E-02    9.27738E-01
    2.60100E+02    7.49689E-02    9.27772E-01
    2.60200E+02    7.49260E-02    9.27812E-01
    2.60300E+02    7.49367E-02    9.27802E-01
    2.60400E+02    7.49744E-02    9.27767E-01
    2.60500E+02    7.50452E-02    9.27702E-01
    2.60600E+02    7.51226E-02    9.27630E-01
    2.60700E+02    7.52317E-02    9.27529E-01
    2.60800E+02    7.59850E-02    9.26830E-01
    2.60900E+02    7.54020E-02    9.27371E-01
    2.61000E+02    7.53175E-02    9.27449E-01
    2.61100E+02    7.54079E-02    9.27365E-01
    2.61200E+02    7.54211E-02    9.27353E-01
    2.61300E+02    7.54928E-02    9.27286E-01
    2.61400E+02    7.55708E-02    9.27214E-01
    2.61500E+02    7.56530E-02    9.27138E-01
    2.61600E+02    7.57523E-02    9.27046E-01
    2.61700E+02    7.58800E-02    9.26927E-01
    2.61800E+02    7.60004E-02    9.26816E-01
    2.61900E+02    7.61098E-02    9.26714E-01
    2.62000E+02    7.62693E-02    9.26567E-01
    2.62100E+02    7.64263E-02    9.26421E-01
    2.62200E+02    7.66130E-02    9.26248E-01
    2.62300E+02    7.68699E-02    9.26010E-01
    2.62400E+02    7.72363E-02    9.25671E-01
    2.62500E+02    7.78246E-02    9.25127E-01
    2.62600E+02    7.86021E-02    9.24408E-01
    2.62700E+02    8.05568E-02    9.22602E-01
    2.62800E+02    8.81482E-02    9.15625E-01
    2.62900E+02    9.18628E-02    9.12230E-01
    2.63000E+02    8.21563E-02    9.21128E-01
    2.63100E+02    8.08616E-02    9.22321E-01
    2.63200E+02    8.26430E-02    9.20680E-01
    2.63300E+02    8.18844E-02    9.21378E-01
    2.63400E+02    8.39781E-02    9.19451E-01
    2.63500E+02    8.93939E-02    9.14485E-01
    2.63600E+02    1.07475E-01    8.98099E-01
    2.63700E+02    2.27260E-01    7.96714E-01
    2.63800E+02    1.04427E-01    9.00840E-01
    2.63900E+02    9.52566E-02    9.09140E-01
    2.64000E+02    8.47338E-02    9.18757E-01
    2.64100E+02    8.19510E-02    9.21317E-01
    2.64200E+02    8.06774E-02    9.22491E-01
    2.64300E+02    8.00246E-02    9.23094E-01
    2.64400E+02    7.96846E-02    9.23408E-01
    2.64500E+02    7.96187E-02    9.23468E-01
    2.64600E+02    7.98183E-02    9.23284E-01
    2.64700E+02    8.04075E-02    9.22740E-01
    2.64800E+02    8.22275E-02    9.21062E-01
    2.64900E+02    9.31128E-02    9.11091E-01
    2.65000E+02    8.50451E-02    9.18471E-01
    2.65100E+02    8.10144E-02    9.22180E-01
    2.65200E+02    7.99399E-02    9.23172E-01
    2.65300E+02    7.95148E-02    9.23564E-01
    2.65400E+02    7.93347E-02    9.23731E-01
    2.65500E+02    7.92747E-02    9.23786E-01
    2.65600E+02    7.92941E-02    9.23768E-01
    2.65700E+02    7.93150E-02    9.23749E-01
    2.65800E+02    7.93800E-02    9.23689E-01
    2.65900E+02    7.94601E-02    9.23615E-01
    2.66000E+02    7.95527E-02    9.23529E-01
    2.66100E+02    7.96859E-02    9.23406E-01
    2.66200E+02    7.98637E-02    9.23242E-01
    2.66300E+02    7.99370E-02    9.23174E-01
    2.66400E+02    8.01013E-02    9.23023E-01
    2.66500E+02    8.03244E-02    9.22817E-01
    2.66600E+02    8.06304E-02    9.22535E-01
    2.66700E+02    8.10746E-02    9.22125E-01
    2.66800E+02    8.17580E-02    9.21495E-01
    2.66900E+02    8.29415E-02    9.20405E-01
    2.67000E+02    8.51436E-02    9.18380E-01
    2.67100E+02    9.04958E-02    9.13478E-01
    2.67200E+02    1.10599E-01    8.95298E-01
    2.67300E+02    1.33348E-01    8.75160E-01
    2.67400E+02    9.41995E-02    9.10101E-01
    2.67500E+02    8.65278E-02    9.17110E-01
    2.67600E+02    8.37050E-02    9.19703E-01
    2.67700E+02    8.23587E-02    9.20942E-01
    2.67800E+02    8.16253E-02    9.21617E-01
    2.67900E+02    8.11928E-02    9.22016E-01
    2.68000E+02    8.09297E-02    9.22258E-01
    2.68100E+02    8.07951E-02    9.22383E-01
    2.68200E+02    8.10225E-02    9.22173E-01
    2.68300E+02    8.06343E-02    9.22531E-01
    2.68400E+02    8.05922E-02    9.22570E-01
    2.68500E+02    8.06663E-02    9.22502E-01
    2.68600E+02    8.10884E-02    9.22112E-01
    2.68700E+02    8.14365E-02    9.21791E-01
    2.68800E+02    8.06833E-02    9.22486E-01
    2.68900E+02    8.05917E-02    9.22570E-01
    2.69000E+02    8.05782E-02    9.22583E-01
    2.69100E+02    8.05991E-02    9.22563E-01
    2.69200E+02    8.06285E-02    9.22536E-01
    2.69300E+02    8.06672E-02    9.22501E-01
    2.69400E+02    8.07131E-02    9.22458E-01
    2.69500E+02    8.07792E-02    9.22397E-01
    2.69600E+02    8.08253E-02    9.22355E-01
    2.69700E+02    8.08768E-02    9.22307E-01
    2.69800E+02    8.09405E-02    9.22249E-01
    2.69900E+02    8.10062E-02    9.22188E-01
    2.70000E+02    8.10774E-02    9.22122E-01
    2.70100E+02    8.11734E-02    9.22034E-01
    2.70200E+02    8.12181E-02    9.21993E-01
    2.70300E+02    8.13019E-02    9.21915E-01
    2.70400E+02    8.14158E-02    9.21810E-01
    2.70500E+02    8.15458E-02    9.21691E-01
    2.70600E+02    8.15766E-02    9.21662E-01
    2.70700E+02    8.17591E-02    9.21494E-01
    2.70800E+02    8.18661E-02    9.21395E-01
    2.70900E+02    8.21102E-02    9.21170E-01
    2.71000E+02    8.23568E-02    9.20943E-01
    2.71100E+02    8.47628E-02    9.18730E-01
    2.71200E+02    8.24310E-02    9.20875E-01
    2.71300E+02    8.24293E-02    9.20877E-01
    2.71400E+02    8.23247E-02    9.20973E-01
    2.71500E+02    8.23939E-02    9.20909E-01
    2.71600E+02    8.25045E-02    9.20807E-01
    2.71700E+02    8.26545E-02    9.20669E-01
    2.71800E+02    8.28875E-02    9.20455E-01
    2.71900E+02    8.37146E-02    9.19694E-01
    2.72000E+02    8.33837E-02    9.19998E-01
    2.72100E+02    8.33779E-02    9.20003E-01
    2.72200E+02    8.35874E-02    9.19811E-01
    2.72300E+02    8.38953E-02    9.19528E-01
    2.72400E+02    8.43225E-02    9.19135E-01
    2.72500E+02    8.49309E-02    9.18576E-01
    2.72600E+02    8.58548E-02    9.17727E-01
    2.72700E+02    8.74364E-02    9.16277E-01
    2.72800E+02    9.04738E-02    9.13498E-01
    2.72900E+02    9.81209E-02    9.06539E-01
    2.73000E+02    1.31227E-01    8.77019E-01
    2.73100E+02    1.32823E-01    8.75620E-01
    2.73200E+02    9.86945E-02    9.06019E-01
    2.73300E+02    9.11472E-02    9.12883E-01
    2.73400E+02    8.82074E-02    9.15571E-01
    2.73500E+02    8.68679E-02    9.16798E-01
    2.73600E+02    8.61979E-02    9.17413E-01
    2.73700E+02    8.58720E-02    9.17712E-01
    2.73800E+02    8.58151E-02    9.17764E-01
    2.73900E+02    8.60504E-02    9.17548E-01
    2.74000E+02    8.63173E-02    9.17303E-01
    2.74100E+02    8.69003E-02    9.16769E-01
    2.74200E+02    8.82481E-02    9.15534E-01
    2.74300E+02    9.15003E-02    9.12561E-01
    2.74400E+02    1.02932E-01    9.02188E-01
    2.74500E+02    1.32856E-01    8.75591E-01
    2.74600E+02    9.59390E-02    9.08519E-01
    2.74700E+02    8.97802E-02    9.14132E-01
    2.74800E+02    8.76265E-02    9.16103E-01
    2.74900E+02    8.66600E-02    9.16989E-01
    2.75000E+02    8.62017E-02    9.17409E-01
    2.75100E+02    8.58882E-02    9.17697E-01
    2.75200E+02    8.58073E-02    9.17771E-01
    2.75300E+02    8.56005E-02    9.17961E-01
    2.75400E+02    8.55373E-02    9.18019E-01
    2.75500E+02    8.55043E-02    9.18049E-01
    2.75600E+02    8.55048E-02    9.18049E-01
    2.75700E+02    8.55414E-02    9.18015E-01
    2.75800E+02    8.55938E-02    9.17967E-01
    2.75900E+02    8.56766E-02    9.17891E-01
    2.76000E+02    8.57288E-02    9.17843E-01
    2.76100E+02    8.58343E-02    9.17746E-01
    2.76200E+02    8.59628E-02    9.17628E-01
    2.76300E+02    8.61347E-02    9.17471E-01
    2.76400E+02    8.63562E-02    9.17267E-01
    2.76500E+02    8.66840E-02    9.16967E-01
    2.76600E+02    8.72272E-02    9.16469E-01
    2.76700E+02    8.83105E-02    9.15477E-01
    2.76800E+02    9.12485E-02    9.12791E-01
    2.76900E+02    1.08439E-01    8.97233E-01
    2.77000E+02    9.53014E-02    9.09099E-01
    2.77100E+02    8.96780E-02    9.14226E-01
    2.77200E+02    8.80725E-02    9.15694E-01
    2.77300E+02    8.74621E-02    9.16254E-01
    2.77400E+02    8.72281E-02    9.16468E-01
    2.77500E+02    8.71325E-02    9.16556E-01
    2.77600E+02    8.70476E-02    9.16633E-01
    2.77700E+02    8.70294E-02    9.16650E-01
    2.77800E+02    8.70827E-02    9.16601E-01
    2.77900E+02    8.72752E-02    9.16425E-01
    2.78000E+02    8.72449E-02    9.16453E-01
    2.78100E+02    8.73226E-02    9.16381E-01
    2.78200E+02    8.73350E-02    9.16370E-01
    2.78300E+02    8.74638E-02    9.16252E-01
    2.78400E+02    8.77760E-02    9.15966E-01
    2.78500E+02    8.88556E-02    9.14978E-01
    2.78600E+02    8.80608E-02    9.15705E-01
    2.78700E+02    8.79193E-02    9.15835E-01
    2.78800E+02    8.80052E-02    9.15756E-01
    2.78900E+02    8.81817E-02    9.15595E-01
    2.79000E+02    8.84486E-02    9.15350E-01
    2.79100E+02    8.88677E-02    9.14967E-01
    2.79200E+02    8.96614E-02    9.14241E-01
    2.79300E+02    9.17200E-02    9.12361E-01
    2.79400E+02    9.55590E-02    9.08865E-01
    2.79500E+02    1.13413E-01    8.92782E-01
    2.79600E+02    9.38933E-02    9.10380E-01
    2.79700E+02    9.14487E-02    9.12608E-01
    2.79800E+02    9.19102E-02    9.12187E-01
    2.79900E+02    1.01644E-01    9.03351E-01
    2.80000E+02    9.10590E-02    9.12964E-01
    2.80100E+02    8.98003E-02    9.14114E-01
    2.80200E+02    8.94215E-02    9.14460E-01
    2.80300E+02    8.92788E-02    9.14591E-01
    2.80400E+02    8.92352E-02    9.14630E-01
    2.80500E+02    8.92422E-02    9.14624E-01
    2.80600E+02    8.92875E-02    9.14583E-01
    2.80700E+02    8.93732E-02    9.14504E-01
    2.80800E+02    8.95377E-02    9.14354E-01
    2.80900E+02    9.01076E-02    9.13833E-01
    2.81000E+02    9.26306E-02    9.11530E-01
    2.81100E+02    9.00246E-02    9.13909E-01
    2.81200E+02    9.00160E-02    9.13917E-01
    2.81300E+02    8.98931E-02    9.14029E-01
    2.81400E+02    9.00644E-02    9.13872E-01
    2.81500E+02    9.07913E-02    9.13208E-01
    2.81600E+02    9.03556E-02    9.13606E-01
    2.81700E+02    9.02080E-02    9.13741E-01
    2.81800E+02    9.02845E-02    9.13671E-01
    2.81900E+02    9.05120E-02    9.13463E-01
    2.82000E+02    9.08231E-02    9.13179E-01
    2.82100E+02    9.07010E-02    9.13291E-01
    2.82200E+02    9.08130E-02    9.13188E-01
    2.82300E+02    9.10249E-02    9.12995E-01
    2.82400E+02    9.11642E-02    9.12868E-01
    2.82500E+02    9.15257E-02    9.12538E-01
    2.82600E+02    9.22166E-02    9.11908E-01
    2.82700E+02    9.39615E-02    9.10318E-01
    2.82800E+02    1.02590E-01    9.02497E-01
    2.82900E+02    9.84935E-02    9.06202E-01
    2.83000E+02    9.36247E-02    9.10624E-01
    2.83100E+02    9.25016E-02    9.11648E-01
    2.83200E+02    9.21132E-02    9.12002E-01
    2.83300E+02    9.19481E-02    9.12152E-01
    2.83400E+02    9.19381E-02    9.12162E-01
    2.83500E+02    9.19259E-02    9.12173E-01
    2.83600E+02    9.19641E-02    9.12138E-01
    2.83700E+02    9.20322E-02    9.12076E-01
    2.83800E+02    9.21191E-02    9.11997E-01
    2.83900E+02    9.22203E-02    9.11904E-01
    2.84000E+02    9.23529E-02    9.11783E-01
    2.84100E+02    9.24570E-02    9.11688E-01
    2.84200E+02    9.25878E-02    9.11569E-01
    2.84300E+02    9.27708E-02    9.11402E-01
    2.84400E+02    9.33835E-02    9.10844E-01
    2.84500E+02    9.30871E-02    9.11114E-01
    2.84600E+02    9.33493E-02    9.10875E-01
    2.84700E+02    9.34140E-02    9.10816E-01
    2.84800E+02    9.36551E-02    9.10597E-01
    2.84900E+02    9.38824E-02    9.10390E-01
    2.85000E+02    9.41204E-02    9.10173E-01
    2.85100E+02    9.44426E-02    9.09880E-01
    2.85200E+02    9.48398E-02    9.09519E-01
    2.85300E+02    9.53381E-02    9.09066E-01
    2.85400E+02    9.59873E-02    9.08476E-01
    2.85500E+02    9.68761E-02    9.07668E-01
    2.85600E+02    9.82223E-02    9.06447E-01
    2.85700E+02    1.00117E-01    9.04732E-01
    2.85800E+02    1.03582E-01    9.01602E-01
    2.85900E+02    1.10832E-01    8.95089E-01
    2.86000E+02    1.31793E-01    8.76522E-01
    2.86100E+02    2.25115E-01    7.98424E-01
    2.86200E+02    1.79225E-01    8.35918E-01
    2.86300E+02    1.74979E-01    8.39475E-01
    2.86400E+02    1.16194E-01    8.90303E-01
    2.86500E+02    1.05956E-01    8.99464E-01
    2.86600E+02    1.01828E-01    9.03185E-01
    2.86700E+02    9.97242E-02    9.05087E-01
    2.86800E+02    9.85197E-02    9.06178E-01
    2.86900E+02    9.78020E-02    9.06828E-01
    2.87000E+02    9.74145E-02    9.07180E-01
    2.87100E+02    9.69987E-02    9.07557E-01
    2.87200E+02    9.67927E-02    9.07744E-01
    2.87300E+02    9.66797E-02    9.07847E-01
    2.87400E+02    9.66318E-02    9.07890E-01
    2.87500E+02    9.66379E-02    9.07885E-01
    2.87600E+02    9.66855E-02    9.07841E-01
    2.87700E+02    9.67737E-02    9.07761E-01
    2.87800E+02    9.69063E-02    9.07641E-01
    2.87900E+02    9.70866E-02    9.07477E-01
    2.88000E+02    9.73258E-02    9.07260E-01
    2.88100E+02    9.76416E-02    9.06974E-01
    2.88200E+02    9.80708E-02    9.06585E-01
    2.88300E+02    9.87415E-02    9.05977E-01
    2.88400E+02    9.94866E-02    9.05302E-01
    2.88500E+02    1.00722E-01    9.04184E-01
    2.88600E+02    1.02863E-01    9.02250E-01
    2.88700E+02    1.07045E-01    8.98485E-01
    2.88800E+02    1.17286E-01    8.89331E-01
    2.88900E+02    1.57814E-01    8.54009E-01
    2.89000E+02    1.82433E-01    8.33240E-01
    2.89100E+02    1.21408E-01    8.85672E-01
    2.89200E+02    1.08792E-01    8.96917E-01
    2.89300E+02    1.04055E-01    9.01175E-01
    2.89400E+02    1.01801E-01    9.03209E-01
    2.89500E+02    1.00572E-01    9.04320E-01
    2.89600E+02    9.98505E-02    9.04973E-01
    2.89700E+02    9.94176E-02    9.05365E-01
    2.89800E+02    9.92280E-02    9.05536E-01
    2.89900E+02    9.91176E-02    9.05636E-01
    2.90000E+02    9.90333E-02    9.05713E-01
    2.90100E+02    9.88124E-02    9.05913E-01
    2.90200E+02    9.87712E-02    9.05950E-01
    2.90300E+02    9.87852E-02    9.05937E-01
    2.90400E+02    9.88437E-02    9.05884E-01
    2.90500E+02    9.89711E-02    9.05769E-01
    2.90600E+02    9.91074E-02    9.05645E-01
    2.90700E+02    9.93563E-02    9.05420E-01
    2.90800E+02    9.99034E-02    9.04925E-01
    2.90900E+02    1.01796E-01    9.03214E-01
    2.91000E+02    1.06189E-01    8.99254E-01
    2.91100E+02    1.00830E-01    9.04086E-01
    2.91200E+02    1.00094E-01    9.04752E-01
    2.91300E+02    1.00070E-01    9.04774E-01
    2.91400E+02    1.00014E-01    9.04825E-01
    2.91500E+02    9.99547E-02    9.04878E-01
    2.91600E+02    1.00164E-01    9.04689E-01
    2.91700E+02    1.02658E-01    9.02435E-01
    2.91800E+02    1.00335E-01    9.04534E-01
    2.91900E+02    1.00310E-01    9.04557E-01
    2.92000E+02    1.00417E-01    9.04460E-01
    2.92100E+02    1.00577E-01    9.04315E-01
    2.92200E+02    1.00777E-01    9.04134E-01
    2.92300E+02    1.01022E-01    9.03913E-01
    2.92400E+02    1.01344E-01    9.03622E-01
    2.92500E+02    1.01947E-01    9.03078E-01
    2.92600E+02    1.02348E-01    9.02715E-01
    2.92700E+02    1.02915E-01    9.02204E-01
    2.92800E+02    1.04031E-01    9.01198E-01
    2.92900E+02    1.06106E-01    8.99329E-01
    2.93000E+02    1.10869E-01    8.95056E-01
    2.93100E+02    1.27715E-01    8.80104E-01
    2.93200E+02    1.55278E-01    8.56177E-01
    2.93300E+02    1.16435E-01    8.90088E-01
    2.93400E+02    1.10655E-01    8.95247E-01
    2.93500E+02    1.14434E-01    8.91870E-01
    2.93600E+02    1.12777E-01    8.93350E-01
    2.93700E+02    1.06254E-01    8.99196E-01
    2.93800E+02    1.04551E-01    9.00729E-01
    2.93900E+02    1.03811E-01    9.01395E-01
    2.94000E+02    1.03452E-01    9.01719E-01
    2.94100E+02    1.03270E-01    9.01883E-01
    2.94200E+02    1.03193E-01    9.01953E-01
    2.94300E+02    1.03168E-01    9.01975E-01
    2.94400E+02    1.03189E-01    9.01957E-01
    2.94500E+02    1.03245E-01    9.01906E-01
    2.94600E+02    1.03400E-01    9.01766E-01
    2.94700E+02    1.03381E-01    9.01784E-01
    2.94800E+02    1.03483E-01    9.01692E-01
    2.94900E+02    1.03579E-01    9.01605E-01
    2.95000E+02    1.03689E-01    9.01505E-01
    2.95100E+02    1.03802E-01    9.01403E-01
    2.95200E+02    1.03954E-01    9.01267E-01
    2.95300E+02    1.04240E-01    9.01009E-01
    2.95400E+02    1.04376E-01    9.00886E-01
    2.95500E+02    1.04462E-01    9.00809E-01
    2.95600E+02    1.04494E-01    9.00780E-01
    2.95700E+02    1.04641E-01    9.00648E-01
    2.95800E+02    1.04899E-01    9.00416E-01
    2.95900E+02    1.04980E-01    9.00342E-01
    2.96000E+02    1.05217E-01    9.00129E-01
    2.96100E+02    1.05578E-01    8.99805E-01
    2.96200E+02    1.05526E-01    8.99851E-01
    2.96300E+02    1.05719E-01    8.99677E-01
    2.96400E+02    1.06232E-01    8.99216E-01
    2.96500E+02    1.06143E-01    8.99296E-01
    2.96600E+02    1.06354E-01    8.99106E-01
    2.96700E+02    1.06610E-01    8.98877E-01
    2.96800E+02    1.06935E-01    8.98584E-01
    2.96900E+02    1.07222E-01    8.98326E-01
    2.97000E+02    1.07647E-01    8.97945E-01
    2.97100E+02    1.08532E-01    8.97150E-01
    2.97200E+02    1.10149E-01    8.95700E-01
    2.97300E+02    1.08873E-01    8.96844E-01
    2.97400E+02    1.09237E-01    8.96518E-01
    2.97500E+02    1.09430E-01    8.96345E-01
    2.97600E+02    1.09877E-01    8.95944E-01
    2.97700E+02    1.10442E-01    8.95439E-01
    2.97800E+02    1.11113E-01    8.94837E-01
    2.97900E+02    1.11917E-01    8.94119E-01
    2.98000E+02    1.12894E-01    8.93246E-01
    2.98100E+02    1.14128E-01    8.92143E-01
    2.98200E+02    1.15770E-01    8.90680E-01
    2.98300E+02    1.18299E-01    8.88430E-01
    2.98400E+02    1.22608E-01    8.84610E-01
    2.98500E+02    1.26400E-01    8.81262E-01
    2.98600E+02    1.20809E-01    8.86203E-01
    2.98700E+02    1.17513E-01    8.89129E-01
    2.98800E+02    1.16400E-01    8.90119E-01
    2.98900E+02    1.14988E-01    8.91377E-01
    2.99000E+02    1.14189E-01    8.92089E-01
    2.99100E+02    1.13638E-01    8.92581E-01
    2.99200E+02    1.13260E-01    8.92919E-01
    2.99300E+02    1.13065E-01    8.93093E-01
    2.99400E+02    1.13279E-01    8.92901E-01
    2.99500E+02    1.15657E-01    8.90781E-01
    2.99600E+02    1.12883E-01    8.93255E-01
    2.99700E+02    1.12766E-01    8.93359E-01
    2.99800E+02    1.12486E-01    8.93610E-01
    2.99900E+02    1.12502E-01    8.93595E-01
    3.00000E+02    1.12619E-01    8.93491E-01
    3.00100E+02    1.12901E-01    8.93239E-01
    3.00200E+02    1.13173E-01    8.92996E-01
    3.00300E+02    1.13616E-01    8.92601E-01
    3.00400E+02    1.14470E-01    8.91839E-01
    3.00500E+02    1.16316E-01    8.90194E-01
    3.00600E+02    1.22168E-01    8.84999E-01
    3.00700E+02    1.45317E-01    8.64748E-01
    3.00800E+02    1.20180E-01    8.86761E-01
    3.00900E+02    1.17011E-01    8.89576E-01
    3.01000E+02    1.16299E-01    8.90209E-01
    3.01100E+02    1.16334E-01    8.90178E-01
    3.01200E+02    1.16892E-01    8.89681E-01
    3.01300E+02    1.18049E-01    8.88653E-01
    3.01400E+02    1.20074E-01    8.86855E-01
    3.01500E+02    1.23815E-01    8.83544E-01
    3.01600E+02    1.31870E-01    8.76455E-01
    3.01700E+02    1.55349E-01    8.56116E-01
    3.01800E+02    3.21143E-01    7.25320E-01
    3.01900E+02    1.69829E-01    8.43809E-01
    3.02000E+02    1.36227E-01    8.72645E-01
    3.02100E+02    1.26350E-01    8.81306E-01
    3.02200E+02    1.22231E-01    8.84944E-01
    3.02300E+02    1.20249E-01    8.86700E-01
    3.02400E+02    1.19288E-01    8.87552E-01
    3.02500E+02    1.18998E-01    8.87809E-01
    3.02600E+02    1.19054E-01    8.87760E-01
    3.02700E+02    1.19533E-01    8.87335E-01
    3.02800E+02    1.20752E-01    8.86254E-01
    3.02900E+02    1.23435E-01    8.83879E-01
    3.03000E+02    1.30225E-01    8.77897E-01
    3.03100E+02    1.55502E-01    8.55986E-01
    3.03200E+02    1.80520E-01    8.34836E-01
    3.03300E+02    1.34227E-01    8.74392E-01
    3.03400E+02    1.25084E-01    8.82422E-01
    3.03500E+02    1.21873E-01    8.85260E-01
    3.03600E+02    1.20622E-01    8.86369E-01
    3.03700E+02    1.19476E-01    8.87385E-01
    3.03800E+02    1.19029E-01    8.87782E-01
    3.03900E+02    1.18856E-01    8.87936E-01
    3.04000E+02    1.18778E-01    8.88005E-01
    3.04100E+02    1.18809E-01    8.87977E-01
    3.04200E+02    1.18924E-01    8.87875E-01
    3.04300E+02    1.19106E-01    8.87714E-01
    3.04400E+02    1.19356E-01    8.87492E-01
    3.04500E+02    1.19684E-01    8.87201E-01
    3.04600E+02    1.20124E-01    8.86810E-01
    3.04700E+02    1.20779E-01    8.86229E-01
    3.04800E+02    1.22350E-01    8.84839E-01
    3.04900E+02    1.21446E-01    8.85639E-01
    3.05000E+02    1.20911E-01    8.86113E-01
    3.05100E+02    1.20733E-01    8.86271E-01
    3.05200E+02    1.20611E-01    8.86378E-01
    3.05300E+02    1.20588E-01    8.86399E-01
    3.05400E+02    1.20621E-01    8.86370E-01
    3.05500E+02    1.20688E-01    8.86310E-01
    3.05600E+02    1.20786E-01    8.86224E-01
    3.05700E+02    1.20904E-01    8.86119E-01
    3.05800E+02    1.21040E-01    8.85999E-01
    3.05900E+02    1.21207E-01    8.85850E-01
    3.06000E+02    1.21393E-01    8.85685E-01
    3.06100E+02    1.21536E-01    8.85559E-01
    3.06200E+02    1.21715E-01    8.85400E-01
    3.06300E+02    1.21906E-01    8.85232E-01
    3.06400E+02    1.22113E-01    8.85049E-01
    3.06500E+02    1.22308E-01    8.84876E-01
    3.06600E+02    1.22520E-01    8.84688E-01
    3.06700E+02    1.22743E-01    8.84491E-01
    3.06800E+02    1.22979E-01    8.84282E-01
    3.06900E+02    1.23292E-01    8.84005E-01
    3.07000E+02    1.23478E-01    8.83842E-01
    3.07100E+02    1.23686E-01    8.83657E-01
    3.07200E+02    1.23940E-01    8.83433E-01
    3.07300E+02    1.24307E-01    8.83109E-01
    3.07400E+02    1.24649E-01    8.82807E-01
    3.07500E+02    1.25089E-01    8.82418E-01
    3.07600E+02    1.25139E-01    8.82374E-01
    3.07700E+02    1.25351E-01    8.82188E-01
    3.07800E+02    1.25608E-01    8.81960E-01
    3.07900E+02    1.25888E-01    8.81713E-01
    3.08000E+02    1.26166E-01    8.81468E-01
    3.08100E+02    1.26457E-01    8.81212E-01
    3.08200E+02    1.26765E-01    8.80941E-01
    3.08300E+02    1.27092E-01    8.80652E-01
    3.08400E+02    1.27471E-01    8.80319E-01
    3.08500E+02    1.28108E-01    8.79758E-01
    3.08600E+02    1.28847E-01    8.79108E-01
    3.08700E+02    1.28527E-01    8.79390E-01
    3.08800E+02    1.28890E-01    8.79070E-01
    3.08900E+02    1.29271E-01    8.78735E-01
    3.09000E+02    1.29430E-01    8.78596E-01
    3.09100E+02    1.29772E-01    8.78296E-01
    3.09200E+02    1.30197E-01    8.77922E-01
    3.09300E+02    1.30622E-01    8.77550E-01
    3.09400E+02    1.31190E-01    8.77051E-01
    3.09500E+02    1.31463E-01    8.76812E-01
    3.09600E+02    1.31987E-01    8.76353E-01
    3.09700E+02    1.32675E-01    8.75750E-01
    3.09800E+02    1.33728E-01    8.74828E-01
    3.09900E+02    1.35671E-01    8.73130E-01
    3.10000E+02    1.42232E-01    8.67420E-01
    3.10100E+02    1.48169E-01    8.62286E-01
    3.10200E+02    1.37685E-01    8.71373E-01
    3.10300E+02    1.36045E-01    8.72803E-01
    3.10400E+02    1.35570E-01    8.73218E-01
    3.10500E+02    1.35586E-01    8.73204E-01
    3.10600E+02    1.35769E-01    8.73044E-01
    3.10700E+02    1.36042E-01    8.72806E-01
    3.10800E+02    1.36366E-01    8.72523E-01
    3.10900E+02    1.36725E-01    8.72210E-01
    3.11000E+02    1.37114E-01    8.71871E-01
    3.11100E+02    1.37579E-01    8.71465E-01
    3.11200E+02    1.37958E-01    8.71136E-01
    3.11300E+02    1.38343E-01    8.70800E-01
    3.11400E+02    1.38773E-01    8.70425E-01
    3.11500E+02    1.39233E-01    8.70026E-01
    3.11600E+02    1.39785E-01    8.69545E-01
    3.11700E+02    1.40250E-01    8.69141E-01
    3.11800E+02    1.40667E-01    8.68779E-01
    3.11900E+02    1.41127E-01    8.68379E-01
    3.12000E+02    1.41636E-01    8.67937E-01
    3.12100E+02    1.42163E-01    8.67480E-01
    3.12200E+02    1.42706E-01    8.67009E-01
    3.12300E+02    1.43268E-01    8.66522E-01
    3.12400E+02    1.43853E-01    8.66015E-01
    3.12500E+02    1.44504E-01    8.65452E-01
    3.12600E+02    1.45135E-01    8.64906E-01
    3.12700E+02    1.45681E-01    8.64434E-01
    3.12800E+02    1.46322E-01    8.63880E-01
    3.12900E+02    1.47253E-01    8.63076E-01
    3.13000E+02    1.47651E-01    8.62732E-01
    3.13100E+02    1.48301E-01    8.62172E-01
    3.13200E+02    1.48927E-01    8.61632E-01
    3.13300E+02    1.49626E-01    8.61030E-01
    3.13400E+02    1.50369E-01    8.60391E-01
    3.13500E+02    1.51178E-01    8.59694E-01
    3.13600E+02    1.52142E-01    8.58866E-01
    3.13700E+02    1.52622E-01    8.58454E-01
    3.13800E+02    1.53387E-01    8.57797E-01
    3.13900E+02    1.54243E-01    8.57064E-01
    3.14000E+02    1.55658E-01    8.55852E-01
    3.14100E+02    1.55815E-01    8.55718E-01
    3.14200E+02    1.56590E-01    8.55055E-01
    3.14300E+02    1.57437E-01    8.54331E-01
    3.14400E+02    1.58324E-01    8.53573E-01
    3.14500E+02    1.59251E-01    8.52783E-01
    3.14600E+02    1.60217E-01    8.51959E-01
    3.14700E+02    1.61231E-01    8.51095E-01
    3.14800E+02    1.62300E-01    8.50186E-01
    3.14900E+02    1.63435E-01    8.49222E-01
    3.15000E+02    1.64655E-01    8.48186E-01
    3.15100E+02    1.66012E-01    8.47036E-01
    3.15200E+02    1.67440E-01    8.45827E-01
    3.15300E+02    1.69099E-01    8.44425E-01
    3.15400E+02    1.71100E-01    8.42738E-01
    3.15500E+02    1.73705E-01    8.40545E-01
    3.15600E+02    1.77595E-01    8.37282E-01
    3.15700E+02    1.85011E-01    8.31095E-01
    3.15800E+02    2.08184E-01    8.12058E-01
    3.15900E+02    2.58958E-01    7.71856E-01
    3.16000E+02    1.99790E-01    8.18903E-01
    3.16100E+02    1.95563E-01    8.22372E-01
    3.16200E+02    2.06122E-01    8.13734E-01
    3.16300E+02    2.76041E-01    7.58782E-01
    3.16400E+02    2.26894E-01    7.97005E-01
    3.16500E+02    2.01058E-01    8.17865E-01
    3.16600E+02    1.96744E-01    8.21401E-01
    3.16700E+02    2.02696E-01    8.16526E-01
    3.16800E+02    1.93877E-01    8.23759E-01
    3.16900E+02    1.93626E-01    8.23966E-01
    3.17000E+02    1.95068E-01    8.22779E-01
    3.17100E+02    1.98684E-01    8.19809E-01
    3.17200E+02    2.17463E-01    8.04557E-01
    3.17300E+02    2.01394E-01    8.17590E-01
    3.17400E+02    2.01104E-01    8.17828E-01
    3.17500E+02    2.02370E-01    8.16793E-01
    3.17600E+02    2.04152E-01    8.15339E-01
    3.17700E+02    2.06214E-01    8.13659E-01
    3.17800E+02    2.08449E-01    8.11843E-01
    3.17900E+02    2.10817E-01    8.09922E-01
    3.18000E+02    2.13346E-01    8.07876E-01
    3.18100E+02    2.16059E-01    8.05688E-01
    3.18200E+02    2.18828E-01    8.03460E-01
    3.18300E+02    2.21783E-01    8.01089E-01
    3.18400E+02    2.24903E-01    7.98594E-01
    3.18500E+02    2.28210E-01    7.95957E-01
    3.18600E+02    2.31596E-01    7.93266E-01
    3.18700E+02    2.35218E-01    7.90398E-01
    3.18800E+02    2.39038E-01    7.87385E-01
    3.18900E+02    2.43069E-01    7.84217E-01
    3.19000E+02    2.47332E-01    7.80881E-01
    3.19100E+02    2.51865E-01    7.77350E-01
    3.19200E+02    2.56765E-01    7.73550E-01
    3.19300E+02    2.61916E-01    7.69575E-01
    3.19400E+02    2.67573E-01    7.65234E-01
    3.19500E+02    2.73512E-01    7.60703E-01
    3.19600E+02    2.80371E-01    7.55504E-01
    3.19700E+02    2.88641E-01    7.49281E-01
    3.19800E+02    3.00138E-01    7.40716E-01
    3.19900E+02    3.23362E-01    7.23712E-01
    3.20000E+02    4.66737E-01    6.27045E-01
    3.20100E+02    3.36030E-01    7.14601E-01
    3.20200E+02    3.29008E-01    7.19638E-01
    3.20300E+02    3.32633E-01    7.17033E-01
    3.20400E+02    3.39376E-01    7.12215E-01
    3.20500E+02    3.47473E-01    7.06471E-01
    3.20600E+02    3.56573E-01    7.00071E-01
    3.20700E+02    3.66268E-01    6.93317E-01
    3.20800E+02    3.76523E-01    6.86243E-01
    3.20900E+02    3.87197E-01    6.78957E-01
    3.21000E+02    3.98216E-01    6.71517E-01
    3.21100E+02    4.09548E-01    6.63950E-01
    3.21200E+02    4.20897E-01    6.56458E-01
    3.21300E+02    4.32472E-01    6.48903E-01
    3.21400E+02    4.44366E-01    6.41231E-01
    3.21500E+02    4.56793E-01    6.33312E-01
    3.21600E+02    4.69680E-01    6.25202E-01
    3.21700E+02    4.83453E-01    6.16651E-01
    3.21800E+02    4.98228E-01    6.07606E-01
    3.21900E+02    5.14318E-01    5.97909E-01
    3.22000E+02    5.34123E-01    5.86183E-01
    3.22100E+02    5.50686E-01    5.76554E-01
    3.22200E+02    5.70257E-01    5.65380E-01
    3.22300E+02    5.91658E-01    5.53409E-01
    3.22400E+02    6.15230E-01    5.40516E-01
    3.22500E+02    6.40882E-01    5.26828E-01
    3.22600E+02    6.68753E-01    5.12347E-01
    3.22700E+02    6.99192E-01    4.96987E-01
    3.22800E+02    7.31840E-01    4.81023E-01
    3.22900E+02    7.67512E-01    4.64166E-01
    3.23000E+02    8.06272E-01    4.46519E-01
    3.23100E+02    8.48366E-01    4.28114E-01
    3.23200E+02    8.94079E-01    4.08984E-01
    3.23300E+02    9.43679E-01    3.89193E-01
    3.23400E+02    9.97482E-01    3.68807E-01
    3.23500E+02    1.05582E+00    3.47908E-01
    3.23600E+02    1.11917E+00    3.26552E-01
    3.23700E+02    1.19259E+00    3.03433E-01
    3.23800E+02    1.26001E+00    2.83651E-01
    3.23900E+02    1.33758E+00    2.62479E-01
    3.24000E+02    1.42063E+00    2.41562E-01
    3.24100E+02    1.50870E+00    2.21196E-01
    3.24200E+02    1.60148E+00    2.01598E-01
    3.24300E+02    1.69788E+00    1.83071E-01
    3.24400E+02    1.79677E+00    1.65834E-01
    3.24500E+02    1.89669E+00    1.50064E-01
    3.24600E+02    1.99545E+00    1.35952E-01
    3.24700E+02    2.09013E+00    1.23671E-01
    3.24800E+02    2.17718E+00    1.13361E-01
    3.24900E+02    2.25239E+00    1.05148E-01
    3.25000E+02    2.31063E+00    9.91992E-02
    3.25100E+02    2.34624E+00    9.57289E-02
    3.25200E+02    2.34867E+00    9.54959E-02
    3.25300E+02    2.31714E+00    9.85555E-02
    3.25400E+02    2.26258E+00    1.04081E-01
    3.25500E+02    2.19042E+00    1.11869E-01
    3.25600E+02    2.10606E+00    1.21717E-01
    3.25700E+02    2.01344E+00    1.33528E-01
    3.25800E+02    1.91649E+00    1.47123E-01
    3.25900E+02    1.81795E+00    1.62359E-01
    3.26000E+02    1.72018E+00    1.79035E-01
    3.26100E+02    1.62467E+00    1.96977E-01
    3.26200E+02    1.53271E+00    2.15949E-01
    3.26300E+02    1.44554E+00    2.35619E-01
    3.26400E+02    1.36443E+00    2.55527E-01
    3.26500E+02    1.29001E+00    2.75268E-01
    3.26600E+02    1.21832E+00    2.95728E-01
    3.26700E+02    1.15932E+00    3.13700E-01
    3.26800E+02    1.12575E+00    3.24409E-01
    3.26900E+02    1.33778E+00    2.62427E-01
    3.27000E+02    1.01305E+00    3.63109E-01
    3.27100E+02    9.31627E-01    3.93912E-01
    3.27200E+02    8.75047E-01    4.16843E-01
    3.27300E+02    8.27541E-01    4.37123E-01
    3.27400E+02    7.85478E-01    4.55902E-01
    3.27500E+02    7.47613E-01    4.73496E-01
    3.27600E+02    7.13625E-01    4.89865E-01
    3.27700E+02    6.84879E-01    5.04151E-01
    3.27800E+02    6.67746E-01    5.12863E-01
    3.27900E+02    6.37025E-01    5.28863E-01
    3.28000E+02    6.00791E-01    5.48378E-01
    3.28100E+02    5.74548E-01    5.62959E-01
    3.28200E+02    5.51604E-01    5.76025E-01
    3.28300E+02    5.30672E-01    5.88210E-01
    3.28400E+02    5.11373E-01    5.99672E-01
    3.28500E+02    4.93556E-01    6.10452E-01
    3.28600E+02    4.76838E-01    6.20743E-01
    3.28700E+02    4.61278E-01    6.30478E-01
    3.28800E+02    4.46805E-01    6.39669E-01
    3.28900E+02    4.33243E-01    6.48403E-01
    3.29000E+02    4.20578E-01    6.56667E-01
    3.29100E+02    4.08781E-01    6.64460E-01
    3.29200E+02    3.97567E-01    6.71953E-01
    3.29300E+02    3.87202E-01    6.78954E-01
    3.29400E+02    3.77208E-01    6.85773E-01
    3.29500E+02    3.67926E-01    6.92168E-01
    3.29600E+02    3.59307E-01    6.98160E-01
    3.29700E+02    3.51136E-01    7.03888E-01
    3.29800E+02    3.44238E-01    7.08760E-01
    3.29900E+02    3.35898E-01    7.14696E-01
    3.30000E+02    3.28835E-01    7.19762E-01
    3.30100E+02    3.22238E-01    7.24526E-01
    3.30200E+02    3.16015E-01    7.29048E-01
    3.30300E+02    3.10123E-01    7.33357E-01
    3.30400E+02    3.04547E-01    7.37458E-01
    3.30500E+02    2.99250E-01    7.41374E-01
    3.30600E+02    2.94244E-01    7.45095E-01
    3.30700E+02    2.89487E-01    7.48648E-01
    3.30800E+02    2.84965E-01    7.52040E-01
    3.30900E+02    2.80687E-01    7.55265E-01
    3.31000E+02    2.76657E-01    7.58315E-01
    3.31100E+02    2.72800E-01    7.61245E-01
    3.31200E+02    2.69093E-01    7.64072E-01
    3.31300E+02    2.65612E-01    7.66736E-01
    3.31400E+02    2.62324E-01    7.69262E-01
    3.31500E+02    2.59243E-01    7.71636E-01
    3.31600E+02    2.56352E-01    7.73870E-01
    3.31700E+02    2.53701E-01    7.75924E-01
    3.31800E+02    2.51891E-01    7.77330E-01
    3.31900E+02    2.48804E-01    7.79733E-01
    3.32000E+02    2.46669E-01    7.81399E-01
    3.32100E+02    2.45090E-01    7.82634E-01
    3.32200E+02    2.43695E-01    7.83727E-01
    3.32300E+02    2.43270E-01    7.84060E-01
    3.32400E+02    2.44469E-01    7.83120E-01
    3.32500E+02    2.49620E-01    7.79097E-01
    3.32600E+02    2.68775E-01    7.64315E-01
    3.32700E+02    4.39010E-01    6.44674E-01
    3.32800E+02    2.83967E-01    7.52791E-01
    3.32900E+02    2.96401E-01    7.43489E-01
    3.33000E+02    2.44424E-01    7.83155E-01
    3.33100E+02    2.32795E-01    7.92316E-01
    3.33200E+02    2.27115E-01    7.96829E-01
    3.33300E+02    2.23468E-01    7.99741E-01
    3.33400E+02    2.20755E-01    8.01913E-01
    3.33500E+02    2.18526E-01    8.03702E-01
    3.33600E+02    2.16634E-01    8.05225E-01
    3.33700E+02    2.14950E-01    8.06581E-01
    3.33800E+02    2.13447E-01    8.07795E-01
    3.33900E+02    2.12143E-01    8.08849E-01
    3.34000E+02    2.10916E-01    8.09842E-01
    3.34100E+02    2.09520E-01    8.10974E-01
    3.34200E+02    2.08335E-01    8.11935E-01
    3.34300E+02    2.07258E-01    8.12810E-01
    3.34400E+02    2.06238E-01    8.13640E-01
    3.34500E+02    2.05302E-01    8.14401E-01
    3.34600E+02    2.04437E-01    8.15106E-01
    3.34700E+02    2.03666E-01    8.15734E-01
    3.34800E+02    2.03001E-01    8.16277E-01
    3.34900E+02    2.02539E-01    8.16655E-01
    3.35000E+02    2.02471E-01    8.16711E-01
    3.35100E+02    2.03519E-01    8.15855E-01
    3.35200E+02    2.09332E-01    8.11126E-01
    3.35300E+02    2.19797E-01    8.02682E-01
    3.35400E+02    2.02931E-01    8.16335E-01
    3.35500E+02    1.99445E-01    8.19185E-01
    3.35600E+02    1.97908E-01    8.20445E-01
    3.35700E+02    1.97229E-01    8.21003E-01
    3.35800E+02    1.95881E-01    8.22110E-01
    3.35900E+02    1.95555E-01    8.22378E-01
    3.36000E+02    1.94421E-01    8.23311E-01
    3.36100E+02    1.93737E-01    8.23874E-01
    3.36200E+02    1.93521E-01    8.24052E-01
    3.36300E+02    1.92551E-01    8.24852E-01
    3.36400E+02    1.91956E-01    8.25343E-01
    3.36500E+02    1.91427E-01    8.25780E-01
    3.36600E+02    1.90937E-01    8.26185E-01
    3.36700E+02    1.90468E-01    8.26572E-01
    3.36800E+02    1.90029E-01    8.26935E-01
    3.36900E+02    1.89618E-01    8.27275E-01
    3.37000E+02    1.89214E-01    8.27609E-01
    3.37100E+02    1.88960E-01    8.27820E-01
    3.37200E+02    1.88593E-01    8.28123E-01
    3.37300E+02    1.88199E-01    8.28450E-01
    3.37400E+02    1.87861E-01    8.28730E-01
    3.37500E+02    1.87685E-01    8.28875E-01
    3.37600E+02    1.87724E-01    8.28844E-01
    3.37700E+02    1.87180E-01    8.29295E-01
    3.37800E+02    1.86666E-01    8.29721E-01
    3.37900E+02    1.86346E-01    8.29986E-01
    3.38000E+02    1.86079E-01    8.30208E-01
    3.38100E+02    1.85845E-01    8.30402E-01
    3.38200E+02    1.85626E-01    8.30584E-01
    3.38300E+02    1.85487E-01    8.30700E-01
    3.38400E+02    1.85289E-01    8.30864E-01
    3.38500E+02    1.85107E-01    8.31015E-01
    3.38600E+02    1.85092E-01    8.31028E-01
    3.38700E+02    1.86298E-01    8.30026E-01
    3.38800E+02    1.84994E-01    8.31109E-01
    3.38900E+02    1.84526E-01    8.31498E-01
    3.39000E+02    1.84259E-01    8.31720E-01
    3.39100E+02    1.84085E-01    8.31865E-01
    3.39200E+02    1.83943E-01    8.31984E-01
    3.39300E+02    1.83818E-01    8.32087E-01
    3.39400E+02    1.83707E-01    8.32180E-01
    3.39500E+02    1.83606E-01    8.32264E-01
    3.39600E+02    1.83516E-01    8.32339E-01
    3.39700E+02    1.83436E-01    8.32405E-01
    3.39800E+02    1.83380E-01    8.32452E-01
    3.39900E+02    1.83341E-01    8.32485E-01
    3.40000E+02    1.83254E-01    8.32556E-01
    3.40100E+02    1.83201E-01    8.32600E-01
    3.40200E+02    1.83161E-01    8.32634E-01
    3.40300E+02    1.83130E-01    8.32660E-01
    3.40400E+02    1.83111E-01    8.32675E-01
    3.40500E+02    1.83115E-01    8.32673E-01
    3.40600E+02    1.83203E-01    8.32599E-01
    3.40700E+02    1.83513E-01    8.32341E-01
    3.40800E+02    1.83132E-01    8.32658E-01
    3.40900E+02    1.83095E-01    8.32689E-01
    3.41000E+02    1.83096E-01    8.32688E-01
    3.41100E+02    1.83113E-01    8.32674E-01
    3.41200E+02    1.83141E-01    8.32651E-01
    3.41300E+02    1.83178E-01    8.32620E-01
    3.41400E+02    1.83223E-01    8.32583E-01
    3.41500E+02    1.83279E-01    8.32536E-01
    3.41600E+02    1.83346E-01    8.32480E-01
    3.41700E+02    1.83429E-01    8.32411E-01
    3.41800E+02    1.83553E-01    8.32308E-01
    3.41900E+02    1.83849E-01    8.32061E-01
    3.42000E+02    1.83802E-01    8.32101E-01
    3.42100E+02    1.84386E-01    8.31615E-01
    3.42200E+02    1.84034E-01    8.31907E-01
    3.42300E+02    1.84172E-01    8.31793E-01
    3.42400E+02    1.84359E-01    8.31637E-01
    3.42500E+02    1.84633E-01    8.31409E-01
    3.42600E+02    1.84886E-01    8.31199E-01
    3.42700E+02    1.85303E-01    8.30852E-01
    3.42800E+02    1.85943E-01    8.30321E-01
    3.42900E+02    1.86988E-01    8.29454E-01
    3.43000E+02    1.89174E-01    8.27642E-01
    3.43100E+02    1.95607E-01    8.22336E-01
    3.43200E+02    2.22697E-01    8.00357E-01
    3.43300E+02    2.03943E-01    8.15509E-01
    3.43400E+02    1.93767E-01    8.23850E-01
    3.43500E+02    2.03480E-01    8.15887E-01
    3.43600E+02    1.90096E-01    8.26880E-01
    3.43700E+02    1.87806E-01    8.28776E-01
    3.43800E+02    1.87023E-01    8.29425E-01
    3.43900E+02    1.86713E-01    8.29682E-01
    3.44000E+02    1.86544E-01    8.29822E-01
    3.44100E+02    1.86497E-01    8.29861E-01
    3.44200E+02    1.86510E-01    8.29850E-01
    3.44300E+02    1.86564E-01    8.29805E-01
    3.44400E+02    1.86654E-01    8.29730E-01
    3.44500E+02    1.86770E-01    8.29635E-01
    3.44600E+02    1.86926E-01    8.29505E-01
    3.44700E+02    1.87064E-01    8.29390E-01
    3.44800E+02    1.87266E-01    8.29223E-01
    3.44900E+02    1.87437E-01    8.29081E-01
    3.45000E+02    1.87537E-01    8.28999E-01
    3.45100E+02    1.87698E-01    8.28865E-01
    3.45200E+02    1.87877E-01    8.28717E-01
    3.45300E+02    1.88061E-01    8.28564E-01
    3.45400E+02    1.88257E-01    8.28402E-01
    3.45500E+02    1.88457E-01    8.28236E-01
    3.45600E+02    1.88664E-01    8.28065E-01
    3.45700E+02    1.88875E-01    8.27890E-01
    3.45800E+02    1.89092E-01    8.27711E-01
    3.45900E+02    1.89315E-01    8.27526E-01
    3.46000E+02    1.89544E-01    8.27336E-01
    3.46100E+02    1.89795E-01    8.27129E-01
    3.46200E+02    1.90032E-01    8.26933E-01
    3.46300E+02    1.90257E-01    8.26747E-01
    3.46400E+02    1.90505E-01    8.26542E-01
    3.46500E+02    1.90747E-01    8.26341E-01
    3.46600E+02    1.91016E-01    8.26119E-01
    3.46700E+02    1.91273E-01    8.25907E-01
    3.46800E+02    1.91576E-01    8.25657E-01
    3.46900E+02    1.91914E-01    8.25378E-01
    3.47000E+02    1.92101E-01    8.25224E-01
    3.47100E+02    1.92406E-01    8.24972E-01
    3.47200E+02    1.92922E-01    8.24546E-01
    3.47300E+02    1.93028E-01    8.24458E-01
    3.47400E+02    1.93212E-01    8.24307E-01
    3.47500E+02    1.93485E-01    8.24082E-01
    3.47600E+02    1.93791E-01    8.23830E-01
    3.47700E+02    1.94144E-01    8.23539E-01
    3.47800E+02    1.94818E-01    8.22984E-01
    3.47900E+02    1.94774E-01    8.23021E-01
    3.48000E+02    1.95115E-01    8.22740E-01
    3.48100E+02    1.95355E-01    8.22543E-01
    3.48200E+02    1.95666E-01    8.22287E-01
    3.48300E+02    1.95980E-01    8.22029E-01
    3.48400E+02    1.96317E-01    8.21752E-01
    3.48500E+02    1.96678E-01    8.21455E-01
    3.48600E+02    1.97102E-01    8.21107E-01
    3.48700E+02    1.97354E-01    8.20900E-01
    3.48800E+02    1.97708E-01    8.20610E-01
    3.48900E+02    1.98078E-01    8.20306E-01
    3.49000E+02    1.98719E-01    8.19780E-01
    3.49100E+02    1.98831E-01    8.19688E-01
    3.49200E+02    1.99212E-01    8.19376E-01
    3.49300E+02    1.99632E-01    8.19032E-01
    3.49400E+02    2.00123E-01    8.18630E-01
    3.49500E+02    2.00852E-01    8.18034E-01
    3.49600E+02    2.01601E-01    8.17421E-01
    3.49700E+02    2.03756E-01    8.15661E-01
    3.49800E+02    2.03693E-01    8.15713E-01
    3.49900E+02    2.02613E-01    8.16594E-01
