    1.49900E+02    5.05675E-02    9.50690E-01
    1.50000E+02    5.06650E-02    9.50597E-01
    1.50100E+02    5.07592E-02    9.50508E-01
    1.50200E+02    5.08025E-02    9.50466E-01
    1.50300E+02    5.08924E-02    9.50381E-01
    1.50400E+02    5.09543E-02    9.50322E-01
    1.50500E+02    5.10333E-02    9.50247E-01
    1.50600E+02    5.11164E-02    9.50168E-01
    1.50700E+02    5.12032E-02    9.50086E-01
    1.50800E+02    5.12897E-02    9.50003E-01
    1.50900E+02    5.13775E-02    9.49920E-01
    1.51000E+02    5.14662E-02    9.49836E-01
    1.51100E+02    5.15597E-02    9.49747E-01
    1.51200E+02    5.16479E-02    9.49663E-01
    1.51300E+02    5.17406E-02    9.49575E-01
    1.51400E+02    5.18318E-02    9.49489E-01
    1.51500E+02    5.19237E-02    9.49401E-01
    1.51600E+02    5.20180E-02    9.49312E-01
    1.51700E+02    5.21096E-02    9.49225E-01
    1.51800E+02    5.22015E-02    9.49138E-01
    1.51900E+02    5.22962E-02    9.49048E-01
    1.52000E+02    5.23894E-02    9.48959E-01
    1.52100E+02    5.24855E-02    9.48868E-01
    1.52200E+02    5.25754E-02    9.48783E-01
    1.52300E+02    5.26739E-02    9.48689E-01
    1.52400E+02    5.27724E-02    9.48596E-01
    1.52500E+02    5.28761E-02    9.48498E-01
    1.52600E+02    5.29763E-02    9.48403E-01
    1.52700E+02    5.30823E-02    9.48302E-01
    1.52800E+02    5.31900E-02    9.48200E-01
    1.52900E+02    5.33042E-02    9.48092E-01
    1.53000E+02    5.34269E-02    9.47975E-01
    1.53100E+02    5.35524E-02    9.47856E-01
    1.53200E+02    5.36824E-02    9.47733E-01
    1.53300E+02    5.38313E-02    9.47592E-01
    1.53400E+02    5.40089E-02    9.47424E-01
    1.53500E+02    5.42437E-02    9.47201E-01
    1.53600E+02    5.45993E-02    9.46864E-01
    1.53700E+02    5.57651E-02    9.45761E-01
    1.53800E+02    5.58048E-02    9.45724E-01
    1.53900E+02    5.76607E-02    9.43970E-01
    1.54000E+02    6.15042E-02    9.40349E-01
    1.54100E+02    5.96462E-02    9.42098E-01
    1.54200E+02    5.63593E-02    9.45199E-01
    1.54300E+02    5.56133E-02    9.45905E-01
    1.54400E+02    5.53573E-02    9.46147E-01
    1.54500E+02    5.52858E-02    9.46215E-01
    1.54600E+02    5.52964E-02    9.46205E-01
    1.54700E+02    5.53708E-02    9.46134E-01
    1.54800E+02    5.54430E-02    9.46066E-01
    1.54900E+02    5.55258E-02    9.45988E-01
    1.55000E+02    5.56238E-02    9.45895E-01
    1.55100E+02    5.57257E-02    9.45799E-01
    1.55200E+02    5.58331E-02    9.45697E-01
    1.55300E+02    5.59431E-02    9.45593E-01
    1.55400E+02    5.60594E-02    9.45483E-01
    1.55500E+02    5.61803E-02    9.45369E-01
    1.55600E+02    5.63057E-02    9.45250E-01
    1.55700E+02    5.64394E-02    9.45124E-01
    1.55800E+02    5.65862E-02    9.44985E-01
    1.55900E+02    5.67791E-02    9.44803E-01
    1.56000E+02    5.70582E-02    9.44539E-01
    1.56100E+02    5.87859E-02    9.42909E-01
    1.56200E+02    5.73540E-02    9.44260E-01
    1.56300E+02    5.72857E-02    9.44324E-01
    1.56400E+02    5.73769E-02    9.44238E-01
    1.56500E+02    5.76003E-02    9.44027E-01
    1.56600E+02    5.76069E-02    9.44021E-01
    1.56700E+02    5.77299E-02    9.43905E-01
    1.56800E+02    5.78450E-02    9.43796E-01
    1.56900E+02    5.79752E-02    9.43673E-01
    1.57000E+02    5.81261E-02    9.43531E-01
    1.57100E+02    5.82562E-02    9.43408E-01
    1.57200E+02    5.84179E-02    9.43256E-01
    1.57300E+02    5.86330E-02    9.43053E-01
    1.57400E+02    5.86876E-02    9.43001E-01
    1.57500E+02    5.88199E-02    9.42877E-01
    1.57600E+02    5.89630E-02    9.42742E-01
    1.57700E+02    5.91102E-02    9.42603E-01
    1.57800E+02    5.92583E-02    9.42463E-01
    1.57900E+02    5.94095E-02    9.42321E-01
    1.58000E+02    5.95633E-02    9.42176E-01
    1.58100E+02    5.97201E-02    9.42028E-01
    1.58200E+02    5.98770E-02    9.41880E-01
    1.58300E+02    6.00415E-02    9.41725E-01
    1.58400E+02    6.02134E-02    9.41564E-01
    1.58500E+02    6.04653E-02    9.41326E-01
    1.58600E+02    6.05958E-02    9.41204E-01
    1.58700E+02    6.06923E-02    9.41113E-01
    1.58800E+02    6.08503E-02    9.40964E-01
    1.58900E+02    6.10121E-02    9.40812E-01
    1.59000E+02    6.11791E-02    9.40655E-01
    1.59100E+02    6.13591E-02    9.40485E-01
    1.59200E+02    6.15419E-02    9.40314E-01
    1.59300E+02    6.17069E-02    9.40158E-01
    1.59400E+02    6.18743E-02    9.40001E-01
    1.59500E+02    6.20735E-02    9.39814E-01
    1.59600E+02    6.22357E-02    9.39661E-01
    1.59700E+02    6.24020E-02    9.39505E-01
    1.59800E+02    6.25871E-02    9.39331E-01
    1.59900E+02    6.27848E-02    9.39146E-01
    1.60000E+02    6.29682E-02    9.38973E-01
    1.60100E+02    6.31477E-02    9.38805E-01
    1.60200E+02    6.33380E-02    9.38626E-01
    1.60300E+02    6.35223E-02    9.38453E-01
    1.60400E+02    6.37303E-02    9.38258E-01
    1.60500E+02    6.39183E-02    9.38082E-01
    1.60600E+02    6.41110E-02    9.37901E-01
    1.60700E+02    6.43116E-02    9.37713E-01
    1.60800E+02    6.45117E-02    9.37525E-01
    1.60900E+02    6.47163E-02    9.37333E-01
    1.61000E+02    6.49257E-02    9.37137E-01
    1.61100E+02    6.51380E-02    9.36938E-01
    1.61200E+02    6.53555E-02    9.36734E-01
    1.61300E+02    6.55784E-02    9.36526E-01
    1.61400E+02    6.57838E-02    9.36333E-01
    1.61500E+02    6.60017E-02    9.36129E-01
    1.61600E+02    6.62231E-02    9.35922E-01
    1.61700E+02    6.64512E-02    9.35709E-01
    1.61800E+02    6.66779E-02    9.35496E-01
    1.61900E+02    6.69115E-02    9.35278E-01
    1.62000E+02    6.71448E-02    9.35060E-01
    1.62100E+02    6.73824E-02    9.34838E-01
    1.62200E+02    6.76233E-02    9.34613E-01
    1.62300E+02    6.78740E-02    9.34378E-01
    1.62400E+02    6.81137E-02    9.34154E-01
    1.62500E+02    6.83647E-02    9.33920E-01
    1.62600E+02    6.86195E-02    9.33682E-01
    1.62700E+02    6.88760E-02    9.33442E-01
    1.62800E+02    6.91389E-02    9.33197E-01
    1.62900E+02    6.94057E-02    9.32948E-01
    1.63000E+02    6.96796E-02    9.32693E-01
    1.63100E+02    6.99634E-02    9.32428E-01
    1.63200E+02    7.02826E-02    9.32130E-01
    1.63300E+02    7.05814E-02    9.31852E-01
    1.63400E+02    7.08185E-02    9.31631E-01
    1.63500E+02    7.11053E-02    9.31364E-01
    1.63600E+02    7.14085E-02    9.31082E-01
    1.63700E+02    7.17136E-02    9.30797E-01
    1.63800E+02    7.20321E-02    9.30501E-01
    1.63900E+02    7.23625E-02    9.30194E-01
    1.64000E+02    7.27091E-02    9.29871E-01
    1.64100E+02    7.30626E-02    9.29543E-01
    1.64200E+02    7.34445E-02    9.29188E-01
    1.64300E+02    7.38577E-02    9.28804E-01
    1.64400E+02    7.43186E-02    9.28376E-01
    1.64500E+02    7.48598E-02    9.27874E-01
    1.64600E+02    7.55569E-02    9.27227E-01
    1.64700E+02    7.66376E-02    9.26225E-01
    1.64800E+02    7.87515E-02    9.24270E-01
    1.64900E+02    8.55999E-02    9.17961E-01
    1.65000E+02    8.65404E-02    9.17099E-01
    1.65100E+02    8.00614E-02    9.23060E-01
    1.65200E+02    7.90829E-02    9.23963E-01
    1.65300E+02    7.92485E-02    9.23810E-01
    1.65400E+02    8.00144E-02    9.23103E-01
    1.65500E+02    8.16020E-02    9.21639E-01
    1.65600E+02    8.51057E-02    9.18415E-01
    1.65700E+02    9.63846E-02    9.08115E-01
    1.65800E+02    1.38964E-01    8.70259E-01
    1.65900E+02    9.18165E-02    9.12273E-01
    1.66000E+02    8.51239E-02    9.18398E-01
    1.66100E+02    8.31064E-02    9.20253E-01
    1.66200E+02    8.26690E-02    9.20656E-01
    1.66300E+02    8.21559E-02    9.21128E-01
    1.66400E+02    8.21486E-02    9.21135E-01
    1.66500E+02    8.23405E-02    9.20958E-01
    1.66600E+02    8.27516E-02    9.20580E-01
    1.66700E+02    8.28941E-02    9.20449E-01
    1.66800E+02    8.32283E-02    9.20141E-01
    1.66900E+02    8.36137E-02    9.19787E-01
    1.67000E+02    8.40357E-02    9.19398E-01
    1.67100E+02    8.45026E-02    9.18969E-01
    1.67200E+02    8.50073E-02    9.18506E-01
    1.67300E+02    8.55998E-02    9.17962E-01
    1.67400E+02    8.63822E-02    9.17244E-01
    1.67500E+02    8.80381E-02    9.15726E-01
    1.67600E+02    9.06647E-02    9.13324E-01
    1.67700E+02    8.81764E-02    9.15599E-01
    1.67800E+02    8.81464E-02    9.15627E-01
    1.67900E+02    8.84735E-02    9.15327E-01
    1.68000E+02    8.89157E-02    9.14923E-01
    1.68100E+02    8.94113E-02    9.14469E-01
    1.68200E+02    8.99360E-02    9.13990E-01
    1.68300E+02    9.04868E-02    9.13486E-01
    1.68400E+02    9.10563E-02    9.12966E-01
    1.68500E+02    9.16432E-02    9.12431E-01
    1.68600E+02    9.22495E-02    9.11878E-01
    1.68700E+02    9.28763E-02    9.11306E-01
    1.68800E+02    9.35413E-02    9.10700E-01
    1.68900E+02    9.43631E-02    9.09952E-01
    1.69000E+02    9.52875E-02    9.09112E-01
    1.69100E+02    9.55583E-02    9.08865E-01
    1.69200E+02    9.61589E-02    9.08320E-01
    1.69300E+02    9.68339E-02    9.07707E-01
    1.69400E+02    9.75305E-02    9.07075E-01
    1.69500E+02    9.82541E-02    9.06419E-01
    1.69600E+02    9.90062E-02    9.05737E-01
    1.69700E+02    9.97650E-02    9.05050E-01
    1.69800E+02    1.00581E-01    9.04312E-01
    1.69900E+02    1.01385E-01    9.03585E-01
    1.70000E+02    1.02254E-01    9.02800E-01
    1.70100E+02    1.02952E-01    9.02171E-01
    1.70200E+02    1.03787E-01    9.01418E-01
    1.70300E+02    1.04766E-01    9.00535E-01
    1.70400E+02    1.05516E-01    8.99860E-01
    1.70500E+02    1.06408E-01    8.99058E-01
    1.70600E+02    1.07323E-01    8.98236E-01
    1.70700E+02    1.08264E-01    8.97390E-01
    1.70800E+02    1.09228E-01    8.96526E-01
    1.70900E+02    1.10221E-01    8.95636E-01
    1.71000E+02    1.11248E-01    8.94717E-01
    1.71100E+02    1.12308E-01    8.93769E-01
    1.71200E+02    1.13403E-01    8.92791E-01
    1.71300E+02    1.14592E-01    8.91730E-01
    1.71400E+02    1.16650E-01    8.89897E-01
    1.71500E+02    1.16862E-01    8.89708E-01
    1.71600E+02    1.17863E-01    8.88818E-01
    1.71700E+02    1.18991E-01    8.87816E-01
    1.71800E+02    1.20187E-01    8.86755E-01
    1.71900E+02    1.21425E-01    8.85657E-01
    1.72000E+02    1.22700E-01    8.84529E-01
    1.72100E+02    1.24006E-01    8.83374E-01
    1.72200E+02    1.25352E-01    8.82187E-01
    1.72300E+02    1.26731E-01    8.80971E-01
    1.72400E+02    1.28149E-01    8.79722E-01
    1.72500E+02    1.29608E-01    8.78440E-01
    1.72600E+02    1.31106E-01    8.77124E-01
    1.72700E+02    1.32651E-01    8.75770E-01
    1.72800E+02    1.34256E-01    8.74366E-01
    1.72900E+02    1.35877E-01    8.72950E-01
    1.73000E+02    1.37568E-01    8.71475E-01
    1.73100E+02    1.39330E-01    8.69941E-01
    1.73200E+02    1.41193E-01    8.68322E-01
    1.73300E+02    1.43306E-01    8.66489E-01
    1.73400E+02    1.45823E-01    8.64311E-01
    1.73500E+02    1.50689E-01    8.60115E-01
    1.73600E+02    1.49364E-01    8.61255E-01
    1.73700E+02    1.50907E-01    8.59928E-01
    1.73800E+02    1.52834E-01    8.58273E-01
    1.73900E+02    1.54916E-01    8.56487E-01
    1.74000E+02    1.57106E-01    8.54613E-01
    1.74100E+02    1.59377E-01    8.52675E-01
    1.74200E+02    1.61742E-01    8.50661E-01
    1.74300E+02    1.64177E-01    8.48592E-01
    1.74400E+02    1.66704E-01    8.46450E-01
    1.74500E+02    1.69336E-01    8.44225E-01
    1.74600E+02    1.72047E-01    8.41939E-01
    1.74700E+02    1.74864E-01    8.39571E-01
    1.74800E+02    1.77818E-01    8.37094E-01
    1.74900E+02    1.80944E-01    8.34482E-01
    1.75000E+02    1.84356E-01    8.31639E-01
    1.75100E+02    1.88618E-01    8.28103E-01
    1.75200E+02    1.96653E-01    8.21475E-01
    1.75300E+02    1.96031E-01    8.21987E-01
    1.75400E+02    2.02787E-01    8.16452E-01
    1.75500E+02    2.05476E-01    8.14259E-01
    1.75600E+02    2.05910E-01    8.13907E-01
    1.75700E+02    2.09016E-01    8.11382E-01
    1.75800E+02    2.12740E-01    8.08366E-01
    1.75900E+02    2.16792E-01    8.05097E-01
    1.76000E+02    2.21067E-01    8.01663E-01
    1.76100E+02    2.25554E-01    7.98074E-01
    1.76200E+02    2.30252E-01    7.94333E-01
    1.76300E+02    2.35153E-01    7.90450E-01
    1.76400E+02    2.40439E-01    7.86282E-01
    1.76500E+02    2.45562E-01    7.82265E-01
    1.76600E+02    2.51077E-01    7.77963E-01
    1.76700E+02    2.56835E-01    7.73496E-01
    1.76800E+02    2.62864E-01    7.68847E-01
    1.76900E+02    2.69150E-01    7.64028E-01
    1.77000E+02    2.75719E-01    7.59026E-01
    1.77100E+02    2.82570E-01    7.53844E-01
    1.77200E+02    2.89728E-01    7.48467E-01
    1.77300E+02    2.97210E-01    7.42888E-01
    1.77400E+02    3.05059E-01    7.37080E-01
    1.77500E+02    3.13251E-01    7.31066E-01
    1.77600E+02    3.21849E-01    7.24807E-01
    1.77700E+02    3.30867E-01    7.18301E-01
    1.77800E+02    3.40327E-01    7.11538E-01
    1.77900E+02    3.50252E-01    7.04510E-01
    1.78000E+02    3.60673E-01    6.97207E-01
    1.78100E+02    3.71638E-01    6.89604E-01
    1.78200E+02    3.83165E-01    6.81700E-01
    1.78300E+02    3.95296E-01    6.73481E-01
    1.78400E+02    4.08097E-01    6.64914E-01
    1.78500E+02    4.21652E-01    6.55962E-01
    1.78600E+02    4.36085E-01    6.46563E-01
    1.78700E+02    4.50882E-01    6.37066E-01
    1.78800E+02    4.66660E-01    6.27094E-01
    1.78900E+02    4.83418E-01    6.16672E-01
    1.79000E+02    5.01167E-01    6.05823E-01
    1.79100E+02    5.19973E-01    5.94536E-01
    1.79200E+02    5.39916E-01    5.82797E-01
    1.79300E+02    5.61096E-01    5.70583E-01
    1.79400E+02    5.83569E-01    5.57903E-01
    1.79500E+02    6.07497E-01    5.44713E-01
    1.79600E+02    6.32941E-01    5.31028E-01
    1.79700E+02    6.60061E-01    5.16820E-01
    1.79800E+02    6.88970E-01    5.02093E-01
    1.79900E+02    7.19890E-01    4.86806E-01
    1.80000E+02    7.53935E-01    4.70511E-01
    1.80100E+02    7.88044E-01    4.54733E-01
    1.80200E+02    8.25627E-01    4.37960E-01
    1.80300E+02    8.65945E-01    4.20654E-01
    1.80400E+02    9.09186E-01    4.02852E-01
    1.80500E+02    9.55573E-01    3.84592E-01
    1.80600E+02    1.00539E+00    3.65902E-01
    1.80700E+02    1.05891E+00    3.46835E-01
    1.80800E+02    1.11642E+00    3.27449E-01
    1.80900E+02    1.17831E+00    3.07800E-01
    1.81000E+02    1.24493E+00    2.87962E-01
    1.81100E+02    1.31657E+00    2.68052E-01
    1.81200E+02    1.39371E+00    2.48154E-01
    1.81300E+02    1.47674E+00    2.28382E-01
    1.81400E+02    1.56612E+00    2.08855E-01
    1.81500E+02    1.66219E+00    1.89723E-01
    1.81600E+02    1.76540E+00    1.71119E-01
    1.81700E+02    1.87612E+00    1.53184E-01
    1.81800E+02    1.99468E+00    1.36057E-01
    1.81900E+02    2.12121E+00    1.19887E-01
    1.82000E+02    2.25602E+00    1.04767E-01
    1.82100E+02    2.39888E+00    9.08196E-02
    1.82200E+02    2.55005E+00    7.80778E-02
    1.82300E+02    2.70718E+00    6.67245E-02
    1.82400E+02    2.87079E+00    5.66544E-02
    1.82500E+02    3.03874E+00    4.78950E-02
    1.82600E+02    3.20914E+00    4.03913E-02
    1.82700E+02    3.37875E+00    3.40901E-02
    1.82800E+02    3.54379E+00    2.89036E-02
    1.82900E+02    3.69948E+00    2.47364E-02
    1.83000E+02    3.83966E+00    2.15010E-02
    1.83100E+02    3.95735E+00    1.91136E-02
    1.83200E+02    4.04402E+00    1.75269E-02
    1.83300E+02    4.08672E+00    1.67943E-02
    1.83400E+02    4.06476E+00    1.71670E-02
    1.83500E+02    3.99448E+00    1.84171E-02
    1.83600E+02    3.89040E+00    2.04372E-02
    1.83700E+02    3.76152E+00    2.32484E-02
    1.83800E+02    3.61556E+00    2.69019E-02
    1.83900E+02    3.45823E+00    3.14855E-02
    1.84000E+02    3.29479E+00    3.70757E-02
    1.84100E+02    3.12983E+00    4.37250E-02
    1.84200E+02    2.96796E+00    5.14078E-02
    1.84300E+02    2.81765E+00    5.97462E-02
    1.84400E+02    2.68978E+00    6.78961E-02
    1.84500E+02    2.50418E+00    8.17424E-02
    1.84600E+02    2.35618E+00    9.47817E-02
    1.84700E+02    2.22332E+00    1.08249E-01
    1.84800E+02    2.09452E+00    1.23129E-01
    1.84900E+02    1.96955E+00    1.39520E-01
    1.85000E+02    1.85602E+00    1.56293E-01
    1.85100E+02    1.75063E+00    1.73665E-01
    1.85200E+02    1.65253E+00    1.91564E-01
    1.85300E+02    1.56135E+00    2.09852E-01
    1.85400E+02    1.47646E+00    2.28444E-01
    1.85500E+02    1.39806E+00    2.47076E-01
    1.85600E+02    1.32483E+00    2.65849E-01
    1.85700E+02    1.25562E+00    2.84898E-01
    1.85800E+02    1.19186E+00    3.03655E-01
    1.85900E+02    1.13259E+00    3.22197E-01
    1.86000E+02    1.07741E+00    3.40476E-01
    1.86100E+02    1.02603E+00    3.58425E-01
    1.86200E+02    9.78111E-01    3.76021E-01
    1.86300E+02    9.33423E-01    3.93205E-01
    1.86400E+02    8.91697E-01    4.09960E-01
    1.86500E+02    8.52695E-01    4.26264E-01
    1.86600E+02    8.16165E-01    4.42124E-01
    1.86700E+02    7.81991E-01    4.57494E-01
    1.86800E+02    7.49999E-01    4.72367E-01
    1.86900E+02    7.19989E-01    4.86758E-01
    1.87000E+02    6.91848E-01    5.00650E-01
    1.87100E+02    6.65716E-01    5.13905E-01
    1.87200E+02    6.40723E-01    5.26911E-01
    1.87300E+02    6.17021E-01    5.39549E-01
    1.87400E+02    5.94895E-01    5.51621E-01
    1.87500E+02    5.74059E-01    5.63235E-01
    1.87600E+02    5.54444E-01    5.74391E-01
    1.87700E+02    5.35882E-01    5.85153E-01
    1.87800E+02    5.18412E-01    5.95465E-01
    1.87900E+02    5.02202E-01    6.05197E-01
    1.88000E+02    4.86039E-01    6.15058E-01
    1.88100E+02    4.71082E-01    6.24327E-01
    1.88200E+02    4.56942E-01    6.33217E-01
    1.88300E+02    4.43535E-01    6.41764E-01
    1.88400E+02    4.30807E-01    6.49985E-01
    1.88500E+02    4.18691E-01    6.57908E-01
    1.88600E+02    4.07179E-01    6.65525E-01
    1.88700E+02    3.96230E-01    6.72852E-01
    1.88800E+02    3.85839E-01    6.79880E-01
    1.88900E+02    3.76131E-01    6.86512E-01
    1.89000E+02    3.66430E-01    6.93205E-01
    1.89100E+02    3.57356E-01    6.99524E-01
    1.89200E+02    3.48696E-01    7.05608E-01
    1.89300E+02    3.40461E-01    7.11442E-01
    1.89400E+02    3.32532E-01    7.17106E-01
    1.89500E+02    3.24982E-01    7.22540E-01
    1.89600E+02    3.17773E-01    7.27768E-01
    1.89700E+02    3.10854E-01    7.32821E-01
    1.89800E+02    3.04216E-01    7.37701E-01
    1.89900E+02    2.97864E-01    7.42402E-01
    1.90000E+02    2.91773E-01    7.46938E-01
    1.90100E+02    2.85925E-01    7.51319E-01
    1.90200E+02    2.80318E-01    7.55543E-01
    1.90300E+02    2.74958E-01    7.59604E-01
    1.90400E+02    2.69796E-01    7.63535E-01
    1.90500E+02    2.64940E-01    7.67252E-01
    1.90600E+02    2.60417E-01    7.70730E-01
    1.90700E+02    2.55471E-01    7.74551E-01
    1.90800E+02    2.50990E-01    7.78030E-01
    1.90900E+02    2.46697E-01    7.81378E-01
    1.91000E+02    2.42578E-01    7.84602E-01
    1.91100E+02    2.38618E-01    7.87716E-01
    1.91200E+02    2.34800E-01    7.90729E-01
    1.91300E+02    2.31119E-01    7.93645E-01
    1.91400E+02    2.27576E-01    7.96462E-01
    1.91500E+02    2.24158E-01    7.99189E-01
    1.91600E+02    2.20864E-01    8.01826E-01
    1.91700E+02    2.17697E-01    8.04369E-01
    1.91800E+02    2.14750E-01    8.06743E-01
    1.91900E+02    2.11668E-01    8.09233E-01
    1.92000E+02    2.08788E-01    8.11568E-01
    1.92100E+02    2.06024E-01    8.13813E-01
    1.92200E+02    2.03384E-01    8.15965E-01
    1.92300E+02    2.00834E-01    8.18049E-01
    1.92400E+02    1.98320E-01    8.20107E-01
    1.92500E+02    1.95922E-01    8.22076E-01
    1.92600E+02    1.93630E-01    8.23963E-01
    1.92700E+02    1.91449E-01    8.25761E-01
    1.92800E+02    1.89326E-01    8.27517E-01
    1.92900E+02    1.87345E-01    8.29158E-01
    1.93000E+02    1.85513E-01    8.30678E-01
    1.93100E+02    1.83966E-01    8.31964E-01
    1.93200E+02    1.83039E-01    8.32736E-01
    1.93300E+02    1.85559E-01    8.30640E-01
    1.93400E+02    1.84043E-01    8.31900E-01
    1.93500E+02    1.77770E-01    8.37135E-01
    1.93600E+02    1.75088E-01    8.39384E-01
    1.93700E+02    1.73079E-01    8.41072E-01
    1.93800E+02    1.71311E-01    8.42560E-01
    1.93900E+02    1.69660E-01    8.43952E-01
    1.94000E+02    1.68074E-01    8.45291E-01
    1.94100E+02    1.66522E-01    8.46604E-01
    1.94200E+02    1.65012E-01    8.47883E-01
    1.94300E+02    1.63550E-01    8.49124E-01
    1.94400E+02    1.62126E-01    8.50334E-01
    1.94500E+02    1.60773E-01    8.51485E-01
    1.94600E+02    1.59496E-01    8.52573E-01
    1.94700E+02    1.58313E-01    8.53583E-01
    1.94800E+02    1.57256E-01    8.54485E-01
    1.94900E+02    1.56390E-01    8.55226E-01
    1.95000E+02    1.55843E-01    8.55694E-01
    1.95100E+02    1.55905E-01    8.55640E-01
    1.95200E+02    1.57415E-01    8.54349E-01
    1.95300E+02    1.63566E-01    8.49110E-01
    1.95400E+02    2.01316E-01    8.17654E-01
    1.95500E+02    1.75578E-01    8.38972E-01
    1.95600E+02    1.58811E-01    8.53157E-01
    1.95700E+02    1.62944E-01    8.49639E-01
    1.95800E+02    1.51959E-01    8.59023E-01
    1.95900E+02    1.47025E-01    8.63272E-01
    1.96000E+02    1.44629E-01    8.65344E-01
    1.96100E+02    1.42957E-01    8.66792E-01
    1.96200E+02    1.41612E-01    8.67958E-01
    1.96300E+02    1.40421E-01    8.68992E-01
    1.96400E+02    1.39385E-01    8.69893E-01
    1.96500E+02    1.38344E-01    8.70799E-01
    1.96600E+02    1.37395E-01    8.71626E-01
    1.96700E+02    1.36501E-01    8.72405E-01
    1.96800E+02    1.35648E-01    8.73150E-01
    1.96900E+02    1.34831E-01    8.73864E-01
    1.97000E+02    1.34033E-01    8.74561E-01
    1.97100E+02    1.33274E-01    8.75225E-01
    1.97200E+02    1.32533E-01    8.75874E-01
    1.97300E+02    1.31814E-01    8.76504E-01
    1.97400E+02    1.31133E-01    8.77101E-01
    1.97500E+02    1.30532E-01    8.77629E-01
    1.97600E+02    1.29913E-01    8.78172E-01
    1.97700E+02    1.29205E-01    8.78794E-01
    1.97800E+02    1.28554E-01    8.79366E-01
    1.97900E+02    1.27959E-01    8.79890E-01
    1.98000E+02    1.27605E-01    8.80201E-01
    1.98100E+02    1.26799E-01    8.80910E-01
    1.98200E+02    1.26222E-01    8.81419E-01
    1.98300E+02    1.25677E-01    8.81899E-01
    1.98400E+02    1.25154E-01    8.82361E-01
    1.98500E+02    1.24648E-01    8.82807E-01
    1.98600E+02    1.24165E-01    8.83234E-01
    1.98700E+02    1.23696E-01    8.83649E-01
    1.98800E+02    1.23254E-01    8.84039E-01
    1.98900E+02    1.22843E-01    8.84402E-01
    1.99000E+02    1.22491E-01    8.84714E-01
    1.99100E+02    1.22260E-01    8.84918E-01
    1.99200E+02    1.22718E-01    8.84513E-01
    1.99300E+02    1.23074E-01    8.84198E-01
    1.99400E+02    1.26640E-01    8.81051E-01
    1.99500E+02    1.21407E-01    8.85673E-01
    1.99600E+02    1.20373E-01    8.86590E-01
    1.99700E+02    1.19763E-01    8.87131E-01
    1.99800E+02    1.19309E-01    8.87534E-01
    1.99900E+02    1.18919E-01    8.87880E-01
    2.00000E+02    1.18568E-01    8.88191E-01
    2.00100E+02    1.18235E-01    8.88487E-01
    2.00200E+02    1.17927E-01    8.88761E-01
    2.00300E+02    1.17639E-01    8.89017E-01
    2.00400E+02    1.17367E-01    8.89258E-01
    2.00500E+02    1.17114E-01    8.89484E-01
    2.00600E+02    1.16878E-01    8.89694E-01
    2.00700E+02    1.16659E-01    8.89889E-01
    2.00800E+02    1.16461E-01    8.90065E-01
    2.00900E+02    1.16279E-01    8.90226E-01
    2.01000E+02    1.16120E-01    8.90369E-01
    2.01100E+02    1.15979E-01    8.90494E-01
    2.01200E+02    1.15861E-01    8.90599E-01
    2.01300E+02    1.15772E-01    8.90678E-01
    2.01400E+02    1.15737E-01    8.90709E-01
    2.01500E+02    1.15712E-01    8.90732E-01
    2.01600E+02    1.15642E-01    8.90794E-01
    2.01700E+02    1.15648E-01    8.90789E-01
    2.01800E+02    1.15693E-01    8.90749E-01
    2.01900E+02    1.15775E-01    8.90676E-01
    2.02000E+02    1.15894E-01    8.90570E-01
    2.02100E+02    1.16052E-01    8.90429E-01
    2.02200E+02    1.16258E-01    8.90246E-01
    2.02300E+02    1.16491E-01    8.90038E-01
    2.02400E+02    1.16771E-01    8.89788E-01
    2.02500E+02    1.17085E-01    8.89510E-01
    2.02600E+02    1.17443E-01    8.89192E-01
    2.02700E+02    1.17825E-01    8.88851E-01
    2.02800E+02    1.18231E-01    8.88491E-01
    2.02900E+02    1.18640E-01    8.88127E-01
    2.03000E+02    1.19035E-01    8.87777E-01
    2.03100E+02    1.19397E-01    8.87455E-01
    2.03200E+02    1.19701E-01    8.87186E-01
    2.03300E+02    1.19947E-01    8.86968E-01
    2.03400E+02    1.20378E-01    8.86585E-01
    2.03500E+02    1.20162E-01    8.86777E-01
    2.03600E+02    1.19155E-01    8.87670E-01
    2.03700E+02    1.18445E-01    8.88301E-01
    2.03800E+02    1.17719E-01    8.88945E-01
    2.03900E+02    1.16963E-01    8.89618E-01
    2.04000E+02    1.16227E-01    8.90273E-01
    2.04100E+02    1.15394E-01    8.91015E-01
    2.04200E+02    1.14626E-01    8.91699E-01
    2.04300E+02    1.13889E-01    8.92357E-01
    2.04400E+02    1.13186E-01    8.92984E-01
    2.04500E+02    1.12520E-01    8.93580E-01
    2.04600E+02    1.11893E-01    8.94140E-01
    2.04700E+02    1.11305E-01    8.94666E-01
    2.04800E+02    1.10761E-01    8.95153E-01
    2.04900E+02    1.10257E-01    8.95604E-01
    2.05000E+02    1.09778E-01    8.96033E-01
    2.05100E+02    1.09358E-01    8.96409E-01
    2.05200E+02    1.09150E-01    8.96596E-01
    2.05300E+02    1.08585E-01    8.97103E-01
    2.05400E+02    1.08211E-01    8.97439E-01
    2.05500E+02    1.07920E-01    8.97699E-01
    2.05600E+02    1.07637E-01    8.97954E-01
    2.05700E+02    1.07380E-01    8.98185E-01
    2.05800E+02    1.07213E-01    8.98334E-01
    2.05900E+02    1.07213E-01    8.98334E-01
    2.06000E+02    1.07710E-01    8.97888E-01
    2.06100E+02    1.11659E-01    8.94349E-01
    2.06200E+02    1.08834E-01    8.96879E-01
    2.06300E+02    1.06696E-01    8.98799E-01
    2.06400E+02    1.06017E-01    8.99409E-01
    2.06500E+02    1.05995E-01    8.99429E-01
    2.06600E+02    1.05346E-01    9.00013E-01
    2.06700E+02    1.05094E-01    9.00240E-01
    2.06800E+02    1.04892E-01    9.00422E-01
    2.06900E+02    1.04720E-01    9.00576E-01
    2.07000E+02    1.04564E-01    9.00717E-01
    2.07100E+02    1.04425E-01    9.00843E-01
    2.07200E+02    1.04302E-01    9.00953E-01
    2.07300E+02    1.04199E-01    9.01046E-01
    2.07400E+02    1.04145E-01    9.01095E-01
    2.07500E+02    1.04294E-01    9.00960E-01
    2.07600E+02    1.03955E-01    9.01266E-01
    2.07700E+02    1.03876E-01    9.01337E-01
    2.07800E+02    1.03842E-01    9.01368E-01
    2.07900E+02    1.03853E-01    9.01358E-01
    2.08000E+02    1.03925E-01    9.01293E-01
    2.08100E+02    1.04092E-01    9.01142E-01
    2.08200E+02    1.04422E-01    9.00845E-01
    2.08300E+02    1.05086E-01    9.00247E-01
    2.08400E+02    1.06544E-01    8.98935E-01
    2.08500E+02    1.10493E-01    8.95392E-01
    2.08600E+02    1.28965E-01    8.79004E-01
    2.08700E+02    1.23097E-01    8.84178E-01
    2.08800E+02    1.09317E-01    8.96447E-01
    2.08900E+02    1.05832E-01    8.99575E-01
    2.09000E+02    1.04393E-01    9.00871E-01
    2.09100E+02    1.03641E-01    9.01549E-01
    2.09200E+02    1.03184E-01    9.01961E-01
    2.09300E+02    1.02893E-01    9.02224E-01
    2.09400E+02    1.02732E-01    9.02369E-01
    2.09500E+02    1.02918E-01    9.02201E-01
    2.09600E+02    1.02524E-01    9.02557E-01
    2.09700E+02    1.02295E-01    9.02764E-01
    2.09800E+02    1.02193E-01    9.02855E-01
    2.09900E+02    1.02137E-01    9.02906E-01
    2.10000E+02    1.02134E-01    9.02909E-01
    2.10100E+02    1.02215E-01    9.02836E-01
    2.10200E+02    1.03007E-01    9.02120E-01
    2.10300E+02    1.02717E-01    9.02382E-01
    2.10400E+02    1.04908E-01    9.00407E-01
    2.10500E+02    1.03544E-01    9.01636E-01
    2.10600E+02    1.03748E-01    9.01453E-01
    2.10700E+02    1.06413E-01    8.99053E-01
    2.10800E+02    1.26245E-01    8.81398E-01
    2.10900E+02    1.05903E-01    8.99512E-01
    2.11000E+02    1.03197E-01    9.01949E-01
    2.11100E+02    1.02304E-01    9.02755E-01
    2.11200E+02    1.01880E-01    9.03137E-01
    2.11300E+02    1.01617E-01    9.03375E-01
    2.11400E+02    1.01454E-01    9.03523E-01
    2.11500E+02    1.01340E-01    9.03626E-01
    2.11600E+02    1.01253E-01    9.03704E-01
    2.11700E+02    1.01184E-01    9.03767E-01
    2.11800E+02    1.01128E-01    9.03817E-01
    2.11900E+02    1.01079E-01    9.03862E-01
    2.12000E+02    1.01040E-01    9.03897E-01
    2.12100E+02    1.01011E-01    9.03923E-01
    2.12200E+02    1.00979E-01    9.03952E-01
    2.12300E+02    1.00952E-01    9.03976E-01
    2.12400E+02    1.00931E-01    9.03995E-01
    2.12500E+02    1.00917E-01    9.04008E-01
    2.12600E+02    1.00912E-01    9.04012E-01
    2.12700E+02    1.00914E-01    9.04011E-01
    2.12800E+02    1.00919E-01    9.04007E-01
    2.12900E+02    1.00935E-01    9.03992E-01
    2.13000E+02    1.00877E-01    9.04045E-01
    2.13100E+02    1.00863E-01    9.04057E-01
    2.13200E+02    1.00860E-01    9.04060E-01
    2.13300E+02    1.00864E-01    9.04056E-01
    2.13400E+02    1.00872E-01    9.04049E-01
    2.13500E+02    1.00883E-01    9.04039E-01
    2.13600E+02    1.00900E-01    9.04024E-01
    2.13700E+02    1.00921E-01    9.04004E-01
    2.13800E+02    1.00956E-01    9.03973E-01
    2.13900E+02    1.00995E-01    9.03937E-01
    2.14000E+02    1.01050E-01    9.03888E-01
    2.14100E+02    1.01121E-01    9.03824E-01
    2.14200E+02    1.01221E-01    9.03734E-01
    2.14300E+02    1.01360E-01    9.03608E-01
    2.14400E+02    1.01566E-01    9.03421E-01
    2.14500E+02    1.01895E-01    9.03124E-01
    2.14600E+02    1.02461E-01    9.02613E-01
    2.14700E+02    1.03587E-01    9.01598E-01
    2.14800E+02    1.06418E-01    8.99049E-01
    2.14900E+02    1.18125E-01    8.88585E-01
    2.15000E+02    1.21755E-01    8.85366E-01
    2.15100E+02    1.07029E-01    8.98500E-01
    2.15200E+02    1.03846E-01    9.01364E-01
    2.15300E+02    1.02626E-01    9.02465E-01
    2.15400E+02    1.02039E-01    9.02995E-01
    2.15500E+02    1.01712E-01    9.03290E-01
    2.15600E+02    1.01517E-01    9.03466E-01
    2.15700E+02    1.01399E-01    9.03572E-01
    2.15800E+02    1.01323E-01    9.03641E-01
    2.15900E+02    1.01302E-01    9.03660E-01
    2.16000E+02    1.01603E-01    9.03388E-01
    2.16100E+02    1.01362E-01    9.03606E-01
    2.16200E+02    1.01219E-01    9.03736E-01
    2.16300E+02    1.01182E-01    9.03769E-01
    2.16400E+02    1.01182E-01    9.03768E-01
    2.16500E+02    1.01162E-01    9.03786E-01
    2.16600E+02    1.01163E-01    9.03785E-01
    2.16700E+02    1.01171E-01    9.03778E-01
    2.16800E+02    1.01190E-01    9.03762E-01
    2.16900E+02    1.01232E-01    9.03723E-01
    2.17000E+02    1.01218E-01    9.03736E-01
    2.17100E+02    1.01233E-01    9.03722E-01
    2.17200E+02    1.01259E-01    9.03699E-01
    2.17300E+02    1.01289E-01    9.03672E-01
    2.17400E+02    1.01340E-01    9.03626E-01
    2.17500E+02    1.01581E-01    9.03408E-01
    2.17600E+02    1.01403E-01    9.03569E-01
    2.17700E+02    1.01402E-01    9.03570E-01
    2.17800E+02    1.01431E-01    9.03543E-01
    2.17900E+02    1.01485E-01    9.03494E-01
    2.18000E+02    1.01597E-01    9.03394E-01
    2.18100E+02    1.02310E-01    9.02749E-01
    2.18200E+02    1.01753E-01    9.03253E-01
    2.18300E+02    1.01619E-01    9.03374E-01
    2.18400E+02    1.01606E-01    9.03386E-01
    2.18500E+02    1.01624E-01    9.03370E-01
    2.18600E+02    1.01654E-01    9.03342E-01
    2.18700E+02    1.01677E-01    9.03322E-01
    2.18800E+02    1.01709E-01    9.03293E-01
    2.18900E+02    1.01743E-01    9.03262E-01
    2.19000E+02    1.01789E-01    9.03220E-01
    2.19100E+02    1.01873E-01    9.03144E-01
    2.19200E+02    1.01914E-01    9.03107E-01
    2.19300E+02    1.02115E-01    9.02925E-01
    2.19400E+02    1.02000E-01    9.03029E-01
    2.19500E+02    1.01989E-01    9.03040E-01
    2.19600E+02    1.02023E-01    9.03009E-01
    2.19700E+02    1.02062E-01    9.02974E-01
    2.19800E+02    1.02115E-01    9.02926E-01
    2.19900E+02    1.02230E-01    9.02822E-01
    2.20000E+02    1.02269E-01    9.02787E-01
    2.20100E+02    1.02240E-01    9.02813E-01
    2.20200E+02    1.02270E-01    9.02785E-01
    2.20300E+02    1.02313E-01    9.02747E-01
    2.20400E+02    1.02357E-01    9.02707E-01
    2.20500E+02    1.02407E-01    9.02662E-01
    2.20600E+02    1.02468E-01    9.02607E-01
    2.20700E+02    1.02640E-01    9.02452E-01
    2.20800E+02    1.02592E-01    9.02495E-01
    2.20900E+02    1.02605E-01    9.02484E-01
    2.21000E+02    1.02650E-01    9.02443E-01
    2.21100E+02    1.02699E-01    9.02398E-01
    2.21200E+02    1.02762E-01    9.02341E-01
    2.21300E+02    1.02920E-01    9.02199E-01
    2.21400E+02    1.02888E-01    9.02228E-01
    2.21500E+02    1.02914E-01    9.02204E-01
    2.21600E+02    1.02963E-01    9.02161E-01
    2.21700E+02    1.03017E-01    9.02112E-01
    2.21800E+02    1.03074E-01    9.02060E-01
    2.21900E+02    1.03130E-01    9.02009E-01
    2.22000E+02    1.03190E-01    9.01955E-01
    2.22100E+02    1.03252E-01    9.01899E-01
    2.22200E+02    1.03316E-01    9.01842E-01
    2.22300E+02    1.03386E-01    9.01779E-01
    2.22400E+02    1.03503E-01    9.01673E-01
    2.22500E+02    1.03537E-01    9.01643E-01
    2.22600E+02    1.03580E-01    9.01604E-01
    2.22700E+02    1.03645E-01    9.01545E-01
    2.22800E+02    1.03715E-01    9.01483E-01
    2.22900E+02    1.03790E-01    9.01415E-01
    2.23000E+02    1.03884E-01    9.01330E-01
    2.23100E+02    1.03974E-01    9.01249E-01
    2.23200E+02    1.04108E-01    9.01128E-01
    2.23300E+02    1.04210E-01    9.01036E-01
    2.23400E+02    1.04257E-01    9.00994E-01
    2.23500E+02    1.04288E-01    9.00966E-01
    2.23600E+02    1.04368E-01    9.00893E-01
    2.23700E+02    1.04465E-01    9.00807E-01
    2.23800E+02    1.04580E-01    9.00703E-01
    2.23900E+02    1.04989E-01    9.00334E-01
    2.24000E+02    1.04779E-01    9.00524E-01
    2.24100E+02    1.04861E-01    9.00450E-01
    2.24200E+02    1.04968E-01    9.00354E-01
    2.24300E+02    1.05080E-01    9.00252E-01
    2.24400E+02    1.05205E-01    9.00140E-01
    2.24500E+02    1.05339E-01    9.00019E-01
    2.24600E+02    1.05499E-01    8.99876E-01
    2.24700E+02    1.05730E-01    8.99667E-01
    2.24800E+02    1.06110E-01    8.99326E-01
    2.24900E+02    1.06203E-01    8.99242E-01
    2.25000E+02    1.06172E-01    8.99270E-01
    2.25100E+02    1.06246E-01    8.99203E-01
    2.25200E+02    1.06405E-01    8.99060E-01
    2.25300E+02    1.06554E-01    8.98926E-01
    2.25400E+02    1.06747E-01    8.98753E-01
    2.25500E+02    1.06975E-01    8.98548E-01
    2.25600E+02    1.07257E-01    8.98295E-01
    2.25700E+02    1.07660E-01    8.97933E-01
    2.25800E+02    1.08402E-01    8.97267E-01
    2.25900E+02    1.09903E-01    8.95921E-01
    2.26000E+02    1.15651E-01    8.90786E-01
    2.26100E+02    1.16724E-01    8.89831E-01
    2.26200E+02    1.09991E-01    8.95842E-01
    2.26300E+02    1.08522E-01    8.97159E-01
    2.26400E+02    1.07955E-01    8.97668E-01
    2.26500E+02    1.07676E-01    8.97918E-01
    2.26600E+02    1.07514E-01    8.98064E-01
    2.26700E+02    1.07415E-01    8.98153E-01
    2.26800E+02    1.07355E-01    8.98207E-01
    2.26900E+02    1.07324E-01    8.98234E-01
    2.27000E+02    1.07271E-01    8.98282E-01
    2.27100E+02    1.07252E-01    8.98299E-01
    2.27200E+02    1.07242E-01    8.98308E-01
    2.27300E+02    1.07247E-01    8.98304E-01
    2.27400E+02    1.07255E-01    8.98296E-01
    2.27500E+02    1.07271E-01    8.98282E-01
    2.27600E+02    1.07295E-01    8.98261E-01
    2.27700E+02    1.07330E-01    8.98230E-01
    2.27800E+02    1.07372E-01    8.98191E-01
    2.27900E+02    1.07410E-01    8.98157E-01
    2.28000E+02    1.07447E-01    8.98124E-01
    2.28100E+02    1.07493E-01    8.98083E-01
    2.28200E+02    1.07548E-01    8.98034E-01
    2.28300E+02    1.07615E-01    8.97973E-01
    2.28400E+02    1.07674E-01    8.97920E-01
    2.28500E+02    1.07758E-01    8.97845E-01
    2.28600E+02    1.07834E-01    8.97776E-01
    2.28700E+02    1.07923E-01    8.97696E-01
    2.28800E+02    1.08022E-01    8.97607E-01
    2.28900E+02    1.08135E-01    8.97507E-01
    2.29000E+02    1.08268E-01    8.97387E-01
    2.29100E+02    1.08447E-01    8.97226E-01
    2.29200E+02    1.08652E-01    8.97042E-01
    2.29300E+02    1.09003E-01    8.96728E-01
    2.29400E+02    1.09723E-01    8.96082E-01
    2.29500E+02    1.12144E-01    8.93916E-01
    2.29600E+02    1.17448E-01    8.89187E-01
    2.29700E+02    1.10785E-01    8.95131E-01
    2.29800E+02    1.09809E-01    8.96005E-01
    2.29900E+02    1.09567E-01    8.96222E-01
    2.30000E+02    1.09558E-01    8.96230E-01
    2.30100E+02    1.09616E-01    8.96178E-01
    2.30200E+02    1.09737E-01    8.96069E-01
    2.30300E+02    1.09925E-01    8.95901E-01
    2.30400E+02    1.10151E-01    8.95699E-01
    2.30500E+02    1.10438E-01    8.95442E-01
    2.30600E+02    1.10819E-01    8.95101E-01
    2.30700E+02    1.11339E-01    8.94635E-01
    2.30800E+02    1.12097E-01    8.93957E-01
    2.30900E+02    1.13306E-01    8.92878E-01
    2.31000E+02    1.15530E-01    8.90893E-01
    2.31100E+02    1.20572E-01    8.86414E-01
    2.31200E+02    1.37501E-01    8.71533E-01
    2.31300E+02    1.92315E-01    8.25047E-01
    2.31400E+02    1.28528E-01    8.79389E-01
    2.31500E+02    1.18805E-01    8.87981E-01
    2.31600E+02    1.15550E-01    8.90876E-01
    2.31700E+02    1.14146E-01    8.92128E-01
    2.31800E+02    1.13481E-01    8.92721E-01
    2.31900E+02    1.13195E-01    8.92977E-01
    2.32000E+02    1.13294E-01    8.92888E-01
    2.32100E+02    1.13092E-01    8.93069E-01
    2.32200E+02    1.13183E-01    8.92987E-01
    2.32300E+02    1.13362E-01    8.92828E-01
    2.32400E+02    1.13637E-01    8.92582E-01
    2.32500E+02    1.14118E-01    8.92152E-01
    2.32600E+02    1.14360E-01    8.91937E-01
    2.32700E+02    1.14908E-01    8.91448E-01
    2.32800E+02    1.15233E-01    8.91158E-01
    2.32900E+02    1.15759E-01    8.90690E-01
    2.33000E+02    1.16540E-01    8.89995E-01
    2.33100E+02    1.17145E-01    8.89456E-01
    2.33200E+02    1.18044E-01    8.88657E-01
    2.33300E+02    1.19206E-01    8.87625E-01
    2.33400E+02    1.20506E-01    8.86472E-01
    2.33500E+02    1.22018E-01    8.85133E-01
    2.33600E+02    1.24082E-01    8.83307E-01
    2.33700E+02    1.26923E-01    8.80801E-01
    2.33800E+02    1.31227E-01    8.77019E-01
    2.33900E+02    1.40004E-01    8.69355E-01
    2.34000E+02    1.39168E-01    8.70082E-01
    2.34100E+02    1.31403E-01    8.76865E-01
    2.34200E+02    1.27598E-01    8.80207E-01
    2.34300E+02    1.25073E-01    8.82432E-01
    2.34400E+02    1.23254E-01    8.84039E-01
    2.34500E+02    1.21917E-01    8.85222E-01
    2.34600E+02    1.20891E-01    8.86130E-01
    2.34700E+02    1.20112E-01    8.86821E-01
    2.34800E+02    1.19548E-01    8.87321E-01
    2.34900E+02    1.19233E-01    8.87601E-01
    2.35000E+02    1.19166E-01    8.87660E-01
    2.35100E+02    1.19499E-01    8.87365E-01
    2.35200E+02    1.19755E-01    8.87138E-01
    2.35300E+02    1.20789E-01    8.86220E-01
    2.35400E+02    1.23003E-01    8.84261E-01
    2.35500E+02    1.28135E-01    8.79734E-01
    2.35600E+02    1.43846E-01    8.66021E-01
    2.35700E+02    2.66064E-01    7.66390E-01
    2.35800E+02    1.51015E-01    8.59835E-01
    2.35900E+02    1.30502E-01    8.77655E-01
    2.36000E+02    1.23634E-01    8.83703E-01
    2.36100E+02    1.20872E-01    8.86147E-01
    2.36200E+02    1.19465E-01    8.87395E-01
    2.36300E+02    1.18819E-01    8.87968E-01
    2.36400E+02    1.18557E-01    8.88201E-01
    2.36500E+02    1.18657E-01    8.88112E-01
    2.36600E+02    1.19341E-01    8.87505E-01
    2.36700E+02    1.20057E-01    8.86869E-01
    2.36800E+02    1.21877E-01    8.85257E-01
    2.36900E+02    1.25755E-01    8.81831E-01
    2.37000E+02    1.35771E-01    8.73043E-01
    2.37100E+02    1.81602E-01    8.33933E-01
    2.37200E+02    1.73738E-01    8.40517E-01
    2.37300E+02    1.34659E-01    8.74014E-01
    2.37400E+02    1.25315E-01    8.82219E-01
    2.37500E+02    1.21733E-01    8.85385E-01
    2.37600E+02    1.20241E-01    8.86706E-01
    2.37700E+02    1.19041E-01    8.87771E-01
    2.37800E+02    1.18513E-01    8.88240E-01
    2.37900E+02    1.18250E-01    8.88474E-01
    2.38000E+02    1.18168E-01    8.88547E-01
    2.38100E+02    1.18251E-01    8.88473E-01
    2.38200E+02    1.18531E-01    8.88224E-01
    2.38300E+02    1.19203E-01    8.87628E-01
    2.38400E+02    1.21973E-01    8.85172E-01
    2.38500E+02    1.21064E-01    8.85978E-01
    2.38600E+02    1.20930E-01    8.86096E-01
    2.38700E+02    1.22378E-01    8.84814E-01
    2.38800E+02    1.24805E-01    8.82669E-01
    2.38900E+02    1.30831E-01    8.77366E-01
    2.39000E+02    1.50409E-01    8.60356E-01
    2.39100E+02    2.81246E-01    7.54842E-01
    2.39200E+02    1.46384E-01    8.63826E-01
    2.39300E+02    1.31087E-01    8.77141E-01
    2.39400E+02    1.26116E-01    8.81512E-01
    2.39500E+02    1.24105E-01    8.83287E-01
    2.39600E+02    1.23642E-01    8.83696E-01
    2.39700E+02    1.22397E-01    8.84797E-01
    2.39800E+02    1.22417E-01    8.84780E-01
    2.39900E+02    1.22788E-01    8.84451E-01
    2.40000E+02    1.22429E-01    8.84768E-01
    2.40100E+02    1.21892E-01    8.85244E-01
    2.40200E+02    1.21780E-01    8.85343E-01
    2.40300E+02    1.21753E-01    8.85367E-01
    2.40400E+02    1.21339E-01    8.85733E-01
    2.40500E+02    1.21229E-01    8.85831E-01
    2.40600E+02    1.20872E-01    8.86147E-01
    2.40700E+02    1.20917E-01    8.86108E-01
    2.40800E+02    1.20864E-01    8.86154E-01
    2.40900E+02    1.21604E-01    8.85499E-01
    2.41000E+02    1.21010E-01    8.86025E-01
    2.41100E+02    1.21329E-01    8.85743E-01
    2.41200E+02    1.24041E-01    8.83343E-01
    2.41300E+02    1.22823E-01    8.84420E-01
    2.41400E+02    1.21863E-01    8.85270E-01
    2.41500E+02    1.22081E-01    8.85077E-01
    2.41600E+02    1.22302E-01    8.84881E-01
    2.41700E+02    1.22806E-01    8.84435E-01
    2.41800E+02    1.23595E-01    8.83738E-01
    2.41900E+02    1.24873E-01    8.82609E-01
    2.42000E+02    1.27178E-01    8.80577E-01
    2.42100E+02    1.32070E-01    8.76280E-01
    2.42200E+02    1.45989E-01    8.64167E-01
    2.42300E+02    2.34103E-01    7.91280E-01
    2.42400E+02    1.59353E-01    8.52695E-01
    2.42500E+02    1.35920E-01    8.72913E-01
    2.42600E+02    1.29310E-01    8.78701E-01
    2.42700E+02    1.26680E-01    8.81015E-01
    2.42800E+02    1.25569E-01    8.81995E-01
    2.42900E+02    1.25327E-01    8.82208E-01
    2.43000E+02    1.25949E-01    8.81660E-01
    2.43100E+02    1.27185E-01    8.80570E-01
    2.43200E+02    1.30268E-01    8.77860E-01
    2.43300E+02    1.38814E-01    8.70390E-01
    2.43400E+02    1.75311E-01    8.39196E-01
    2.43500E+02    1.80800E-01    8.34602E-01
    2.43600E+02    1.39596E-01    8.69710E-01
    2.43700E+02    1.30491E-01    8.77665E-01
    2.43800E+02    1.27182E-01    8.80573E-01
    2.43900E+02    1.25991E-01    8.81623E-01
    2.44000E+02    1.26471E-01    8.81199E-01
    2.44100E+02    1.31596E-01    8.76695E-01
    2.44200E+02    1.33814E-01    8.74753E-01
    2.44300E+02    1.25689E-01    8.81889E-01
    2.44400E+02    1.24034E-01    8.83350E-01
    2.44500E+02    1.22989E-01    8.84273E-01
    2.44600E+02    1.22594E-01    8.84623E-01
    2.44700E+02    1.22341E-01    8.84847E-01
    2.44800E+02    1.22299E-01    8.84884E-01
    2.44900E+02    1.22234E-01    8.84942E-01
    2.45000E+02    1.22205E-01    8.84967E-01
    2.45100E+02    1.22164E-01    8.85003E-01
    2.45200E+02    1.22159E-01    8.85008E-01
    2.45300E+02    1.22184E-01    8.84985E-01
    2.45400E+02    1.22225E-01    8.84950E-01
    2.45500E+02    1.22283E-01    8.84898E-01
    2.45600E+02    1.22361E-01    8.84829E-01
    2.45700E+02    1.22473E-01    8.84730E-01
    2.45800E+02    1.22919E-01    8.84335E-01
    2.45900E+02    1.22620E-01    8.84600E-01
    2.46000E+02    1.22687E-01    8.84541E-01
    2.46100E+02    1.22791E-01    8.84448E-01
    2.46200E+02    1.22929E-01    8.84327E-01
    2.46300E+02    1.23137E-01    8.84143E-01
    2.46400E+02    1.23405E-01    8.83905E-01
    2.46500E+02    1.25284E-01    8.82246E-01
    2.46600E+02    1.23860E-01    8.83504E-01
    2.46700E+02    1.23710E-01    8.83636E-01
    2.46800E+02    1.23820E-01    8.83539E-01
    2.46900E+02    1.24003E-01    8.83377E-01
    2.47000E+02    1.24241E-01    8.83167E-01
    2.47100E+02    1.24565E-01    8.82881E-01
    2.47200E+02    1.24884E-01    8.82599E-01
    2.47300E+02    1.25364E-01    8.82175E-01
    2.47400E+02    1.26022E-01    8.81596E-01
    2.47500E+02    1.27099E-01    8.80646E-01
    2.47600E+02    1.29239E-01    8.78764E-01
    2.47700E+02    1.36102E-01    8.72754E-01
    2.47800E+02    1.41992E-01    8.67628E-01
    2.47900E+02    1.35242E-01    8.73505E-01
    2.48000E+02    1.39749E-01    8.69577E-01
    2.48100E+02    1.60968E-01    8.51320E-01
    2.48200E+02    2.41943E-01    7.85101E-01
    2.48300E+02    1.49886E-01    8.60806E-01
    2.48400E+02    1.36322E-01    8.72561E-01
    2.48500E+02    1.31803E-01    8.76514E-01
    2.48600E+02    1.29842E-01    8.78234E-01
    2.48700E+02    1.29008E-01    8.78967E-01
    2.48800E+02    1.28479E-01    8.79432E-01
    2.48900E+02    1.28335E-01    8.79559E-01
    2.49000E+02    1.28460E-01    8.79448E-01
    2.49100E+02    1.28797E-01    8.79152E-01
    2.49200E+02    1.29384E-01    8.78637E-01
    2.49300E+02    1.30368E-01    8.77772E-01
    2.49400E+02    1.32021E-01    8.76323E-01
    2.49500E+02    1.34997E-01    8.73719E-01
    2.49600E+02    1.41281E-01    8.68245E-01
    2.49700E+02    1.59738E-01    8.52367E-01
    2.49800E+02    2.41168E-01    7.85709E-01
    2.49900E+02    1.92682E-01    8.24744E-01
    2.50000E+02    2.04507E-01    8.15049E-01
    2.50100E+02    1.51170E-01    8.59702E-01
    2.50200E+02    1.39740E-01    8.69585E-01
    2.50300E+02    1.35271E-01    8.73479E-01
    2.50400E+02    1.32213E-01    8.76154E-01
    2.50500E+02    1.30812E-01    8.77383E-01
    2.50600E+02    1.29907E-01    8.78177E-01
    2.50700E+02    1.29491E-01    8.78543E-01
    2.50800E+02    1.29001E-01    8.78973E-01
    2.50900E+02    1.28691E-01    8.79245E-01
    2.51000E+02    1.28515E-01    8.79400E-01
    2.51100E+02    1.28411E-01    8.79492E-01
    2.51200E+02    1.28467E-01    8.79443E-01
    2.51300E+02    1.28311E-01    8.79579E-01
    2.51400E+02    1.28293E-01    8.79596E-01
    2.51500E+02    1.28303E-01    8.79587E-01
    2.51600E+02    1.28331E-01    8.79562E-01
    2.51700E+02    1.28375E-01    8.79523E-01
    2.51800E+02    1.28429E-01    8.79476E-01
    2.51900E+02    1.28497E-01    8.79416E-01
    2.52000E+02    1.28589E-01    8.79335E-01
    2.52100E+02    1.28872E-01    8.79086E-01
    2.52200E+02    1.28773E-01    8.79174E-01
    2.52300E+02    1.28921E-01    8.79043E-01
    2.52400E+02    1.29035E-01    8.78943E-01
    2.52500E+02    1.29344E-01    8.78672E-01
    2.52600E+02    1.29432E-01    8.78595E-01
    2.52700E+02    1.30055E-01    8.78047E-01
    2.52800E+02    1.29906E-01    8.78178E-01
    2.52900E+02    1.29587E-01    8.78458E-01
    2.53000E+02    1.29626E-01    8.78424E-01
    2.53100E+02    1.29716E-01    8.78345E-01
    2.53200E+02    1.29828E-01    8.78246E-01
    2.53300E+02    1.30014E-01    8.78084E-01
    2.53400E+02    1.30429E-01    8.77719E-01
    2.53500E+02    1.30209E-01    8.77912E-01
    2.53600E+02    1.30351E-01    8.77788E-01
    2.53700E+02    1.30834E-01    8.77363E-01
    2.53800E+02    1.30828E-01    8.77368E-01
    2.53900E+02    1.30831E-01    8.77366E-01
    2.54000E+02    1.30935E-01    8.77275E-01
    2.54100E+02    1.31129E-01    8.77105E-01
    2.54200E+02    1.31514E-01    8.76767E-01
    2.54300E+02    1.33146E-01    8.75337E-01
    2.54400E+02    1.31755E-01    8.76555E-01
    2.54500E+02    1.31722E-01    8.76585E-01
    2.54600E+02    1.31836E-01    8.76484E-01
    2.54700E+02    1.32108E-01    8.76247E-01
    2.54800E+02    1.32153E-01    8.76207E-01
    2.54900E+02    1.32812E-01    8.75630E-01
    2.55000E+02    1.32396E-01    8.75994E-01
    2.55100E+02    1.32466E-01    8.75932E-01
    2.55200E+02    1.32571E-01    8.75841E-01
    2.55300E+02    1.32633E-01    8.75786E-01
    2.55400E+02    1.32705E-01    8.75723E-01
    2.55500E+02    1.32778E-01    8.75660E-01
    2.55600E+02    1.32850E-01    8.75597E-01
    2.55700E+02    1.32926E-01    8.75530E-01
    2.55800E+02    1.33022E-01    8.75446E-01
    2.55900E+02    1.33084E-01    8.75392E-01
    2.56000E+02    1.33188E-01    8.75300E-01
    2.56100E+02    1.33282E-01    8.75219E-01
    2.56200E+02    1.33314E-01    8.75190E-01
    2.56300E+02    1.33401E-01    8.75114E-01
    2.56400E+02    1.33527E-01    8.75004E-01
    2.56500E+02    1.33650E-01    8.74896E-01
    2.56600E+02    1.33758E-01    8.74802E-01
    2.56700E+02    1.33971E-01    8.74615E-01
    2.56800E+02    1.34037E-01    8.74557E-01
    2.56900E+02    1.34557E-01    8.74103E-01
    2.57000E+02    1.34225E-01    8.74393E-01
    2.57100E+02    1.34310E-01    8.74319E-01
    2.57200E+02    1.34453E-01    8.74194E-01
    2.57300E+02    1.34618E-01    8.74050E-01
    2.57400E+02    1.34834E-01    8.73861E-01
    2.57500E+02    1.35055E-01    8.73668E-01
    2.57600E+02    1.35339E-01    8.73419E-01
    2.57700E+02    1.35644E-01    8.73154E-01
    2.57800E+02    1.36103E-01    8.72753E-01
    2.57900E+02    1.36622E-01    8.72300E-01
    2.58000E+02    1.37706E-01    8.71355E-01
    2.58100E+02    1.40242E-01    8.69148E-01
    2.58200E+02    1.61502E-01    8.50865E-01
    2.58300E+02    1.42547E-01    8.67147E-01
    2.58400E+02    1.42173E-01    8.67471E-01
    2.58500E+02    1.45681E-01    8.64433E-01
    2.58600E+02    1.57322E-01    8.54429E-01
    2.58700E+02    2.35163E-01    7.90442E-01
    2.58800E+02    1.66567E-01    8.46566E-01
    2.58900E+02    1.47911E-01    8.62508E-01
    2.59000E+02    1.42444E-01    8.67236E-01
    2.59100E+02    1.40138E-01    8.69238E-01
    2.59200E+02    1.39008E-01    8.70221E-01
    2.59300E+02    1.38350E-01    8.70794E-01
    2.59400E+02    1.37996E-01    8.71103E-01
    2.59500E+02    1.37943E-01    8.71148E-01
    2.59600E+02    1.37622E-01    8.71428E-01
    2.59700E+02    1.37536E-01    8.71503E-01
    2.59800E+02    1.37511E-01    8.71525E-01
    2.59900E+02    1.37531E-01    8.71507E-01
    2.60000E+02    1.37636E-01    8.71416E-01
    2.60100E+02    1.37655E-01    8.71399E-01
    2.60200E+02    1.37668E-01    8.71388E-01
    2.60300E+02    1.37733E-01    8.71331E-01
    2.60400E+02    1.37827E-01    8.71249E-01
    2.60500E+02    1.37954E-01    8.71138E-01
    2.60600E+02    1.38088E-01    8.71022E-01
    2.60700E+02    1.38254E-01    8.70877E-01
    2.60800E+02    1.39065E-01    8.70172E-01
    2.60900E+02    1.38539E-01    8.70629E-01
    2.61000E+02    1.38512E-01    8.70653E-01
    2.61100E+02    1.38659E-01    8.70525E-01
    2.61200E+02    1.38731E-01    8.70462E-01
    2.61300E+02    1.38861E-01    8.70349E-01
    2.61400E+02    1.38997E-01    8.70231E-01
    2.61500E+02    1.39138E-01    8.70108E-01
    2.61600E+02    1.39296E-01    8.69970E-01
    2.61700E+02    1.39483E-01    8.69808E-01
    2.61800E+02    1.39662E-01    8.69652E-01
    2.61900E+02    1.39831E-01    8.69505E-01
    2.62000E+02    1.40052E-01    8.69313E-01
    2.62100E+02    1.40269E-01    8.69124E-01
    2.62200E+02    1.40516E-01    8.68910E-01
    2.62300E+02    1.40834E-01    8.68634E-01
    2.62400E+02    1.41261E-01    8.68262E-01
    2.62500E+02    1.41912E-01    8.67698E-01
    2.62600E+02    1.42752E-01    8.66969E-01
    2.62700E+02    1.44769E-01    8.65222E-01
    2.62800E+02    1.52424E-01    8.58624E-01
    2.62900E+02    1.56201E-01    8.55387E-01
    2.63000E+02    1.46559E-01    8.63675E-01
    2.63100E+02    1.45329E-01    8.64738E-01
    2.63200E+02    1.47176E-01    8.63142E-01
    2.63300E+02    1.46483E-01    8.63740E-01
    2.63400E+02    1.48643E-01    8.61876E-01
    2.63500E+02    1.54127E-01    8.57163E-01
    2.63600E+02    1.72277E-01    8.41746E-01
    2.63700E+02    2.92130E-01    7.46671E-01
    2.63800E+02    1.69367E-01    8.44199E-01
    2.63900E+02    1.60268E-01    8.51916E-01
    2.64000E+02    1.49817E-01    8.60866E-01
    2.64100E+02    1.47108E-01    8.63200E-01
    2.64200E+02    1.45908E-01    8.64237E-01
    2.64300E+02    1.45331E-01    8.64736E-01
    2.64400E+02    1.45068E-01    8.64963E-01
    2.64500E+02    1.45081E-01    8.64952E-01
    2.64600E+02    1.45360E-01    8.64711E-01
    2.64700E+02    1.46031E-01    8.64131E-01
    2.64800E+02    1.47934E-01    8.62488E-01
    2.64900E+02    1.58905E-01    8.53078E-01
    2.65000E+02    1.50923E-01    8.59914E-01
    2.65100E+02    1.46980E-01    8.63311E-01
    2.65200E+02    1.45995E-01    8.64162E-01
    2.65300E+02    1.45659E-01    8.64452E-01
    2.65400E+02    1.45570E-01    8.64529E-01
    2.65500E+02    1.45602E-01    8.64502E-01
    2.65600E+02    1.45711E-01    8.64407E-01
    2.65700E+02    1.45822E-01    8.64312E-01
    2.65800E+02    1.45975E-01    8.64179E-01
    2.65900E+02    1.46138E-01    8.64038E-01
    2.66000E+02    1.46310E-01    8.63890E-01
    2.66100E+02    1.46516E-01    8.63712E-01
    2.66200E+02    1.46757E-01    8.63504E-01
    2.66300E+02    1.46880E-01    8.63397E-01
    2.66400E+02    1.47088E-01    8.63218E-01
    2.66500E+02    1.47350E-01    8.62992E-01
    2.66600E+02    1.47689E-01    8.62699E-01
    2.66700E+02    1.48166E-01    8.62288E-01
    2.66800E+02    1.48880E-01    8.61673E-01
    2.66900E+02    1.50093E-01    8.60628E-01
    2.67000E+02    1.52325E-01    8.58709E-01
    2.67100E+02    1.57708E-01    8.54099E-01
    2.67200E+02    1.77843E-01    8.37074E-01
    2.67300E+02    2.00625E-01    8.18219E-01
    2.67400E+02    1.61512E-01    8.50857E-01
    2.67500E+02    1.53875E-01    8.57379E-01
    2.67600E+02    1.51091E-01    8.59770E-01
    2.67700E+02    1.49783E-01    8.60895E-01
    2.67800E+02    1.49090E-01    8.61492E-01
    2.67900E+02    1.48699E-01    8.61829E-01
    2.68000E+02    1.48479E-01    8.62019E-01
    2.68100E+02    1.48389E-01    8.62096E-01
    2.68200E+02    1.48662E-01    8.61860E-01
    2.68300E+02    1.48322E-01    8.62154E-01
    2.68400E+02    1.48329E-01    8.62147E-01
    2.68500E+02    1.48452E-01    8.62041E-01
    2.68600E+02    1.48925E-01    8.61634E-01
    2.68700E+02    1.49324E-01    8.61290E-01
    2.68800E+02    1.48624E-01    8.61893E-01
    2.68900E+02    1.48586E-01    8.61926E-01
    2.69000E+02    1.48626E-01    8.61891E-01
    2.69100E+02    1.48702E-01    8.61826E-01
    2.69200E+02    1.48786E-01    8.61753E-01
    2.69300E+02    1.48881E-01    8.61672E-01
    2.69400E+02    1.48983E-01    8.61584E-01
    2.69500E+02    1.49106E-01    8.61478E-01
    2.69600E+02    1.49209E-01    8.61389E-01
    2.69700E+02    1.49318E-01    8.61295E-01
    2.69800E+02    1.49442E-01    8.61188E-01
    2.69900E+02    1.49566E-01    8.61081E-01
    2.70000E+02    1.49696E-01    8.60970E-01
    2.70100E+02    1.49852E-01    8.60835E-01
    2.70200E+02    1.49956E-01    8.60746E-01
    2.70300E+02    1.50101E-01    8.60621E-01
    2.70400E+02    1.50275E-01    8.60472E-01
    2.70500E+02    1.50466E-01    8.60307E-01
    2.70600E+02    1.50557E-01    8.60228E-01
    2.70700E+02    1.50802E-01    8.60018E-01
    2.70800E+02    1.50971E-01    8.59873E-01
    2.70900E+02    1.51276E-01    8.59610E-01
    2.71000E+02    1.51584E-01    8.59345E-01
    2.71100E+02    1.54054E-01    8.57225E-01
    2.71200E+02    1.51784E-01    8.59173E-01
    2.71300E+02    1.51845E-01    8.59122E-01
    2.71400E+02    1.51804E-01    8.59156E-01
    2.71500E+02    1.51936E-01    8.59043E-01
    2.71600E+02    1.52110E-01    8.58894E-01
    2.71700E+02    1.52324E-01    8.58710E-01
    2.71800E+02    1.52621E-01    8.58455E-01
    2.71900E+02    1.53512E-01    8.57691E-01
    2.72000E+02    1.53245E-01    8.57919E-01
    2.72100E+02    1.53303E-01    8.57869E-01
    2.72200E+02    1.53578E-01    8.57634E-01
    2.72300E+02    1.53950E-01    8.57315E-01
    2.72400E+02    1.54443E-01    8.56892E-01
    2.72500E+02    1.55119E-01    8.56313E-01
    2.72600E+02    1.56107E-01    8.55468E-01
    2.72700E+02    1.57755E-01    8.54059E-01
    2.72800E+02    1.60857E-01    8.51413E-01
    2.72900E+02    1.68571E-01    8.44872E-01
    2.73000E+02    2.01742E-01    8.17306E-01
    2.73100E+02    2.03404E-01    8.15949E-01
    2.73200E+02    1.69341E-01    8.44221E-01
    2.73300E+02    1.61860E-01    8.50560E-01
    2.73400E+02    1.58987E-01    8.53008E-01
    2.73500E+02    1.57713E-01    8.54095E-01
    2.73600E+02    1.57111E-01    8.54610E-01
    2.73700E+02    1.56850E-01    8.54832E-01
    2.73800E+02    1.56861E-01    8.54823E-01
    2.73900E+02    1.57163E-01    8.54565E-01
    2.74000E+02    1.57497E-01    8.54279E-01
    2.74100E+02    1.58148E-01    8.53724E-01
    2.74200E+02    1.59562E-01    8.52517E-01
    2.74300E+02    1.62882E-01    8.49691E-01
    2.74400E+02    1.74382E-01    8.39976E-01
    2.74500E+02    2.04372E-01    8.15159E-01
    2.74600E+02    1.67524E-01    8.45756E-01
    2.74700E+02    1.61433E-01    8.50924E-01
    2.74800E+02    1.59347E-01    8.52700E-01
    2.74900E+02    1.58449E-01    8.53467E-01
    2.75000E+02    1.58059E-01    8.53799E-01
    2.75100E+02    1.57814E-01    8.54008E-01
    2.75200E+02    1.57801E-01    8.54019E-01
    2.75300E+02    1.57663E-01    8.54137E-01
    2.75400E+02    1.57669E-01    8.54132E-01
    2.75500E+02    1.57705E-01    8.54102E-01
    2.75600E+02    1.57774E-01    8.54043E-01
    2.75700E+02    1.57880E-01    8.53952E-01
    2.75800E+02    1.58001E-01    8.53849E-01
    2.75900E+02    1.58153E-01    8.53719E-01
    2.76000E+02    1.58276E-01    8.53615E-01
    2.76100E+02    1.58449E-01    8.53467E-01
    2.76200E+02    1.58647E-01    8.53297E-01
    2.76300E+02    1.58890E-01    8.53091E-01
    2.76400E+02    1.59181E-01    8.52842E-01
    2.76500E+02    1.59580E-01    8.52502E-01
    2.76600E+02    1.60193E-01    8.51979E-01
    2.76700E+02    1.61346E-01    8.50997E-01
    2.76800E+02    1.64356E-01    8.48440E-01
    2.76900E+02    1.81617E-01    8.33920E-01
    2.77000E+02    1.68548E-01    8.44890E-01
    2.77100E+02    1.62996E-01    8.49594E-01
    2.77200E+02    1.61462E-01    8.50899E-01
    2.77300E+02    1.60923E-01    8.51358E-01
    2.77400E+02    1.60760E-01    8.51496E-01
    2.77500E+02    1.60736E-01    8.51517E-01
    2.77600E+02    1.60722E-01    8.51528E-01
    2.77700E+02    1.60777E-01    8.51482E-01
    2.77800E+02    1.60901E-01    8.51376E-01
    2.77900E+02    1.61166E-01    8.51151E-01
    2.78000E+02    1.61208E-01    8.51115E-01
    2.78100E+02    1.61358E-01    8.50987E-01
    2.78200E+02    1.61443E-01    8.50915E-01
    2.78300E+02    1.61644E-01    8.50744E-01
    2.78400E+02    1.62028E-01    8.50417E-01
    2.78500E+02    1.63181E-01    8.49437E-01
    2.78600E+02    1.62459E-01    8.50051E-01
    2.78700E+02    1.62390E-01    8.50109E-01
    2.78800E+02    1.62548E-01    8.49975E-01
    2.78900E+02    1.62798E-01    8.49763E-01
    2.79000E+02    1.63139E-01    8.49473E-01
    2.79100E+02    1.63631E-01    8.49055E-01
    2.79200E+02    1.64499E-01    8.48318E-01
    2.79300E+02    1.66631E-01    8.46512E-01
    2.79400E+02    1.70544E-01    8.43206E-01
    2.79500E+02    1.88471E-01    8.28224E-01
    2.79600E+02    1.69027E-01    8.44486E-01
    2.79700E+02    1.66656E-01    8.46491E-01
    2.79800E+02    1.67192E-01    8.46038E-01
    2.79900E+02    1.77000E-01    8.37780E-01
    2.80000E+02    1.66491E-01    8.46631E-01
    2.80100E+02    1.65306E-01    8.47634E-01
    2.80200E+02    1.65002E-01    8.47892E-01
    2.80300E+02    1.64934E-01    8.47949E-01
    2.80400E+02    1.64967E-01    8.47921E-01
    2.80500E+02    1.65048E-01    8.47853E-01
    2.80600E+02    1.65169E-01    8.47750E-01
    2.80700E+02    1.65331E-01    8.47613E-01
    2.80800E+02    1.65572E-01    8.47409E-01
    2.80900E+02    1.66217E-01    8.46862E-01
    2.81000E+02    1.68816E-01    8.44664E-01
    2.81100E+02    1.66287E-01    8.46803E-01
    2.81200E+02    1.66355E-01    8.46745E-01
    2.81300E+02    1.66309E-01    8.46785E-01
    2.81400E+02    1.66556E-01    8.46575E-01
    2.81500E+02    1.67361E-01    8.45895E-01
    2.81600E+02    1.67001E-01    8.46199E-01
    2.81700E+02    1.66931E-01    8.46258E-01
    2.81800E+02    1.67085E-01    8.46128E-01
    2.81900E+02    1.67390E-01    8.45869E-01
    2.82000E+02    1.67778E-01    8.45542E-01
    2.82100E+02    1.67734E-01    8.45579E-01
    2.82200E+02    1.67923E-01    8.45419E-01
    2.82300E+02    1.68215E-01    8.45172E-01
    2.82400E+02    1.68431E-01    8.44989E-01
    2.82500E+02    1.68872E-01    8.44617E-01
    2.82600E+02    1.69640E-01    8.43968E-01
    2.82700E+02    1.71464E-01    8.42430E-01
    2.82800E+02    1.80171E-01    8.35127E-01
    2.82900E+02    1.76154E-01    8.38489E-01
    2.83000E+02    1.71365E-01    8.42514E-01
    2.83100E+02    1.70321E-01    8.43394E-01
    2.83200E+02    1.70012E-01    8.43655E-01
    2.83300E+02    1.69926E-01    8.43727E-01
    2.83400E+02    1.69996E-01    8.43668E-01
    2.83500E+02    1.70065E-01    8.43610E-01
    2.83600E+02    1.70182E-01    8.43511E-01
    2.83700E+02    1.70331E-01    8.43386E-01
    2.83800E+02    1.70499E-01    8.43244E-01
    2.83900E+02    1.70680E-01    8.43091E-01
    2.84000E+02    1.70894E-01    8.42911E-01
    2.84100E+02    1.71079E-01    8.42755E-01
    2.84200E+02    1.71290E-01    8.42577E-01
    2.84300E+02    1.71555E-01    8.42354E-01
    2.84400E+02    1.72249E-01    8.41769E-01
    2.84500E+02    1.72035E-01    8.41949E-01
    2.84600E+02    1.72379E-01    8.41660E-01
    2.84700E+02    1.72525E-01    8.41537E-01
    2.84800E+02    1.72850E-01    8.41264E-01
    2.84900E+02    1.73159E-01    8.41004E-01
    2.85000E+02    1.73479E-01    8.40735E-01
    2.85100E+02    1.73884E-01    8.40394E-01
    2.85200E+02    1.74365E-01    8.39991E-01
    2.85300E+02    1.74946E-01    8.39502E-01
    2.85400E+02    1.75679E-01    8.38887E-01
    2.85500E+02    1.76651E-01    8.38072E-01
    2.85600E+02    1.78082E-01    8.36874E-01
    2.85700E+02    1.80059E-01    8.35221E-01
    2.85800E+02    1.83608E-01    8.32262E-01
    2.85900E+02    1.90943E-01    8.26180E-01
    2.86000E+02    2.11988E-01    8.08974E-01
    2.86100E+02    3.05396E-01    7.36832E-01
    2.86200E+02    2.59589E-01    7.71368E-01
    2.86300E+02    2.55429E-01    7.74584E-01
    2.86400E+02    1.96729E-01    8.21413E-01
    2.86500E+02    1.86577E-01    8.29795E-01
    2.86600E+02    1.82534E-01    8.33156E-01
    2.86700E+02    1.80517E-01    8.34838E-01
    2.86800E+02    1.79399E-01    8.35773E-01
    2.86900E+02    1.78767E-01    8.36300E-01
    2.87000E+02    1.78466E-01    8.36552E-01
    2.87100E+02    1.78137E-01    8.36828E-01
    2.87200E+02    1.78017E-01    8.36928E-01
    2.87300E+02    1.77992E-01    8.36949E-01
    2.87400E+02    1.78031E-01    8.36916E-01
    2.87500E+02    1.78125E-01    8.36838E-01
    2.87600E+02    1.78261E-01    8.36724E-01
    2.87700E+02    1.78436E-01    8.36577E-01
    2.87800E+02    1.78657E-01    8.36392E-01
    2.87900E+02    1.78926E-01    8.36168E-01
    2.88000E+02    1.79255E-01    8.35893E-01
    2.88100E+02    1.79659E-01    8.35555E-01
    2.88200E+02    1.80177E-01    8.35122E-01
    2.88300E+02    1.80938E-01    8.34487E-01
    2.88400E+02    1.81772E-01    8.33791E-01
    2.88500E+02    1.83097E-01    8.32687E-01
    2.88600E+02    1.85329E-01    8.30831E-01
    2.88700E+02    1.89601E-01    8.27289E-01
    2.88800E+02    1.99932E-01    8.18786E-01
    2.88900E+02    2.40551E-01    7.86195E-01
    2.89000E+02    2.65261E-01    7.67006E-01
    2.89100E+02    2.04328E-01    8.15195E-01
    2.89200E+02    1.91803E-01    8.25470E-01
    2.89300E+02    1.87158E-01    8.29313E-01
    2.89400E+02    1.84995E-01    8.31109E-01
    2.89500E+02    1.83859E-01    8.32053E-01
    2.89600E+02    1.83230E-01    8.32577E-01
    2.89700E+02    1.82890E-01    8.32860E-01
    2.89800E+02    1.82793E-01    8.32940E-01
    2.89900E+02    1.82776E-01    8.32954E-01
    2.90000E+02    1.82785E-01    8.32948E-01
    2.90100E+02    1.82659E-01    8.33052E-01
    2.90200E+02    1.82711E-01    8.33009E-01
    2.90300E+02    1.82819E-01    8.32919E-01
    2.90400E+02    1.82973E-01    8.32791E-01
    2.90500E+02    1.83194E-01    8.32606E-01
    2.90600E+02    1.83427E-01    8.32413E-01
    2.90700E+02    1.83770E-01    8.32127E-01
    2.90800E+02    1.84413E-01    8.31592E-01
    2.90900E+02    1.86402E-01    8.29940E-01
    2.91000E+02    1.90892E-01    8.26222E-01
    2.91100E+02    1.85630E-01    8.30581E-01
    2.91200E+02    1.84990E-01    8.31112E-01
    2.91300E+02    1.85064E-01    8.31051E-01
    2.91400E+02    1.85104E-01    8.31018E-01
    2.91500E+02    1.85143E-01    8.30985E-01
    2.91600E+02    1.85449E-01    8.30731E-01
    2.91700E+02    1.88043E-01    8.28579E-01
    2.91800E+02    1.85818E-01    8.30424E-01
    2.91900E+02    1.85893E-01    8.30363E-01
    2.92000E+02    1.86098E-01    8.30193E-01
    2.92100E+02    1.86358E-01    8.29976E-01
    2.92200E+02    1.86659E-01    8.29727E-01
    2.92300E+02    1.87003E-01    8.29441E-01
    2.92400E+02    1.87426E-01    8.29090E-01
    2.92500E+02    1.88128E-01    8.28508E-01
    2.92600E+02    1.88633E-01    8.28091E-01
    2.92700E+02    1.89301E-01    8.27538E-01
    2.92800E+02    1.90518E-01    8.26531E-01
    2.92900E+02    1.92696E-01    8.24733E-01
    2.93000E+02    1.97563E-01    8.20729E-01
    2.93100E+02    2.14511E-01    8.06936E-01
    2.93200E+02    2.42177E-01    7.84917E-01
    2.93300E+02    2.03439E-01    8.15920E-01
    2.93400E+02    1.97762E-01    8.20565E-01
    2.93500E+02    2.01646E-01    8.17384E-01
    2.93600E+02    2.00094E-01    8.18654E-01
    2.93700E+02    1.93677E-01    8.23924E-01
    2.93800E+02    1.92078E-01    8.25243E-01
    2.93900E+02    1.91445E-01    8.25765E-01
    2.94000E+02    1.91192E-01    8.25974E-01
    2.94100E+02    1.91116E-01    8.26037E-01
    2.94200E+02    1.91146E-01    8.26012E-01
    2.94300E+02    1.91229E-01    8.25943E-01
    2.94400E+02    1.91358E-01    8.25837E-01
    2.94500E+02    1.91523E-01    8.25701E-01
    2.94600E+02    1.91787E-01    8.25483E-01
    2.94700E+02    1.91877E-01    8.25409E-01
    2.94800E+02    1.92088E-01    8.25234E-01
    2.94900E+02    1.92294E-01    8.25064E-01
    2.95000E+02    1.92515E-01    8.24882E-01
    2.95100E+02    1.92738E-01    8.24698E-01
    2.95200E+02    1.93002E-01    8.24481E-01
    2.95300E+02    1.93399E-01    8.24153E-01
    2.95400E+02    1.93648E-01    8.23948E-01
    2.95500E+02    1.93846E-01    8.23785E-01
    2.95600E+02    1.93991E-01    8.23666E-01
    2.95700E+02    1.94251E-01    8.23451E-01
    2.95800E+02    1.94623E-01    8.23145E-01
    2.95900E+02    1.94818E-01    8.22984E-01
    2.96000E+02    1.95171E-01    8.22694E-01
    2.96100E+02    1.95646E-01    8.22303E-01
    2.96200E+02    1.95711E-01    8.22250E-01
    2.96300E+02    1.96020E-01    8.21996E-01
    2.96400E+02    1.96649E-01    8.21479E-01
    2.96500E+02    1.96677E-01    8.21456E-01
    2.96600E+02    1.97007E-01    8.21185E-01
    2.96700E+02    1.97380E-01    8.20878E-01
    2.96800E+02    1.97824E-01    8.20514E-01
    2.96900E+02    1.98231E-01    8.20181E-01
    2.97000E+02    1.98775E-01    8.19734E-01
    2.97100E+02    1.99781E-01    8.18910E-01
    2.97200E+02    2.01520E-01    8.17487E-01
    2.97300E+02    2.00366E-01    8.18431E-01
    2.97400E+02    2.00852E-01    8.18034E-01
    2.97500E+02    2.01167E-01    8.17776E-01
    2.97600E+02    2.01737E-01    8.17310E-01
    2.97700E+02    2.02426E-01    8.16747E-01
    2.97800E+02    2.03222E-01    8.16097E-01
    2.97900E+02    2.04151E-01    8.15339E-01
    2.98000E+02    2.05253E-01    8.14441E-01
    2.98100E+02    2.06615E-01    8.13333E-01
    2.98200E+02    2.08382E-01    8.11896E-01
    2.98300E+02    2.11046E-01    8.09737E-01
    2.98400E+02    2.15484E-01    8.06151E-01
    2.98500E+02    2.19405E-01    8.02997E-01
    2.98600E+02    2.13942E-01    8.07395E-01
    2.98700E+02    2.10778E-01    8.09954E-01
    2.98800E+02    2.09795E-01    8.10750E-01
    2.98900E+02    2.08514E-01    8.11790E-01
    2.99000E+02    2.07848E-01    8.12331E-01
    2.99100E+02    2.07431E-01    8.12670E-01
    2.99200E+02    2.07185E-01    8.12869E-01
    2.99300E+02    2.07124E-01    8.12919E-01
    2.99400E+02    2.07475E-01    8.12634E-01
    2.99500E+02    2.09988E-01    8.10594E-01
    2.99600E+02    2.07351E-01    8.12735E-01
    2.99700E+02    2.07372E-01    8.12717E-01
    2.99800E+02    2.07229E-01    8.12834E-01
    2.99900E+02    2.07385E-01    8.12707E-01
    3.00000E+02    2.07640E-01    8.12499E-01
    3.00100E+02    2.08064E-01    8.12155E-01
    3.00200E+02    2.08477E-01    8.11820E-01
    3.00300E+02    2.09062E-01    8.11345E-01
    3.00400E+02    2.10060E-01    8.10536E-01
    3.00500E+02    2.12049E-01    8.08925E-01
    3.00600E+02    2.18047E-01    8.04088E-01
    3.00700E+02    2.41340E-01    7.85574E-01
    3.00800E+02    2.16351E-01    8.05452E-01
    3.00900E+02    2.13330E-01    8.07890E-01
    3.01000E+02    2.12766E-01    8.08345E-01
    3.01100E+02    2.12951E-01    8.08195E-01
    3.01200E+02    2.13659E-01    8.07624E-01
    3.01300E+02    2.14968E-01    8.06567E-01
    3.01400E+02    2.17145E-01    8.04813E-01
    3.01500E+02    2.21039E-01    8.01685E-01
    3.01600E+02    2.29249E-01    7.95130E-01
    3.01700E+02    2.52884E-01    7.76558E-01
    3.01800E+02    4.18835E-01    6.57813E-01
    3.01900E+02    2.67679E-01    7.65153E-01
    3.02000E+02    2.34236E-01    7.91175E-01
    3.02100E+02    2.24520E-01    7.98900E-01
    3.02200E+02    2.20561E-01    8.02068E-01
    3.02300E+02    2.18741E-01    8.03529E-01
    3.02400E+02    2.17944E-01    8.04170E-01
    3.02500E+02    2.17818E-01    8.04272E-01
    3.02600E+02    2.18041E-01    8.04093E-01
    3.02700E+02    2.18687E-01    8.03573E-01
    3.02800E+02    2.20075E-01    8.02459E-01
    3.02900E+02    2.22928E-01    8.00173E-01
    3.03000E+02    2.29889E-01    7.94621E-01
    3.03100E+02    2.55339E-01    7.74654E-01
    3.03200E+02    2.80531E-01    7.55383E-01
    3.03300E+02    2.34413E-01    7.91035E-01
    3.03400E+02    2.25449E-01    7.98158E-01
    3.03500E+02    2.22415E-01    8.00583E-01
    3.03600E+02    2.21345E-01    8.01440E-01
    3.03700E+02    2.20379E-01    8.02215E-01
    3.03800E+02    2.20115E-01    8.02426E-01
    3.03900E+02    2.20128E-01    8.02416E-01
    3.04000E+02    2.20237E-01    8.02329E-01
    3.04100E+02    2.20457E-01    8.02152E-01
    3.04200E+02    2.20762E-01    8.01908E-01
    3.04300E+02    2.21134E-01    8.01609E-01
    3.04400E+02    2.21577E-01    8.01254E-01
    3.04500E+02    2.22100E-01    8.00836E-01
    3.04600E+02    2.22735E-01    8.00327E-01
    3.04700E+02    2.23588E-01    7.99645E-01
    3.04800E+02    2.25358E-01    7.98231E-01
    3.04900E+02    2.24655E-01    7.98792E-01
    3.05000E+02    2.24321E-01    7.99059E-01
    3.05100E+02    2.24345E-01    7.99040E-01
    3.05200E+02    2.24427E-01    7.98974E-01
    3.05300E+02    2.24609E-01    7.98828E-01
    3.05400E+02    2.24848E-01    7.98638E-01
    3.05500E+02    2.25124E-01    7.98417E-01
    3.05600E+02    2.25432E-01    7.98171E-01
    3.05700E+02    2.25762E-01    7.97908E-01
    3.05800E+02    2.26112E-01    7.97628E-01
    3.05900E+02    2.26496E-01    7.97323E-01
    3.06000E+02    2.26901E-01    7.97000E-01
    3.06100E+02    2.27264E-01    7.96710E-01
    3.06200E+02    2.27669E-01    7.96388E-01
    3.06300E+02    2.28085E-01    7.96057E-01
    3.06400E+02    2.28520E-01    7.95710E-01
    3.06500E+02    2.28946E-01    7.95371E-01
    3.06600E+02    2.29393E-01    7.95016E-01
    3.06700E+02    2.29853E-01    7.94651E-01
    3.06800E+02    2.30329E-01    7.94272E-01
    3.06900E+02    2.30885E-01    7.93830E-01
    3.07000E+02    2.31316E-01    7.93488E-01
    3.07100E+02    2.31773E-01    7.93126E-01
    3.07200E+02    2.32279E-01    7.92725E-01
    3.07300E+02    2.32963E-01    7.92183E-01
    3.07400E+02    2.33564E-01    7.91707E-01
    3.07500E+02    2.34265E-01    7.91152E-01
    3.07600E+02    2.34580E-01    7.90903E-01
    3.07700E+02    2.35061E-01    7.90523E-01
    3.07800E+02    2.35591E-01    7.90103E-01
    3.07900E+02    2.36147E-01    7.89665E-01
    3.08000E+02    2.36705E-01    7.89224E-01
    3.08100E+02    2.37281E-01    7.88770E-01
    3.08200E+02    2.37877E-01    7.88300E-01
    3.08300E+02    2.38496E-01    7.87811E-01
    3.08400E+02    2.39172E-01    7.87280E-01
    3.08500E+02    2.40110E-01    7.86541E-01
    3.08600E+02    2.41154E-01    7.85721E-01
    3.08700E+02    2.41145E-01    7.85728E-01
    3.08800E+02    2.41824E-01    7.85195E-01
    3.08900E+02    2.42525E-01    7.84644E-01
    3.09000E+02    2.43010E-01    7.84264E-01
    3.09100E+02    2.43683E-01    7.83736E-01
    3.09200E+02    2.44444E-01    7.83140E-01
    3.09300E+02    2.45211E-01    7.82539E-01
    3.09400E+02    2.46127E-01    7.81823E-01
    3.09500E+02    2.46753E-01    7.81333E-01
    3.09600E+02    2.47636E-01    7.80644E-01
    3.09700E+02    2.48689E-01    7.79822E-01
    3.09800E+02    2.50113E-01    7.78713E-01
    3.09900E+02    2.52431E-01    7.76910E-01
    3.10000E+02    2.59373E-01    7.71536E-01
    3.10100E+02    2.65695E-01    7.66673E-01
    3.10200E+02    2.55600E-01    7.74452E-01
    3.10300E+02    2.54353E-01    7.75418E-01
    3.10400E+02    2.54272E-01    7.75481E-01
    3.10500E+02    2.54686E-01    7.75160E-01
    3.10600E+02    2.55266E-01    7.74711E-01
    3.10700E+02    2.55937E-01    7.74191E-01
    3.10800E+02    2.56662E-01    7.73629E-01
    3.10900E+02    2.57425E-01    7.73040E-01
    3.11000E+02    2.58224E-01    7.72422E-01
    3.11100E+02    2.59105E-01    7.71742E-01
    3.11200E+02    2.59907E-01    7.71124E-01
    3.11300E+02    2.60723E-01    7.70494E-01
    3.11400E+02    2.61592E-01    7.69825E-01
    3.11500E+02    2.62500E-01    7.69126E-01
    3.11600E+02    2.63512E-01    7.68349E-01
    3.11700E+02    2.64445E-01    7.67632E-01
    3.11800E+02    2.65341E-01    7.66945E-01
    3.11900E+02    2.66291E-01    7.66216E-01
    3.12000E+02    2.67302E-01    7.65442E-01
    3.12100E+02    2.68342E-01    7.64646E-01
    3.12200E+02    2.69410E-01    7.63830E-01
    3.12300E+02    2.70511E-01    7.62990E-01
    3.12400E+02    2.71646E-01    7.62124E-01
    3.12500E+02    2.72860E-01    7.61199E-01
    3.12600E+02    2.74068E-01    7.60281E-01
    3.12700E+02    2.75204E-01    7.59417E-01
    3.12800E+02    2.76449E-01    7.58473E-01
    3.12900E+02    2.77996E-01    7.57300E-01
    3.13000E+02    2.79025E-01    7.56521E-01
    3.13100E+02    2.80320E-01    7.55542E-01
    3.13200E+02    2.81603E-01    7.54573E-01
    3.13300E+02    2.82972E-01    7.53541E-01
    3.13400E+02    2.84396E-01    7.52468E-01
    3.13500E+02    2.85898E-01    7.51339E-01
    3.13600E+02    2.87565E-01    7.50088E-01
    3.13700E+02    2.88758E-01    7.49194E-01
    3.13800E+02    2.90243E-01    7.48082E-01
    3.13900E+02    2.91827E-01    7.46898E-01
    3.14000E+02    2.93981E-01    7.45291E-01
    3.14100E+02    2.94889E-01    7.44614E-01
    3.14200E+02    2.96432E-01    7.43466E-01
    3.14300E+02    2.98063E-01    7.42255E-01
    3.14400E+02    2.99754E-01    7.41001E-01
    3.14500E+02    3.01503E-01    7.39706E-01
    3.14600E+02    3.03315E-01    7.38366E-01
    3.14700E+02    3.05198E-01    7.36978E-01
    3.14800E+02    3.07161E-01    7.35532E-01
    3.14900E+02    3.09214E-01    7.34023E-01
    3.15000E+02    3.11381E-01    7.32435E-01
    3.15100E+02    3.13713E-01    7.30729E-01
    3.15200E+02    3.16146E-01    7.28953E-01
    3.15300E+02    3.18839E-01    7.26993E-01
    3.15400E+02    3.21905E-01    7.24767E-01
    3.15500E+02    3.25611E-01    7.22086E-01
    3.15600E+02    3.30633E-01    7.18468E-01
    3.15700E+02    3.39219E-01    7.12326E-01
    3.15800E+02    3.63598E-01    6.95171E-01
    3.15900E+02    4.15616E-01    6.59934E-01
    3.16000E+02    3.57732E-01    6.99261E-01
    3.16100E+02    3.54830E-01    7.01293E-01
    3.16200E+02    3.66757E-01    6.92978E-01
    3.16300E+02    4.38095E-01    6.45264E-01
    3.16400E+02    3.90409E-01    6.76780E-01
    3.16500E+02    3.66073E-01    6.93452E-01
    3.16600E+02    3.63321E-01    6.95363E-01
    3.16700E+02    3.70894E-01    6.90117E-01
    3.16800E+02    3.63736E-01    6.95075E-01
    3.16900E+02    3.65215E-01    6.94048E-01
    3.17000E+02    3.68444E-01    6.91810E-01
    3.17100E+02    3.73906E-01    6.88041E-01
    3.17200E+02    3.94589E-01    6.73957E-01
    3.17300E+02    3.80510E-01    6.83513E-01
    3.17400E+02    3.82267E-01    6.82313E-01
    3.17500E+02    3.85661E-01    6.80001E-01
    3.17600E+02    3.89657E-01    6.77289E-01
    3.17700E+02    3.94023E-01    6.74338E-01
    3.17800E+02    3.98652E-01    6.71224E-01
    3.17900E+02    4.03514E-01    6.67969E-01
    3.18000E+02    4.08637E-01    6.64556E-01
    3.18100E+02    4.14063E-01    6.60959E-01
    3.18200E+02    4.19656E-01    6.57273E-01
    3.18300E+02    4.25566E-01    6.53400E-01
    3.18400E+02    4.31770E-01    6.49359E-01
    3.18500E+02    4.38314E-01    6.45123E-01
    3.18600E+02    4.45076E-01    6.40776E-01
    3.18700E+02    4.52244E-01    6.36199E-01
    3.18800E+02    4.59782E-01    6.31421E-01
    3.18900E+02    4.67720E-01    6.26429E-01
    3.19000E+02    4.76082E-01    6.21212E-01
    3.19100E+02    4.84924E-01    6.15744E-01
    3.19200E+02    4.94374E-01    6.09953E-01
    3.19300E+02    5.04304E-01    6.03925E-01
    3.19400E+02    5.15013E-01    5.97493E-01
    3.19500E+02    5.26281E-01    5.90798E-01
    3.19600E+02    5.38763E-01    5.83470E-01
    3.19700E+02    5.52985E-01    5.75230E-01
    3.19800E+02    5.70775E-01    5.65088E-01
    3.19900E+02    6.00663E-01    5.48448E-01
    3.20000E+02    7.51091E-01    4.71852E-01
    3.20100E+02    6.27850E-01    5.33738E-01
    3.20200E+02    6.28713E-01    5.33278E-01
    3.20300E+02    6.40666E-01    5.26941E-01
    3.20400E+02    6.56198E-01    5.18820E-01
    3.20500E+02    6.73525E-01    5.09908E-01
    3.20600E+02    6.92300E-01    5.00424E-01
    3.20700E+02    7.12081E-01    4.90622E-01
    3.20800E+02    7.32806E-01    4.80559E-01
    3.20900E+02    7.54267E-01    4.70355E-01
    3.21000E+02    7.76338E-01    4.60088E-01
    3.21100E+02    7.98927E-01    4.49811E-01
    3.21200E+02    8.21702E-01    4.39683E-01
    3.21300E+02    8.44820E-01    4.29635E-01
    3.21400E+02    8.68542E-01    4.19563E-01
    3.21500E+02    8.93229E-01    4.09332E-01
    3.21600E+02    9.18978E-01    3.98927E-01
    3.21700E+02    9.46388E-01    3.88140E-01
    3.21800E+02    9.75744E-01    3.76912E-01
    3.21900E+02    1.00753E+00    3.65120E-01
    3.22000E+02    1.04428E+00    3.51944E-01
    3.22100E+02    1.07921E+00    3.39865E-01
    3.22200E+02    1.11868E+00    3.26711E-01
    3.22300E+02    1.16169E+00    3.12958E-01
    3.22400E+02    1.20869E+00    2.98587E-01
    3.22500E+02    1.25977E+00    2.83719E-01
    3.22600E+02    1.31522E+00    2.68414E-01
    3.22700E+02    1.37561E+00    2.52685E-01
    3.22800E+02    1.44078E+00    2.36744E-01
    3.22900E+02    1.51178E+00    2.20518E-01
    3.23000E+02    1.58890E+00    2.04150E-01
    3.23100E+02    1.67265E+00    1.87748E-01
    3.23200E+02    1.76360E+00    1.71427E-01
    3.23300E+02    1.86226E+00    1.55322E-01
    3.23400E+02    1.96925E+00    1.39562E-01
    3.23500E+02    2.08517E+00    1.24287E-01
    3.23600E+02    2.21072E+00    1.09622E-01
    3.23700E+02    2.35127E+00    9.52477E-02
    3.23800E+02    2.49087E+00    8.28377E-02
    3.23900E+02    2.64577E+00    7.09508E-02
    3.24000E+02    2.81119E+00    6.01334E-02
    3.24100E+02    2.98649E+00    5.04643E-02
    3.24200E+02    3.17105E+00    4.19597E-02
    3.24300E+02    3.36279E+00    3.46383E-02
    3.24400E+02    3.55971E+00    2.84470E-02
    3.24500E+02    3.75856E+00    2.33173E-02
    3.24600E+02    3.95506E+00    1.91576E-02
    3.24700E+02    4.14343E+00    1.58684E-02
    3.24800E+02    4.31655E+00    1.33459E-02
    3.24900E+02    4.46614E+00    1.14915E-02
    3.25000E+02    4.58205E+00    1.02339E-02
    3.25100E+02    4.65286E+00    9.53426E-03
    3.25200E+02    4.65764E+00    9.48884E-03
    3.25300E+02    4.59479E+00    1.01044E-02
    3.25400E+02    4.48605E+00    1.12650E-02
    3.25500E+02    4.34239E+00    1.30054E-02
    3.25600E+02    4.17435E+00    1.53851E-02
    3.25700E+02    3.98985E+00    1.85025E-02
    3.25800E+02    3.79665E+00    2.24457E-02
    3.25900E+02    3.60019E+00    2.73184E-02
    3.26000E+02    3.40510E+00    3.32035E-02
    3.26100E+02    3.21455E+00    4.01734E-02
    3.26200E+02    3.03092E+00    4.82712E-02
    3.26300E+02    2.85633E+00    5.74792E-02
    3.26400E+02    2.69256E+00    6.77074E-02
    3.26500E+02    2.54034E+00    7.88398E-02
    3.26600E+02    2.39589E+00    9.10918E-02
    3.26700E+02    2.26909E+00    1.03407E-01
    3.26800E+02    2.17251E+00    1.13892E-01
    3.26900E+02    2.32608E+00    9.76783E-02
    3.27000E+02    1.94720E+00    1.42674E-01
    3.27100E+02    1.81567E+00    1.62728E-01
    3.27200E+02    1.71276E+00    1.80367E-01
    3.27300E+02    1.62243E+00    1.97419E-01
    3.27400E+02    1.54077E+00    2.14217E-01
    3.27500E+02    1.46627E+00    2.30784E-01
    3.27600E+02    1.39840E+00    2.46992E-01
    3.27700E+02    1.33828E+00    2.62295E-01
    3.27800E+02    1.29210E+00    2.74693E-01
    3.27900E+02    1.23444E+00    2.90999E-01
    3.28000E+02    1.17320E+00    3.09375E-01
    3.28100E+02    1.12373E+00    3.25065E-01
    3.28200E+02    1.07920E+00    3.39867E-01
    3.28300E+02    1.03818E+00    3.54099E-01
    3.28400E+02    1.00016E+00    3.67821E-01
    3.28500E+02    9.64898E-01    3.81022E-01
    3.28600E+02    9.31885E-01    3.93811E-01
    3.28700E+02    9.01098E-01    4.06123E-01
    3.28800E+02    8.72391E-01    4.17951E-01
    3.28900E+02    8.45495E-01    4.29345E-01
    3.29000E+02    8.20338E-01    4.40283E-01
    3.29100E+02    7.96812E-01    4.50764E-01
    3.29200E+02    7.74591E-01    4.60892E-01
    3.29300E+02    7.53874E-01    4.70540E-01
    3.29400E+02    7.34142E-01    4.79917E-01
    3.29500E+02    7.15697E-01    4.88851E-01
    3.29600E+02    6.98439E-01    4.97361E-01
    3.29700E+02    6.82114E-01    5.05547E-01
    3.29800E+02    6.67519E-01    5.12980E-01
    3.29900E+02    6.51908E-01    5.21051E-01
    3.30000E+02    6.37959E-01    5.28370E-01
    3.30100E+02    6.24855E-01    5.35339E-01
    3.30200E+02    6.12470E-01    5.42010E-01
    3.30300E+02    6.00733E-01    5.48409E-01
    3.30400E+02    5.89619E-01    5.54538E-01
    3.30500E+02    5.79053E-01    5.60429E-01
    3.30600E+02    5.69055E-01    5.66060E-01
    3.30700E+02    5.59553E-01    5.71465E-01
    3.30800E+02    5.50505E-01    5.76659E-01
    3.30900E+02    5.41928E-01    5.81626E-01
    3.31000E+02    5.33808E-01    5.86368E-01
    3.31100E+02    5.26048E-01    5.90936E-01
    3.31200E+02    5.18628E-01    5.95337E-01
    3.31300E+02    5.11603E-01    5.99534E-01
    3.31400E+02    5.04929E-01    6.03549E-01
    3.31500E+02    4.98620E-01    6.07368E-01
    3.31600E+02    4.92640E-01    6.11011E-01
    3.31700E+02    4.87040E-01    6.14443E-01
    3.31800E+02    4.82409E-01    6.17294E-01
    3.31900E+02    4.76631E-01    6.20872E-01
    3.32000E+02    4.71915E-01    6.23807E-01
    3.32100E+02    4.67863E-01    6.26339E-01
    3.32200E+02    4.64104E-01    6.28698E-01
    3.32300E+02    4.61405E-01    6.30397E-01
    3.32400E+02    4.60431E-01    6.31012E-01
    3.32500E+02    4.63506E-01    6.29074E-01
    3.32600E+02    4.80656E-01    6.18378E-01
    3.32700E+02    6.48976E-01    5.22581E-01
    3.32800E+02    4.92097E-01    6.11343E-01
    3.32900E+02    5.02766E-01    6.04856E-01
    3.33000E+02    4.49094E-01    6.38206E-01
    3.33100E+02    4.35840E-01    6.46721E-01
    3.33200E+02    4.28604E-01    6.51418E-01
    3.33300E+02    4.23453E-01    6.54782E-01
    3.33400E+02    4.19305E-01    6.57503E-01
    3.33500E+02    4.15683E-01    6.59889E-01
    3.33600E+02    4.12468E-01    6.62014E-01
    3.33700E+02    4.09503E-01    6.63980E-01
    3.33800E+02    4.06777E-01    6.65793E-01
    3.33900E+02    4.04292E-01    6.67449E-01
    3.34000E+02    4.01925E-01    6.69031E-01
    3.34100E+02    3.99439E-01    6.70696E-01
    3.34200E+02    3.97206E-01    6.72195E-01
    3.34300E+02    3.95132E-01    6.73591E-01
    3.34400E+02    3.93134E-01    6.74939E-01
    3.34500E+02    3.91272E-01    6.76196E-01
    3.34600E+02    3.89512E-01    6.77388E-01
    3.34700E+02    3.87884E-01    6.78491E-01
    3.34800E+02    3.86382E-01    6.79511E-01
    3.34900E+02    3.85122E-01    6.80368E-01
    3.35000E+02    3.84283E-01    6.80939E-01
    3.35100E+02    3.84589E-01    6.80730E-01
    3.35200E+02    3.89685E-01    6.77270E-01
    3.35300E+02    3.99448E-01    6.70690E-01
    3.35400E+02    3.81902E-01    6.82562E-01
    3.35500E+02    3.77758E-01    6.85396E-01
    3.35600E+02    3.75574E-01    6.86895E-01
    3.35700E+02    3.74264E-01    6.87795E-01
    3.35800E+02    3.72311E-01    6.89140E-01
    3.35900E+02    3.71387E-01    6.89777E-01
    3.36000E+02    3.69683E-01    6.90953E-01
    3.36100E+02    3.68448E-01    6.91807E-01
    3.36200E+02    3.67702E-01    6.92323E-01
    3.36300E+02    3.66210E-01    6.93357E-01
    3.36400E+02    3.65124E-01    6.94111E-01
    3.36500E+02    3.64115E-01    6.94811E-01
    3.36600E+02    3.63166E-01    6.95471E-01
    3.36700E+02    3.62250E-01    6.96109E-01
    3.36800E+02    3.61382E-01    6.96713E-01
    3.36900E+02    3.60565E-01    6.97282E-01
    3.37000E+02    3.59767E-01    6.97839E-01
    3.37100E+02    3.59138E-01    6.98278E-01
    3.37200E+02    3.58410E-01    6.98787E-01
    3.37300E+02    3.57673E-01    6.99302E-01
    3.37400E+02    3.57005E-01    6.99769E-01
    3.37500E+02    3.56509E-01    7.00116E-01
    3.37600E+02    3.56238E-01    7.00306E-01
    3.37700E+02    3.55406E-01    7.00889E-01
    3.37800E+02    3.54614E-01    7.01444E-01
    3.37900E+02    3.54027E-01    7.01856E-01
    3.38000E+02    3.53503E-01    7.02224E-01
    3.38100E+02    3.53033E-01    7.02554E-01
    3.38200E+02    3.52579E-01    7.02873E-01
    3.38300E+02    3.52224E-01    7.03122E-01
    3.38400E+02    3.51817E-01    7.03409E-01
    3.38500E+02    3.51436E-01    7.03677E-01
    3.38600E+02    3.51234E-01    7.03819E-01
    3.38700E+02    3.52261E-01    7.03096E-01
    3.38800E+02    3.50788E-01    7.04133E-01
    3.38900E+02    3.50162E-01    7.04574E-01
    3.39000E+02    3.49745E-01    7.04868E-01
    3.39100E+02    3.49429E-01    7.05091E-01
    3.39200E+02    3.49155E-01    7.05284E-01
    3.39300E+02    3.48905E-01    7.05460E-01
    3.39400E+02    3.48678E-01    7.05620E-01
    3.39500E+02    3.48469E-01    7.05768E-01
    3.39600E+02    3.48280E-01    7.05901E-01
    3.39700E+02    3.48108E-01    7.06023E-01
    3.39800E+02    3.47967E-01    7.06122E-01
    3.39900E+02    3.47851E-01    7.06204E-01
    3.40000E+02    3.47694E-01    7.06315E-01
    3.40100E+02    3.47577E-01    7.06397E-01
    3.40200E+02    3.47481E-01    7.06465E-01
    3.40300E+02    3.47401E-01    7.06522E-01
    3.40400E+02    3.47339E-01    7.06566E-01
    3.40500E+02    3.47305E-01    7.06590E-01
    3.40600E+02    3.47364E-01    7.06548E-01
    3.40700E+02    3.47650E-01    7.06346E-01
    3.40800E+02    3.47251E-01    7.06628E-01
    3.40900E+02    3.47203E-01    7.06662E-01
    3.41000E+02    3.47197E-01    7.06666E-01
    3.41100E+02    3.47214E-01    7.06654E-01
    3.41200E+02    3.47247E-01    7.06631E-01
    3.41300E+02    3.47295E-01    7.06597E-01
    3.41400E+02    3.47357E-01    7.06553E-01
    3.41500E+02    3.47435E-01    7.06498E-01
    3.41600E+02    3.47529E-01    7.06432E-01
    3.41700E+02    3.47644E-01    7.06350E-01
    3.41800E+02    3.47807E-01    7.06235E-01
    3.41900E+02    3.48145E-01    7.05997E-01
    3.42000E+02    3.48145E-01    7.05996E-01
    3.42100E+02    3.48781E-01    7.05547E-01
    3.42200E+02    3.48487E-01    7.05755E-01
    3.42300E+02    3.48687E-01    7.05614E-01
    3.42400E+02    3.48941E-01    7.05435E-01
    3.42500E+02    3.49287E-01    7.05191E-01
    3.42600E+02    3.49614E-01    7.04960E-01
    3.42700E+02    3.50113E-01    7.04609E-01
    3.42800E+02    3.50838E-01    7.04098E-01
    3.42900E+02    3.51972E-01    7.03300E-01
    3.43000E+02    3.54251E-01    7.01699E-01
    3.43100E+02    3.60782E-01    6.97131E-01
    3.43200E+02    3.87976E-01    6.78429E-01
    3.43300E+02    3.69327E-01    6.91199E-01
    3.43400E+02    3.59262E-01    6.98192E-01
    3.43500E+02    3.69090E-01    6.91363E-01
    3.43600E+02    3.55825E-01    7.00595E-01
    3.43700E+02    3.53658E-01    7.02115E-01
    3.43800E+02    3.53003E-01    7.02575E-01
    3.43900E+02    3.52823E-01    7.02702E-01
    3.44000E+02    3.52790E-01    7.02725E-01
    3.44100E+02    3.52882E-01    7.02660E-01
    3.44200E+02    3.53038E-01    7.02551E-01
    3.44300E+02    3.53239E-01    7.02409E-01
    3.44400E+02    3.53479E-01    7.02241E-01
    3.44500E+02    3.53749E-01    7.02051E-01
    3.44600E+02    3.54064E-01    7.01830E-01
    3.44700E+02    3.54364E-01    7.01620E-01
    3.44800E+02    3.54731E-01    7.01362E-01
    3.44900E+02    3.55071E-01    7.01123E-01
    3.45000E+02    3.55345E-01    7.00932E-01
    3.45100E+02    3.55682E-01    7.00695E-01
    3.45200E+02    3.56042E-01    7.00443E-01
    3.45300E+02    3.56410E-01    7.00185E-01
    3.45400E+02    3.56794E-01    6.99917E-01
    3.45500E+02    3.57185E-01    6.99643E-01
    3.45600E+02    3.57588E-01    6.99361E-01
    3.45700E+02    3.57998E-01    6.99075E-01
    3.45800E+02    3.58416E-01    6.98782E-01
    3.45900E+02    3.58847E-01    6.98481E-01
    3.46000E+02    3.59284E-01    6.98176E-01
    3.46100E+02    3.59745E-01    6.97854E-01
    3.46200E+02    3.60201E-01    6.97536E-01
    3.46300E+02    3.60644E-01    6.97227E-01
    3.46400E+02    3.61122E-01    6.96894E-01
    3.46500E+02    3.61583E-01    6.96573E-01
    3.46600E+02    3.62091E-01    6.96219E-01
    3.46700E+02    3.62577E-01    6.95881E-01
    3.46800E+02    3.63120E-01    6.95503E-01
    3.46900E+02    3.63696E-01    6.95103E-01
    3.47000E+02    3.64133E-01    6.94799E-01
    3.47100E+02    3.64687E-01    6.94414E-01
    3.47200E+02    3.65452E-01    6.93883E-01
    3.47300E+02    3.65817E-01    6.93630E-01
    3.47400E+02    3.66260E-01    6.93322E-01
    3.47500E+02    3.66791E-01    6.92954E-01
    3.47600E+02    3.67367E-01    6.92556E-01
    3.47700E+02    3.67988E-01    6.92126E-01
    3.47800E+02    3.68941E-01    6.91466E-01
    3.47900E+02    3.69167E-01    6.91310E-01
    3.48000E+02    3.69796E-01    6.90875E-01
    3.48100E+02    3.70315E-01    6.90517E-01
    3.48200E+02    3.70916E-01    6.90102E-01
    3.48300E+02    3.71518E-01    6.89687E-01
    3.48400E+02    3.72154E-01    6.89248E-01
    3.48500E+02    3.72814E-01    6.88793E-01
    3.48600E+02    3.73546E-01    6.88289E-01
    3.48700E+02    3.74097E-01    6.87910E-01
    3.48800E+02    3.74770E-01    6.87447E-01
    3.48900E+02    3.75449E-01    6.86981E-01
    3.49000E+02    3.76409E-01    6.86322E-01
    3.49100E+02    3.76840E-01    6.86026E-01
    3.49200E+02    3.77548E-01    6.85540E-01
    3.49300E+02    3.78298E-01    6.85027E-01
    3.49400E+02    3.79127E-01    6.84458E-01
    3.49500E+02    3.80185E-01    6.83735E-01
    3.49600E+02    3.81283E-01    6.82984E-01
    3.49700E+02    3.83776E-01    6.81284E-01
    3.49800E+02    3.84062E-01    6.81089E-01
    3.49900E+02    3.83340E-01    6.81581E-01
