    1.49900E+02    4.37009E-02    9.57240E-01
    1.50000E+02    4.37831E-02    9.57162E-01
    1.50100E+02    4.38618E-02    9.57086E-01
    1.50200E+02    4.38897E-02    9.57060E-01
    1.50300E+02    4.39639E-02    9.56988E-01
    1.50400E+02    4.40097E-02    9.56945E-01
    1.50500E+02    4.40729E-02    9.56884E-01
    1.50600E+02    4.41400E-02    9.56820E-01
    1.50700E+02    4.42105E-02    9.56753E-01
    1.50800E+02    4.42808E-02    9.56685E-01
    1.50900E+02    4.43524E-02    9.56617E-01
    1.51000E+02    4.44248E-02    9.56547E-01
    1.51100E+02    4.45017E-02    9.56474E-01
    1.51200E+02    4.45735E-02    9.56405E-01
    1.51300E+02    4.46494E-02    9.56333E-01
    1.51400E+02    4.47242E-02    9.56261E-01
    1.51500E+02    4.47996E-02    9.56189E-01
    1.51600E+02    4.48772E-02    9.56115E-01
    1.51700E+02    4.49524E-02    9.56043E-01
    1.51800E+02    4.50281E-02    9.55971E-01
    1.51900E+02    4.51062E-02    9.55896E-01
    1.52000E+02    4.51831E-02    9.55822E-01
    1.52100E+02    4.52626E-02    9.55746E-01
    1.52200E+02    4.53362E-02    9.55676E-01
    1.52300E+02    4.54179E-02    9.55598E-01
    1.52400E+02    4.54999E-02    9.55520E-01
    1.52500E+02    4.55866E-02    9.55437E-01
    1.52600E+02    4.56702E-02    9.55357E-01
    1.52700E+02    4.57590E-02    9.55272E-01
    1.52800E+02    4.58498E-02    9.55185E-01
    1.52900E+02    4.59466E-02    9.55093E-01
    1.53000E+02    4.60521E-02    9.54992E-01
    1.53100E+02    4.61600E-02    9.54889E-01
    1.53200E+02    4.62725E-02    9.54782E-01
    1.53300E+02    4.64035E-02    9.54657E-01
    1.53400E+02    4.65635E-02    9.54504E-01
    1.53500E+02    4.67801E-02    9.54297E-01
    1.53600E+02    4.71174E-02    9.53975E-01
    1.53700E+02    4.82650E-02    9.52881E-01
    1.53800E+02    4.82862E-02    9.52861E-01
    1.53900E+02    5.01237E-02    9.51112E-01
    1.54000E+02    5.39483E-02    9.47481E-01
    1.54100E+02    5.20714E-02    9.49261E-01
    1.54200E+02    4.87657E-02    9.52404E-01
    1.54300E+02    4.80005E-02    9.53133E-01
    1.54400E+02    4.77251E-02    9.53396E-01
    1.54500E+02    4.76344E-02    9.53482E-01
    1.54600E+02    4.76254E-02    9.53491E-01
    1.54700E+02    4.76754E-02    9.53443E-01
    1.54800E+02    4.77276E-02    9.53393E-01
    1.54900E+02    4.77906E-02    9.53333E-01
    1.55000E+02    4.78684E-02    9.53259E-01
    1.55100E+02    4.79500E-02    9.53181E-01
    1.55200E+02    4.80368E-02    9.53099E-01
    1.55300E+02    4.81266E-02    9.53013E-01
    1.55400E+02    4.82220E-02    9.52922E-01
    1.55500E+02    4.83219E-02    9.52827E-01
    1.55600E+02    4.84263E-02    9.52728E-01
    1.55700E+02    4.85388E-02    9.52620E-01
    1.55800E+02    4.86645E-02    9.52501E-01
    1.55900E+02    4.88358E-02    9.52337E-01
    1.56000E+02    4.90932E-02    9.52092E-01
    1.56100E+02    5.07989E-02    9.50470E-01
    1.56200E+02    4.93451E-02    9.51853E-01
    1.56300E+02    4.92548E-02    9.51939E-01
    1.56400E+02    4.93233E-02    9.51873E-01
    1.56500E+02    4.95244E-02    9.51682E-01
    1.56600E+02    4.95083E-02    9.51697E-01
    1.56700E+02    4.96087E-02    9.51602E-01
    1.56800E+02    4.97004E-02    9.51514E-01
    1.56900E+02    4.98077E-02    9.51412E-01
    1.57000E+02    4.99351E-02    9.51291E-01
    1.57100E+02    5.00415E-02    9.51190E-01
    1.57200E+02    5.01795E-02    9.51059E-01
    1.57300E+02    5.03707E-02    9.50877E-01
    1.57400E+02    5.04009E-02    9.50848E-01
    1.57500E+02    5.05089E-02    9.50745E-01
    1.57600E+02    5.06274E-02    9.50633E-01
    1.57700E+02    5.07497E-02    9.50517E-01
    1.57800E+02    5.08729E-02    9.50399E-01
    1.57900E+02    5.09989E-02    9.50280E-01
    1.58000E+02    5.11272E-02    9.50158E-01
    1.58100E+02    5.12581E-02    9.50033E-01
    1.58200E+02    5.13893E-02    9.49909E-01
    1.58300E+02    5.15277E-02    9.49777E-01
    1.58400E+02    5.16734E-02    9.49639E-01
    1.58500E+02    5.18987E-02    9.49425E-01
    1.58600E+02    5.20024E-02    9.49327E-01
    1.58700E+02    5.20720E-02    9.49261E-01
    1.58800E+02    5.22025E-02    9.49137E-01
    1.58900E+02    5.23369E-02    9.49009E-01
    1.59000E+02    5.24763E-02    9.48877E-01
    1.59100E+02    5.26282E-02    9.48733E-01
    1.59200E+02    5.27829E-02    9.48586E-01
    1.59300E+02    5.29194E-02    9.48456E-01
    1.59400E+02    5.30577E-02    9.48325E-01
    1.59500E+02    5.32281E-02    9.48164E-01
    1.59600E+02    5.33609E-02    9.48038E-01
    1.59700E+02    5.34978E-02    9.47908E-01
    1.59800E+02    5.36526E-02    9.47761E-01
    1.59900E+02    5.38202E-02    9.47603E-01
    1.60000E+02    5.39731E-02    9.47458E-01
    1.60100E+02    5.41217E-02    9.47317E-01
    1.60200E+02    5.42809E-02    9.47166E-01
    1.60300E+02    5.44342E-02    9.47021E-01
    1.60400E+02    5.46102E-02    9.46854E-01
    1.60500E+02    5.47662E-02    9.46706E-01
    1.60600E+02    5.49266E-02    9.46555E-01
    1.60700E+02    5.50943E-02    9.46396E-01
    1.60800E+02    5.52618E-02    9.46237E-01
    1.60900E+02    5.54331E-02    9.46075E-01
    1.61000E+02    5.56085E-02    9.45909E-01
    1.61100E+02    5.57866E-02    9.45741E-01
    1.61200E+02    5.59696E-02    9.45568E-01
    1.61300E+02    5.61578E-02    9.45390E-01
    1.61400E+02    5.63281E-02    9.45229E-01
    1.61500E+02    5.65105E-02    9.45057E-01
    1.61600E+02    5.66960E-02    9.44881E-01
    1.61700E+02    5.68874E-02    9.44700E-01
    1.61800E+02    5.70776E-02    9.44521E-01
    1.61900E+02    5.72737E-02    9.44336E-01
    1.62000E+02    5.74696E-02    9.44151E-01
    1.62100E+02    5.76691E-02    9.43962E-01
    1.62200E+02    5.78715E-02    9.43771E-01
    1.62300E+02    5.80832E-02    9.43571E-01
    1.62400E+02    5.82838E-02    9.43382E-01
    1.62500E+02    5.84948E-02    9.43183E-01
    1.62600E+02    5.87093E-02    9.42981E-01
    1.62700E+02    5.89252E-02    9.42777E-01
    1.62800E+02    5.91468E-02    9.42568E-01
    1.62900E+02    5.93720E-02    9.42356E-01
    1.63000E+02    5.96033E-02    9.42138E-01
    1.63100E+02    5.98442E-02    9.41911E-01
    1.63200E+02    6.01205E-02    9.41651E-01
    1.63300E+02    6.03752E-02    9.41411E-01
    1.63400E+02    6.05678E-02    9.41230E-01
    1.63500E+02    6.08097E-02    9.41002E-01
    1.63600E+02    6.10675E-02    9.40760E-01
    1.63700E+02    6.13265E-02    9.40516E-01
    1.63800E+02    6.15983E-02    9.40261E-01
    1.63900E+02    6.18813E-02    9.39995E-01
    1.64000E+02    6.21799E-02    9.39714E-01
    1.64100E+02    6.24850E-02    9.39427E-01
    1.64200E+02    6.28177E-02    9.39115E-01
    1.64300E+02    6.31809E-02    9.38774E-01
    1.64400E+02    6.35912E-02    9.38389E-01
    1.64500E+02    6.40812E-02    9.37929E-01
    1.64600E+02    6.47264E-02    9.37324E-01
    1.64700E+02    6.57546E-02    9.36361E-01
    1.64800E+02    6.78151E-02    9.34433E-01
    1.64900E+02    7.46091E-02    9.28106E-01
    1.65000E+02    7.54948E-02    9.27285E-01
    1.65100E+02    6.89604E-02    9.33364E-01
    1.65200E+02    6.79253E-02    9.34330E-01
    1.65300E+02    6.80335E-02    9.34229E-01
    1.65400E+02    6.87412E-02    9.33568E-01
    1.65500E+02    7.02699E-02    9.32142E-01
    1.65600E+02    7.37137E-02    9.28938E-01
    1.65700E+02    8.49317E-02    9.18575E-01
    1.65800E+02    1.27449E-01    8.80338E-01
    1.65900E+02    8.02391E-02    9.22896E-01
    1.66000E+02    7.34835E-02    9.29151E-01
    1.66100E+02    7.14013E-02    9.31088E-01
    1.66200E+02    7.08982E-02    9.31557E-01
    1.66300E+02    7.03185E-02    9.32097E-01
    1.66400E+02    7.02437E-02    9.32167E-01
    1.66500E+02    7.03671E-02    9.32052E-01
    1.66600E+02    7.07084E-02    9.31734E-01
    1.66700E+02    7.07798E-02    9.31667E-01
    1.66800E+02    7.10420E-02    9.31423E-01
    1.66900E+02    7.13540E-02    9.31132E-01
    1.67000E+02    7.17018E-02    9.30808E-01
    1.67100E+02    7.20928E-02    9.30445E-01
    1.67200E+02    7.25203E-02    9.30047E-01
    1.67300E+02    7.30347E-02    9.29569E-01
    1.67400E+02    7.37374E-02    9.28916E-01
    1.67500E+02    7.53126E-02    9.27453E-01
    1.67600E+02    7.78569E-02    9.25097E-01
    1.67700E+02    7.52847E-02    9.27479E-01
    1.67800E+02    7.51696E-02    9.27586E-01
    1.67900E+02    7.54099E-02    9.27363E-01
    1.68000E+02    7.57635E-02    9.27035E-01
    1.68100E+02    7.61691E-02    9.26660E-01
    1.68200E+02    7.66025E-02    9.26258E-01
    1.68300E+02    7.70602E-02    9.25834E-01
    1.68400E+02    7.75345E-02    9.25395E-01
    1.68500E+02    7.80248E-02    9.24941E-01
    1.68600E+02    7.85325E-02    9.24472E-01
    1.68700E+02    7.90587E-02    9.23986E-01
    1.68800E+02    7.96216E-02    9.23466E-01
    1.68900E+02    8.03390E-02    9.22803E-01
    1.69000E+02    8.11572E-02    9.22049E-01
    1.69100E+02    8.13194E-02    9.21899E-01
    1.69200E+02    8.18096E-02    9.21447E-01
    1.69300E+02    8.23719E-02    9.20929E-01
    1.69400E+02    8.29535E-02    9.20394E-01
    1.69500E+02    8.35599E-02    9.19836E-01
    1.69600E+02    8.41923E-02    9.19254E-01
    1.69700E+02    8.48288E-02    9.18670E-01
    1.69800E+02    8.55202E-02    9.18035E-01
    1.69900E+02    8.61963E-02    9.17414E-01
    1.70000E+02    8.69353E-02    9.16736E-01
    1.70100E+02    8.75007E-02    9.16218E-01
    1.70200E+02    8.82000E-02    9.15578E-01
    1.70300E+02    8.90414E-02    9.14808E-01
    1.70400E+02    8.96495E-02    9.14252E-01
    1.70500E+02    9.03960E-02    9.13569E-01
    1.70600E+02    9.11634E-02    9.12869E-01
    1.70700E+02    9.19537E-02    9.12147E-01
    1.70800E+02    9.27632E-02    9.11409E-01
    1.70900E+02    9.35975E-02    9.10649E-01
    1.71000E+02    9.44631E-02    9.09861E-01
    1.71100E+02    9.53569E-02    9.09048E-01
    1.71200E+02    9.62825E-02    9.08207E-01
    1.71300E+02    9.72987E-02    9.07285E-01
    1.71400E+02    9.91787E-02    9.05581E-01
    1.71500E+02    9.92092E-02    9.05553E-01
    1.71600E+02    1.00024E-01    9.04816E-01
    1.71700E+02    1.00961E-01    9.03969E-01
    1.71800E+02    1.01961E-01    9.03065E-01
    1.71900E+02    1.02999E-01    9.02128E-01
    1.72000E+02    1.04068E-01    9.01164E-01
    1.72100E+02    1.05164E-01    9.00177E-01
    1.72200E+02    1.06293E-01    8.99161E-01
    1.72300E+02    1.07450E-01    8.98121E-01
    1.72400E+02    1.08641E-01    8.97052E-01
    1.72500E+02    1.09866E-01    8.95954E-01
    1.72600E+02    1.11125E-01    8.94827E-01
    1.72700E+02    1.12423E-01    8.93666E-01
    1.72800E+02    1.13775E-01    8.92459E-01
    1.72900E+02    1.15136E-01    8.91245E-01
    1.73000E+02    1.16560E-01    8.89977E-01
    1.73100E+02    1.18047E-01    8.88654E-01
    1.73200E+02    1.19628E-01    8.87251E-01
    1.73300E+02    1.21450E-01    8.85635E-01
    1.73400E+02    1.23668E-01    8.83673E-01
    1.73500E+02    1.28227E-01    8.79654E-01
    1.73600E+02    1.26585E-01    8.81099E-01
    1.73700E+02    1.27802E-01    8.80028E-01
    1.73800E+02    1.29392E-01    8.78629E-01
    1.73900E+02    1.31128E-01    8.77105E-01
    1.74000E+02    1.32962E-01    8.75499E-01
    1.74100E+02    1.34865E-01    8.73834E-01
    1.74200E+02    1.36850E-01    8.72101E-01
    1.74300E+02    1.38894E-01    8.70320E-01
    1.74400E+02    1.41018E-01    8.68474E-01
    1.74500E+02    1.43232E-01    8.66553E-01
    1.74600E+02    1.45512E-01    8.64579E-01
    1.74700E+02    1.47885E-01    8.62531E-01
    1.74800E+02    1.50378E-01    8.60382E-01
    1.74900E+02    1.53028E-01    8.58106E-01
    1.75000E+02    1.55949E-01    8.55603E-01
    1.75100E+02    1.59702E-01    8.52398E-01
    1.75200E+02    1.67211E-01    8.46021E-01
    1.75300E+02    1.66043E-01    8.47010E-01
    1.75400E+02    1.72234E-01    8.41782E-01
    1.75500E+02    1.74337E-01    8.40013E-01
    1.75600E+02    1.74164E-01    8.40159E-01
    1.75700E+02    1.76641E-01    8.38081E-01
    1.75800E+02    1.79712E-01    8.35511E-01
    1.75900E+02    1.83085E-01    8.32697E-01
    1.76000E+02    1.86656E-01    8.29729E-01
    1.76100E+02    1.90411E-01    8.26619E-01
    1.76200E+02    1.94349E-01    8.23370E-01
    1.76300E+02    1.98458E-01    8.19994E-01
    1.76400E+02    2.02922E-01    8.16342E-01
    1.76500E+02    2.07189E-01    8.12866E-01
    1.76600E+02    2.11810E-01    8.09118E-01
    1.76700E+02    2.16640E-01    8.05220E-01
    1.76800E+02    2.21699E-01    8.01157E-01
    1.76900E+02    2.26973E-01    7.96942E-01
    1.77000E+02    2.32486E-01    7.92561E-01
    1.77100E+02    2.38233E-01    7.88019E-01
    1.77200E+02    2.44238E-01    7.83301E-01
    1.77300E+02    2.50516E-01    7.78399E-01
    1.77400E+02    2.57104E-01    7.73288E-01
    1.77500E+02    2.63977E-01    7.67991E-01
    1.77600E+02    2.71192E-01    7.62470E-01
    1.77700E+02    2.78760E-01    7.56722E-01
    1.77800E+02    2.86699E-01    7.50738E-01
    1.77900E+02    2.95031E-01    7.44509E-01
    1.78000E+02    3.03774E-01    7.38028E-01
    1.78100E+02    3.12975E-01    7.31268E-01
    1.78200E+02    3.22649E-01    7.24228E-01
    1.78300E+02    3.32830E-01    7.16892E-01
    1.78400E+02    3.43576E-01    7.09229E-01
    1.78500E+02    3.54965E-01    7.01198E-01
    1.78600E+02    3.67112E-01    6.92732E-01
    1.78700E+02    3.79495E-01    6.84207E-01
    1.78800E+02    3.92722E-01    6.75216E-01
    1.78900E+02    4.06782E-01    6.65789E-01
    1.79000E+02    4.21676E-01    6.55946E-01
    1.79100E+02    4.37458E-01    6.45675E-01
    1.79200E+02    4.54194E-01    6.34959E-01
    1.79300E+02    4.71969E-01    6.23773E-01
    1.79400E+02    4.90829E-01    6.12119E-01
    1.79500E+02    5.10909E-01    5.99950E-01
    1.79600E+02    5.32263E-01    5.87274E-01
    1.79700E+02    5.55024E-01    5.74058E-01
    1.79800E+02    5.79289E-01    5.60297E-01
    1.79900E+02    6.05252E-01    5.45937E-01
    1.80000E+02    6.34000E-01    5.30465E-01
    1.80100E+02    6.62448E-01    5.15588E-01
    1.80200E+02    6.93973E-01    4.99587E-01
    1.80300E+02    7.27804E-01    4.82969E-01
    1.80400E+02    7.64090E-01    4.65758E-01
    1.80500E+02    8.03017E-01    4.47975E-01
    1.80600E+02    8.44823E-01    4.29633E-01
    1.80700E+02    8.89734E-01    4.10765E-01
    1.80800E+02    9.38004E-01    3.91408E-01
    1.80900E+02    9.89936E-01    3.71600E-01
    1.81000E+02    1.04585E+00    3.51392E-01
    1.81100E+02    1.10597E+00    3.30888E-01
    1.81200E+02    1.17070E+00    3.10149E-01
    1.81300E+02    1.24038E+00    2.89274E-01
    1.81400E+02    1.31539E+00    2.68370E-01
    1.81500E+02    1.39602E+00    2.47581E-01
    1.81600E+02    1.48263E+00    2.27040E-01
    1.81700E+02    1.57554E+00    2.06895E-01
    1.81800E+02    1.67504E+00    1.87300E-01
    1.81900E+02    1.78123E+00    1.68431E-01
    1.82000E+02    1.89437E+00    1.50414E-01
    1.82100E+02    2.01428E+00    1.33417E-01
    1.82200E+02    2.14122E+00    1.17512E-01
    1.82300E+02    2.27300E+00    1.03003E-01
    1.82400E+02    2.41029E+00    8.97893E-02
    1.82500E+02    2.55123E+00    7.79854E-02
    1.82600E+02    2.69423E+00    6.75944E-02
    1.82700E+02    2.83657E+00    5.86265E-02
    1.82800E+02    2.97507E+00    5.10437E-02
    1.82900E+02    3.10573E+00    4.47917E-02
    1.83000E+02    3.22337E+00    3.98205E-02
    1.83100E+02    3.32215E+00    3.60751E-02
    1.83200E+02    3.39489E+00    3.35443E-02
    1.83300E+02    3.43073E+00    3.23632E-02
    1.83400E+02    3.41232E+00    3.29645E-02
    1.83500E+02    3.35336E+00    3.49668E-02
    1.83600E+02    3.26604E+00    3.81572E-02
    1.83700E+02    3.15792E+00    4.25140E-02
    1.83800E+02    3.03550E+00    4.80504E-02
    1.83900E+02    2.90354E+00    5.48286E-02
    1.84000E+02    2.76650E+00    6.28815E-02
    1.84100E+02    2.62829E+00    7.22020E-02
    1.84200E+02    2.49297E+00    8.26640E-02
    1.84300E+02    2.36867E+00    9.36056E-02
    1.84400E+02    2.26600E+00    1.03726E-01
    1.84500E+02    2.10456E+00    1.21899E-01
    1.84600E+02    1.97956E+00    1.38131E-01
    1.84700E+02    1.86849E+00    1.54357E-01
    1.84800E+02    1.76019E+00    1.72012E-01
    1.84900E+02    1.65450E+00    1.91189E-01
    1.85000E+02    1.55901E+00    2.10344E-01
    1.85100E+02    1.47047E+00    2.29818E-01
    1.85200E+02    1.38809E+00    2.49551E-01
    1.85300E+02    1.31156E+00    2.69400E-01
    1.85400E+02    1.24031E+00    2.89295E-01
    1.85500E+02    1.17459E+00    3.08947E-01
    1.85600E+02    1.11316E+00    3.28519E-01
    1.85700E+02    1.05494E+00    3.48214E-01
    1.85800E+02    1.00140E+00    3.67365E-01
    1.85900E+02    9.51639E-01    3.86108E-01
    1.86000E+02    9.05321E-01    4.04412E-01
    1.86100E+02    8.62199E-01    4.22233E-01
    1.86200E+02    8.21976E-01    4.39562E-01
    1.86300E+02    7.84472E-01    4.56361E-01
    1.86400E+02    7.49454E-01    4.72624E-01
    1.86500E+02    7.16724E-01    4.88350E-01
    1.86600E+02    6.86061E-01    5.03556E-01
    1.86700E+02    6.57381E-01    5.18207E-01
    1.86800E+02    6.30533E-01    5.32308E-01
    1.86900E+02    6.05350E-01    5.45883E-01
    1.87000E+02    5.81743E-01    5.58923E-01
    1.87100E+02    5.59869E-01    5.71284E-01
    1.87200E+02    5.38878E-01    5.83403E-01
    1.87300E+02    5.18944E-01    5.95149E-01
    1.87400E+02    5.00368E-01    6.06307E-01
    1.87500E+02    4.82881E-01    6.17003E-01
    1.87600E+02    4.66427E-01    6.27239E-01
    1.87700E+02    4.50848E-01    6.37087E-01
    1.87800E+02    4.36200E-01    6.46488E-01
    1.87900E+02    4.22660E-01    6.55301E-01
    1.88000E+02    4.09024E-01    6.64299E-01
    1.88100E+02    3.96462E-01    6.72696E-01
    1.88200E+02    3.84593E-01    6.80728E-01
    1.88300E+02    3.73341E-01    6.88431E-01
    1.88400E+02    3.62659E-01    6.95824E-01
    1.88500E+02    3.52490E-01    7.02935E-01
    1.88600E+02    3.42830E-01    7.09759E-01
    1.88700E+02    3.33642E-01    7.16310E-01
    1.88800E+02    3.24926E-01    7.22581E-01
    1.88900E+02    3.16820E-01    7.28462E-01
    1.89000E+02    3.08643E-01    7.34443E-01
    1.89100E+02    3.01023E-01    7.40061E-01
    1.89200E+02    2.93753E-01    7.45461E-01
    1.89300E+02    2.86845E-01    7.50628E-01
    1.89400E+02    2.80187E-01    7.55642E-01
    1.89500E+02    2.73851E-01    7.60446E-01
    1.89600E+02    2.67801E-01    7.65060E-01
    1.89700E+02    2.61996E-01    7.69514E-01
    1.89800E+02    2.56425E-01    7.73813E-01
    1.89900E+02    2.51095E-01    7.77948E-01
    1.90000E+02    2.45984E-01    7.81935E-01
    1.90100E+02    2.41077E-01    7.85781E-01
    1.90200E+02    2.36373E-01    7.89486E-01
    1.90300E+02    2.31877E-01    7.93043E-01
    1.90400E+02    2.27550E-01    7.96482E-01
    1.90500E+02    2.23495E-01    7.99719E-01
    1.90600E+02    2.19742E-01    8.02725E-01
    1.90700E+02    2.15536E-01    8.06109E-01
    1.90800E+02    2.11768E-01    8.09153E-01
    1.90900E+02    2.08163E-01    8.12074E-01
    1.91000E+02    2.04707E-01    8.14886E-01
    1.91100E+02    2.01384E-01    8.17599E-01
    1.91200E+02    1.98180E-01    8.20222E-01
    1.91300E+02    1.95092E-01    8.22759E-01
    1.91400E+02    1.92120E-01    8.25208E-01
    1.91500E+02    1.89253E-01    8.27577E-01
    1.91600E+02    1.86490E-01    8.29867E-01
    1.91700E+02    1.83837E-01    8.32071E-01
    1.91800E+02    1.81385E-01    8.34114E-01
    1.91900E+02    1.78782E-01    8.36288E-01
    1.92000E+02    1.76364E-01    8.38313E-01
    1.92100E+02    1.74047E-01    8.40257E-01
    1.92200E+02    1.71838E-01    8.42116E-01
    1.92300E+02    1.69704E-01    8.43915E-01
    1.92400E+02    1.67593E-01    8.45698E-01
    1.92500E+02    1.65584E-01    8.47399E-01
    1.92600E+02    1.63668E-01    8.49024E-01
    1.92700E+02    1.61850E-01    8.50569E-01
    1.92800E+02    1.60077E-01    8.52078E-01
    1.92900E+02    1.58435E-01    8.53478E-01
    1.93000E+02    1.56931E-01    8.54763E-01
    1.93100E+02    1.55701E-01    8.55815E-01
    1.93200E+02    1.55080E-01    8.56347E-01
    1.93300E+02    1.57896E-01    8.53938E-01
    1.93400E+02    1.56667E-01    8.54989E-01
    1.93500E+02    1.50673E-01    8.60129E-01
    1.93600E+02    1.48261E-01    8.62206E-01
    1.93700E+02    1.46516E-01    8.63712E-01
    1.93800E+02    1.45007E-01    8.65017E-01
    1.93900E+02    1.43609E-01    8.66226E-01
    1.94000E+02    1.42274E-01    8.67383E-01
    1.94100E+02    1.40973E-01    8.68513E-01
    1.94200E+02    1.39711E-01    8.69610E-01
    1.94300E+02    1.38493E-01    8.70669E-01
    1.94400E+02    1.37309E-01    8.71701E-01
    1.94500E+02    1.36191E-01    8.72676E-01
    1.94600E+02    1.35144E-01    8.73590E-01
    1.94700E+02    1.34186E-01    8.74428E-01
    1.94800E+02    1.33348E-01    8.75161E-01
    1.94900E+02    1.32695E-01    8.75732E-01
    1.95000E+02    1.32355E-01    8.76030E-01
    1.95100E+02    1.32620E-01    8.75798E-01
    1.95200E+02    1.34326E-01    8.74305E-01
    1.95300E+02    1.40668E-01    8.68778E-01
    1.95400E+02    1.78603E-01    8.36438E-01
    1.95500E+02    1.53045E-01    8.58091E-01
    1.95600E+02    1.36453E-01    8.72447E-01
    1.95700E+02    1.40755E-01    8.68702E-01
    1.95800E+02    1.29937E-01    8.78151E-01
    1.95900E+02    1.25163E-01    8.82353E-01
    1.96000E+02    1.22923E-01    8.84332E-01
    1.96100E+02    1.21404E-01    8.85676E-01
    1.96200E+02    1.20208E-01    8.86736E-01
    1.96300E+02    1.19161E-01    8.87665E-01
    1.96400E+02    1.18266E-01    8.88460E-01
    1.96500E+02    1.17361E-01    8.89264E-01
    1.96600E+02    1.16546E-01    8.89989E-01
    1.96700E+02    1.15781E-01    8.90670E-01
    1.96800E+02    1.15055E-01    8.91317E-01
    1.96900E+02    1.14361E-01    8.91936E-01
    1.97000E+02    1.13683E-01    8.92541E-01
    1.97100E+02    1.13041E-01    8.93114E-01
    1.97200E+02    1.12415E-01    8.93673E-01
    1.97300E+02    1.11808E-01    8.94216E-01
    1.97400E+02    1.11235E-01    8.94728E-01
    1.97500E+02    1.10739E-01    8.95172E-01
    1.97600E+02    1.10224E-01    8.95633E-01
    1.97700E+02    1.09616E-01    8.96178E-01
    1.97800E+02    1.09063E-01    8.96674E-01
    1.97900E+02    1.08564E-01    8.97121E-01
    1.98000E+02    1.08304E-01    8.97355E-01
    1.98100E+02    1.07589E-01    8.97996E-01
    1.98200E+02    1.07101E-01    8.98435E-01
    1.98300E+02    1.06642E-01    8.98847E-01
    1.98400E+02    1.06203E-01    8.99242E-01
    1.98500E+02    1.05779E-01    8.99623E-01
    1.98600E+02    1.05376E-01    8.99986E-01
    1.98700E+02    1.04984E-01    9.00339E-01
    1.98800E+02    1.04618E-01    9.00668E-01
    1.98900E+02    1.04281E-01    9.00972E-01
    1.99000E+02    1.04000E-01    9.01225E-01
    1.99100E+02    1.03839E-01    9.01370E-01
    1.99200E+02    1.04364E-01    9.00897E-01
    1.99300E+02    1.04786E-01    9.00517E-01
    1.99400E+02    1.08415E-01    8.97255E-01
    1.99500E+02    1.03244E-01    9.01907E-01
    1.99600E+02    1.02269E-01    9.02787E-01
    1.99700E+02    1.01717E-01    9.03285E-01
    1.99800E+02    1.01318E-01    9.03646E-01
    1.99900E+02    1.00981E-01    9.03950E-01
    2.00000E+02    1.00682E-01    9.04220E-01
    2.00100E+02    1.00398E-01    9.04477E-01
    2.00200E+02    1.00137E-01    9.04713E-01
    2.00300E+02    9.98934E-02    9.04934E-01
    2.00400E+02    9.96641E-02    9.05141E-01
    2.00500E+02    9.94502E-02    9.05335E-01
    2.00600E+02    9.92514E-02    9.05515E-01
    2.00700E+02    9.90672E-02    9.05682E-01
    2.00800E+02    9.89010E-02    9.05832E-01
    2.00900E+02    9.87491E-02    9.05970E-01
    2.01000E+02    9.86151E-02    9.06091E-01
    2.01100E+02    9.84972E-02    9.06198E-01
    2.01200E+02    9.83989E-02    9.06287E-01
    2.01300E+02    9.83251E-02    9.06354E-01
    2.01400E+02    9.83021E-02    9.06375E-01
    2.01500E+02    9.82838E-02    9.06392E-01
    2.01600E+02    9.82167E-02    9.06452E-01
    2.01700E+02    9.82206E-02    9.06449E-01
    2.01800E+02    9.82581E-02    9.06415E-01
    2.01900E+02    9.83272E-02    9.06352E-01
    2.02000E+02    9.84279E-02    9.06261E-01
    2.02100E+02    9.85612E-02    9.06140E-01
    2.02200E+02    9.87357E-02    9.05982E-01
    2.02300E+02    9.89309E-02    9.05805E-01
    2.02400E+02    9.91671E-02    9.05591E-01
    2.02500E+02    9.94297E-02    9.05354E-01
    2.02600E+02    9.97312E-02    9.05081E-01
    2.02700E+02    1.00053E-01    9.04789E-01
    2.02800E+02    1.00395E-01    9.04480E-01
    2.02900E+02    1.00739E-01    9.04169E-01
    2.03000E+02    1.01073E-01    9.03867E-01
    2.03100E+02    1.01380E-01    9.03589E-01
    2.03200E+02    1.01641E-01    9.03354E-01
    2.03300E+02    1.01864E-01    9.03152E-01
    2.03400E+02    1.02300E-01    9.02758E-01
    2.03500E+02    1.02132E-01    9.02911E-01
    2.03600E+02    1.01203E-01    9.03749E-01
    2.03700E+02    1.00591E-01    9.04303E-01
    2.03800E+02    9.99785E-02    9.04857E-01
    2.03900E+02    9.93422E-02    9.05433E-01
    2.04000E+02    9.87308E-02    9.05987E-01
    2.04100E+02    9.80229E-02    9.06628E-01
    2.04200E+02    9.73781E-02    9.07213E-01
    2.04300E+02    9.67594E-02    9.07774E-01
    2.04400E+02    9.61704E-02    9.08309E-01
    2.04500E+02    9.56117E-02    9.08817E-01
    2.04600E+02    9.50875E-02    9.09293E-01
    2.04700E+02    9.45952E-02    9.09741E-01
    2.04800E+02    9.41407E-02    9.10155E-01
    2.04900E+02    9.37208E-02    9.10537E-01
    2.05000E+02    9.33205E-02    9.10902E-01
    2.05100E+02    9.29734E-02    9.11218E-01
    2.05200E+02    9.28340E-02    9.11345E-01
    2.05300E+02    9.23334E-02    9.11801E-01
    2.05400E+02    9.20189E-02    9.12088E-01
    2.05500E+02    9.17844E-02    9.12302E-01
    2.05600E+02    9.15540E-02    9.12512E-01
    2.05700E+02    9.13467E-02    9.12701E-01
    2.05800E+02    9.12266E-02    9.12811E-01
    2.05900E+02    9.12702E-02    9.12771E-01
    2.06000E+02    9.18085E-02    9.12280E-01
    2.06100E+02    9.57968E-02    9.08649E-01
    2.06200E+02    9.30095E-02    9.11185E-01
    2.06300E+02    9.09063E-02    9.13103E-01
    2.06400E+02    9.02611E-02    9.13693E-01
    2.06500E+02    9.02706E-02    9.13684E-01
    2.06600E+02    8.96518E-02    9.14249E-01
    2.06700E+02    8.94284E-02    9.14454E-01
    2.06800E+02    8.92541E-02    9.14613E-01
    2.06900E+02    8.91084E-02    9.14746E-01
    2.07000E+02    8.89772E-02    9.14866E-01
    2.07100E+02    8.88625E-02    9.14971E-01
    2.07200E+02    8.87629E-02    9.15063E-01
    2.07300E+02    8.86831E-02    9.15136E-01
    2.07400E+02    8.86504E-02    9.15165E-01
    2.07500E+02    8.88211E-02    9.15009E-01
    2.07600E+02    8.85025E-02    9.15301E-01
    2.07700E+02    8.84433E-02    9.15355E-01
    2.07800E+02    8.84280E-02    9.15369E-01
    2.07900E+02    8.84578E-02    9.15342E-01
    2.08000E+02    8.85475E-02    9.15260E-01
    2.08100E+02    8.87316E-02    9.15091E-01
    2.08200E+02    8.90778E-02    9.14774E-01
    2.08300E+02    8.97586E-02    9.14152E-01
    2.08400E+02    9.12323E-02    9.12806E-01
    2.08500E+02    9.51962E-02    9.09195E-01
    2.08600E+02    1.13683E-01    8.92541E-01
    2.08700E+02    1.07829E-01    8.97782E-01
    2.08800E+02    9.40616E-02    9.10227E-01
    2.08900E+02    9.05905E-02    9.13392E-01
    2.09000E+02    8.91634E-02    9.14696E-01
    2.09100E+02    8.84241E-02    9.15373E-01
    2.09200E+02    8.79787E-02    9.15780E-01
    2.09300E+02    8.76985E-02    9.16037E-01
    2.09400E+02    8.75491E-02    9.16174E-01
    2.09500E+02    8.77458E-02    9.15994E-01
    2.09600E+02    8.73613E-02    9.16346E-01
    2.09700E+02    8.71419E-02    9.16547E-01
    2.09800E+02    8.70497E-02    9.16631E-01
    2.09900E+02    8.70030E-02    9.16674E-01
    2.10000E+02    8.70085E-02    9.16669E-01
    2.10100E+02    8.70979E-02    9.16587E-01
    2.10200E+02    8.78991E-02    9.15853E-01
    2.10300E+02    8.76167E-02    9.16112E-01
    2.10400E+02    8.98149E-02    9.14100E-01
    2.10500E+02    8.84586E-02    9.15341E-01
    2.10600E+02    8.86690E-02    9.15148E-01
    2.10700E+02    9.13414E-02    9.12706E-01
    2.10800E+02    1.11180E-01    8.94778E-01
    2.10900E+02    9.08436E-02    9.13160E-01
    2.11000E+02    8.81444E-02    9.15629E-01
    2.11100E+02    8.72567E-02    9.16442E-01
    2.11200E+02    8.68389E-02    9.16825E-01
    2.11300E+02    8.65808E-02    9.17061E-01
    2.11400E+02    8.64225E-02    9.17207E-01
    2.11500E+02    8.63130E-02    9.17307E-01
    2.11600E+02    8.62308E-02    9.17382E-01
    2.11700E+02    8.61658E-02    9.17442E-01
    2.11800E+02    8.61141E-02    9.17490E-01
    2.11900E+02    8.60692E-02    9.17531E-01
    2.12000E+02    8.60340E-02    9.17563E-01
    2.12100E+02    8.60083E-02    9.17587E-01
    2.12200E+02    8.59800E-02    9.17613E-01
    2.12300E+02    8.59563E-02    9.17634E-01
    2.12400E+02    8.59385E-02    9.17651E-01
    2.12500E+02    8.59271E-02    9.17661E-01
    2.12600E+02    8.59247E-02    9.17663E-01
    2.12700E+02    8.59288E-02    9.17660E-01
    2.12800E+02    8.59355E-02    9.17653E-01
    2.12900E+02    8.59543E-02    9.17636E-01
    2.13000E+02    8.58974E-02    9.17688E-01
    2.13100E+02    8.58857E-02    9.17699E-01
    2.13200E+02    8.58843E-02    9.17700E-01
    2.13300E+02    8.58900E-02    9.17695E-01
    2.13400E+02    8.58983E-02    9.17688E-01
    2.13500E+02    8.59102E-02    9.17677E-01
    2.13600E+02    8.59282E-02    9.17660E-01
    2.13700E+02    8.59508E-02    9.17639E-01
    2.13800E+02    8.59853E-02    9.17608E-01
    2.13900E+02    8.60257E-02    9.17571E-01
    2.14000E+02    8.60800E-02    9.17521E-01
    2.14100E+02    8.61519E-02    9.17455E-01
    2.14200E+02    8.62513E-02    9.17364E-01
    2.14300E+02    8.63907E-02    9.17236E-01
    2.14400E+02    8.65965E-02    9.17047E-01
    2.14500E+02    8.69247E-02    9.16746E-01
    2.14600E+02    8.74904E-02    9.16228E-01
    2.14700E+02    8.86155E-02    9.15197E-01
    2.14800E+02    9.14456E-02    9.12611E-01
    2.14900E+02    1.03152E-01    9.01990E-01
    2.15000E+02    1.06780E-01    8.98723E-01
    2.15100E+02    9.20531E-02    9.12057E-01
    2.15200E+02    8.88696E-02    9.14965E-01
    2.15300E+02    8.76473E-02    9.16084E-01
    2.15400E+02    8.70585E-02    9.16623E-01
    2.15500E+02    8.67298E-02    9.16925E-01
    2.15600E+02    8.65335E-02    9.17105E-01
    2.15700E+02    8.64131E-02    9.17215E-01
    2.15800E+02    8.63350E-02    9.17287E-01
    2.15900E+02    8.63127E-02    9.17307E-01
    2.16000E+02    8.66104E-02    9.17034E-01
    2.16100E+02    8.63677E-02    9.17257E-01
    2.16200E+02    8.62212E-02    9.17391E-01
    2.16300E+02    8.61815E-02    9.17428E-01
    2.16400E+02    8.61793E-02    9.17430E-01
    2.16500E+02    8.61563E-02    9.17451E-01
    2.16600E+02    8.61546E-02    9.17452E-01
    2.16700E+02    8.61594E-02    9.17448E-01
    2.16800E+02    8.61744E-02    9.17434E-01
    2.16900E+02    8.62134E-02    9.17398E-01
    2.17000E+02    8.61957E-02    9.17415E-01
    2.17100E+02    8.62078E-02    9.17404E-01
    2.17200E+02    8.62299E-02    9.17383E-01
    2.17300E+02    8.62562E-02    9.17359E-01
    2.17400E+02    8.63029E-02    9.17316E-01
    2.17500E+02    8.65406E-02    9.17098E-01
    2.17600E+02    8.63584E-02    9.17265E-01
    2.17700E+02    8.63528E-02    9.17271E-01
    2.17800E+02    8.63784E-02    9.17247E-01
    2.17900E+02    8.64280E-02    9.17202E-01
    2.18000E+02    8.65349E-02    9.17104E-01
    2.18100E+02    8.72442E-02    9.16453E-01
    2.18200E+02    8.66819E-02    9.16969E-01
    2.18300E+02    8.65433E-02    9.17096E-01
    2.18400E+02    8.65255E-02    9.17112E-01
    2.18500E+02    8.65381E-02    9.17101E-01
    2.18600E+02    8.65639E-02    9.17077E-01
    2.18700E+02    8.65810E-02    9.17061E-01
    2.18800E+02    8.66075E-02    9.17037E-01
    2.18900E+02    8.66369E-02    9.17010E-01
    2.19000E+02    8.66771E-02    9.16973E-01
    2.19100E+02    8.67560E-02    9.16901E-01
    2.19200E+02    8.67916E-02    9.16868E-01
    2.19300E+02    8.69869E-02    9.16689E-01
    2.19400E+02    8.68660E-02    9.16800E-01
    2.19500E+02    8.68489E-02    9.16816E-01
    2.19600E+02    8.68768E-02    9.16790E-01
    2.19700E+02    8.69098E-02    9.16760E-01
    2.19800E+02    8.69568E-02    9.16717E-01
    2.19900E+02    8.70656E-02    9.16617E-01
    2.20000E+02    8.70980E-02    9.16587E-01
    2.20100E+02    8.70629E-02    9.16619E-01
    2.20200E+02    8.70865E-02    9.16598E-01
    2.20300E+02    8.71225E-02    9.16565E-01
    2.20400E+02    8.71599E-02    9.16531E-01
    2.20500E+02    8.72027E-02    9.16491E-01
    2.20600E+02    8.72568E-02    9.16442E-01
    2.20700E+02    8.74217E-02    9.16291E-01
    2.20800E+02    8.73665E-02    9.16341E-01
    2.20900E+02    8.73718E-02    9.16336E-01
    2.21000E+02    8.74093E-02    9.16302E-01
    2.21100E+02    8.74519E-02    9.16263E-01
    2.21200E+02    8.75074E-02    9.16212E-01
    2.21300E+02    8.76567E-02    9.16075E-01
    2.21400E+02    8.76174E-02    9.16111E-01
    2.21500E+02    8.76353E-02    9.16095E-01
    2.21600E+02    8.76755E-02    9.16058E-01
    2.21700E+02    8.77215E-02    9.16016E-01
    2.21800E+02    8.77698E-02    9.15972E-01
    2.21900E+02    8.78180E-02    9.15928E-01
    2.22000E+02    8.78691E-02    9.15881E-01
    2.22100E+02    8.79223E-02    9.15832E-01
    2.22200E+02    8.79770E-02    9.15782E-01
    2.22300E+02    8.80379E-02    9.15726E-01
    2.22400E+02    8.81453E-02    9.15628E-01
    2.22500E+02    8.81690E-02    9.15606E-01
    2.22600E+02    8.82029E-02    9.15575E-01
    2.22700E+02    8.82581E-02    9.15525E-01
    2.22800E+02    8.83171E-02    9.15470E-01
    2.22900E+02    8.83816E-02    9.15411E-01
    2.23000E+02    8.84651E-02    9.15335E-01
    2.23100E+02    8.85440E-02    9.15263E-01
    2.23200E+02    8.86661E-02    9.15151E-01
    2.23300E+02    8.87564E-02    9.15068E-01
    2.23400E+02    8.87917E-02    9.15036E-01
    2.23500E+02    8.88105E-02    9.15019E-01
    2.23600E+02    8.88782E-02    9.14957E-01
    2.23700E+02    8.89609E-02    9.14881E-01
    2.23800E+02    8.90629E-02    9.14788E-01
    2.23900E+02    8.94579E-02    9.14427E-01
    2.24000E+02    8.92333E-02    9.14632E-01
    2.24100E+02    8.93003E-02    9.14571E-01
    2.24200E+02    8.93907E-02    9.14488E-01
    2.24300E+02    8.94875E-02    9.14400E-01
    2.24400E+02    8.95955E-02    9.14301E-01
    2.24500E+02    8.97119E-02    9.14195E-01
    2.24600E+02    8.98531E-02    9.14065E-01
    2.24700E+02    9.00659E-02    9.13871E-01
    2.24800E+02    9.04264E-02    9.13542E-01
    2.24900E+02    9.04998E-02    9.13475E-01
    2.25000E+02    9.04481E-02    9.13522E-01
    2.25100E+02    9.05016E-02    9.13473E-01
    2.25200E+02    9.06401E-02    9.13346E-01
    2.25300E+02    9.07680E-02    9.13230E-01
    2.25400E+02    9.09399E-02    9.13073E-01
    2.25500E+02    9.11477E-02    9.12883E-01
    2.25600E+02    9.14110E-02    9.12643E-01
    2.25700E+02    9.17973E-02    9.12290E-01
    2.25800E+02    9.25245E-02    9.11627E-01
    2.25900E+02    9.40142E-02    9.10270E-01
    2.26000E+02    9.97553E-02    9.05059E-01
    2.26100E+02    1.00824E-01    9.04092E-01
    2.26200E+02    9.40899E-02    9.10201E-01
    2.26300E+02    9.26209E-02    9.11539E-01
    2.26400E+02    9.20555E-02    9.12055E-01
    2.26500E+02    9.17781E-02    9.12308E-01
    2.26600E+02    9.16182E-02    9.12453E-01
    2.26700E+02    9.15215E-02    9.12542E-01
    2.26800E+02    9.14636E-02    9.12595E-01
    2.26900E+02    9.14350E-02    9.12621E-01
    2.27000E+02    9.13834E-02    9.12668E-01
    2.27100E+02    9.13647E-02    9.12685E-01
    2.27200E+02    9.13556E-02    9.12693E-01
    2.27300E+02    9.13597E-02    9.12689E-01
    2.27400E+02    9.13669E-02    9.12683E-01
    2.27500E+02    9.13811E-02    9.12670E-01
    2.27600E+02    9.14028E-02    9.12650E-01
    2.27700E+02    9.14349E-02    9.12621E-01
    2.27800E+02    9.14741E-02    9.12585E-01
    2.27900E+02    9.15079E-02    9.12554E-01
    2.28000E+02    9.15412E-02    9.12524E-01
    2.28100E+02    9.15824E-02    9.12486E-01
    2.28200E+02    9.16316E-02    9.12441E-01
    2.28300E+02    9.16932E-02    9.12385E-01
    2.28400E+02    9.17466E-02    9.12336E-01
    2.28500E+02    9.18243E-02    9.12265E-01
    2.28600E+02    9.18941E-02    9.12202E-01
    2.28700E+02    9.19763E-02    9.12127E-01
    2.28800E+02    9.20680E-02    9.12043E-01
    2.28900E+02    9.21727E-02    9.11948E-01
    2.29000E+02    9.22984E-02    9.11833E-01
    2.29100E+02    9.24698E-02    9.11677E-01
    2.29200E+02    9.26664E-02    9.11498E-01
    2.29300E+02    9.30087E-02    9.11186E-01
    2.29400E+02    9.37211E-02    9.10537E-01
    2.29500E+02    9.61325E-02    9.08344E-01
    2.29600E+02    1.01428E-01    9.03546E-01
    2.29700E+02    9.47563E-02    9.09595E-01
    2.29800E+02    9.37707E-02    9.10492E-01
    2.29900E+02    9.35191E-02    9.10721E-01
    2.30000E+02    9.35017E-02    9.10736E-01
    2.30100E+02    9.35493E-02    9.10693E-01
    2.30200E+02    9.36613E-02    9.10591E-01
    2.30300E+02    9.38389E-02    9.10429E-01
    2.30400E+02    9.40549E-02    9.10233E-01
    2.30500E+02    9.43320E-02    9.09981E-01
    2.30600E+02    9.47027E-02    9.09643E-01
    2.30700E+02    9.52130E-02    9.09179E-01
    2.30800E+02    9.59607E-02    9.08500E-01
    2.30900E+02    9.71588E-02    9.07412E-01
    2.31000E+02    9.93729E-02    9.05405E-01
    2.31100E+02    1.04404E-01    9.00862E-01
    2.31200E+02    1.21323E-01    8.85748E-01
    2.31300E+02    1.76126E-01    8.38513E-01
    2.31400E+02    1.12328E-01    8.93751E-01
    2.31500E+02    1.02594E-01    9.02494E-01
    2.31600E+02    9.93284E-02    9.05445E-01
    2.31700E+02    9.79132E-02    9.06728E-01
    2.31800E+02    9.72372E-02    9.07341E-01
    2.31900E+02    9.69397E-02    9.07611E-01
    2.32000E+02    9.70281E-02    9.07530E-01
    2.32100E+02    9.68143E-02    9.07725E-01
    2.32200E+02    9.68941E-02    9.07652E-01
    2.32300E+02    9.70619E-02    9.07500E-01
    2.32400E+02    9.73251E-02    9.07261E-01
    2.32500E+02    9.77956E-02    9.06834E-01
    2.32600E+02    9.80258E-02    9.06626E-01
    2.32700E+02    9.85621E-02    9.06139E-01
    2.32800E+02    9.88756E-02    9.05855E-01
    2.32900E+02    9.93901E-02    9.05389E-01
    2.33000E+02    1.00159E-01    9.04693E-01
    2.33100E+02    1.00752E-01    9.04157E-01
    2.33200E+02    1.01640E-01    9.03355E-01
    2.33300E+02    1.02790E-01    9.02317E-01
    2.33400E+02    1.04078E-01    9.01155E-01
    2.33500E+02    1.05578E-01    8.99804E-01
    2.33600E+02    1.07631E-01    8.97959E-01
    2.33700E+02    1.10460E-01    8.95422E-01
    2.33800E+02    1.14752E-01    8.91588E-01
    2.33900E+02    1.23516E-01    8.83807E-01
    2.34000E+02    1.22668E-01    8.84558E-01
    2.34100E+02    1.14891E-01    8.91464E-01
    2.34200E+02    1.11074E-01    8.94873E-01
    2.34300E+02    1.08537E-01    8.97146E-01
    2.34400E+02    1.06706E-01    8.98790E-01
    2.34500E+02    1.05356E-01    9.00004E-01
    2.34600E+02    1.04318E-01    9.00939E-01
    2.34700E+02    1.03526E-01    9.01653E-01
    2.34800E+02    1.02950E-01    9.02172E-01
    2.34900E+02    1.02622E-01    9.02468E-01
    2.35000E+02    1.02543E-01    9.02540E-01
    2.35100E+02    1.02862E-01    9.02251E-01
    2.35200E+02    1.03106E-01    9.02031E-01
    2.35300E+02    1.04128E-01    9.01110E-01
    2.35400E+02    1.06328E-01    8.99130E-01
    2.35500E+02    1.11448E-01    8.94538E-01
    2.35600E+02    1.27146E-01    8.80605E-01
    2.35700E+02    2.49350E-01    7.79307E-01
    2.35800E+02    1.34289E-01    8.74338E-01
    2.35900E+02    1.13762E-01    8.92470E-01
    2.36000E+02    1.06881E-01    8.98632E-01
    2.36100E+02    1.04106E-01    9.01130E-01
    2.36200E+02    1.02685E-01    9.02411E-01
    2.36300E+02    1.02027E-01    9.03005E-01
    2.36400E+02    1.01751E-01    9.03254E-01
    2.36500E+02    1.01838E-01    9.03176E-01
    2.36600E+02    1.02507E-01    9.02572E-01
    2.36700E+02    1.03211E-01    9.01937E-01
    2.36800E+02    1.05016E-01    9.00310E-01
    2.36900E+02    1.08880E-01    8.96838E-01
    2.37000E+02    1.18882E-01    8.87912E-01
    2.37100E+02    1.64699E-01    8.48149E-01
    2.37200E+02    1.56821E-01    8.54857E-01
    2.37300E+02    1.17729E-01    8.88937E-01
    2.37400E+02    1.08370E-01    8.97296E-01
    2.37500E+02    1.04774E-01    9.00528E-01
    2.37600E+02    1.03268E-01    9.01886E-01
    2.37700E+02    1.02053E-01    9.02982E-01
    2.37800E+02    1.01510E-01    9.03472E-01
    2.37900E+02    1.01232E-01    9.03724E-01
    2.38000E+02    1.01135E-01    9.03811E-01
    2.38100E+02    1.01203E-01    9.03750E-01
    2.38200E+02    1.01467E-01    9.03511E-01
    2.38300E+02    1.02124E-01    9.02918E-01
    2.38400E+02    1.04878E-01    9.00434E-01
    2.38500E+02    1.03953E-01    9.01267E-01
    2.38600E+02    1.03804E-01    9.01402E-01
    2.38700E+02    1.05235E-01    9.00113E-01
    2.38800E+02    1.07646E-01    8.97946E-01
    2.38900E+02    1.13655E-01    8.92566E-01
    2.39000E+02    1.33216E-01    8.75276E-01
    2.39100E+02    2.64036E-01    7.67946E-01
    2.39200E+02    1.29155E-01    8.78837E-01
    2.39300E+02    1.13841E-01    8.92400E-01
    2.39400E+02    1.08852E-01    8.96863E-01
    2.39500E+02    1.06822E-01    8.98686E-01
    2.39600E+02    1.06340E-01    8.99119E-01
    2.39700E+02    1.05075E-01    9.00257E-01
    2.39800E+02    1.05074E-01    9.00258E-01
    2.39900E+02    1.05425E-01    8.99942E-01
    2.40000E+02    1.05045E-01    9.00284E-01
    2.40100E+02    1.04486E-01    9.00787E-01
    2.40200E+02    1.04352E-01    9.00908E-01
    2.40300E+02    1.04301E-01    9.00954E-01
    2.40400E+02    1.03865E-01    9.01347E-01
    2.40500E+02    1.03731E-01    9.01468E-01
    2.40600E+02    1.03349E-01    9.01813E-01
    2.40700E+02    1.03369E-01    9.01794E-01
    2.40800E+02    1.03291E-01    9.01865E-01
    2.40900E+02    1.04005E-01    9.01221E-01
    2.41000E+02    1.03386E-01    9.01779E-01
    2.41100E+02    1.03679E-01    9.01515E-01
    2.41200E+02    1.06367E-01    8.99094E-01
    2.41300E+02    1.05125E-01    9.00212E-01
    2.41400E+02    1.04143E-01    9.01096E-01
    2.41500E+02    1.04342E-01    9.00917E-01
    2.41600E+02    1.04547E-01    9.00732E-01
    2.41700E+02    1.05038E-01    9.00290E-01
    2.41800E+02    1.05817E-01    8.99589E-01
    2.41900E+02    1.07087E-01    8.98448E-01
    2.42000E+02    1.09386E-01    8.96384E-01
    2.42100E+02    1.14273E-01    8.92015E-01
    2.42200E+02    1.28188E-01    8.79688E-01
    2.42300E+02    2.16299E-01    8.05495E-01
    2.42400E+02    1.41545E-01    8.68016E-01
    2.42500E+02    1.18109E-01    8.88600E-01
    2.42600E+02    1.11496E-01    8.94495E-01
    2.42700E+02    1.08862E-01    8.96854E-01
    2.42800E+02    1.07747E-01    8.97855E-01
    2.42900E+02    1.07500E-01    8.98077E-01
    2.43000E+02    1.08117E-01    8.97523E-01
    2.43100E+02    1.09347E-01    8.96419E-01
    2.43200E+02    1.12424E-01    8.93665E-01
    2.43300E+02    1.20963E-01    8.86067E-01
    2.43400E+02    1.57453E-01    8.54317E-01
    2.43500E+02    1.62934E-01    8.49647E-01
    2.43600E+02    1.21721E-01    8.85395E-01
    2.43700E+02    1.12607E-01    8.93501E-01
    2.43800E+02    1.09290E-01    8.96471E-01
    2.43900E+02    1.08089E-01    8.97548E-01
    2.44000E+02    1.08559E-01    8.97126E-01
    2.44100E+02    1.13674E-01    8.92549E-01
    2.44200E+02    1.15881E-01    8.90581E-01
    2.44300E+02    1.07745E-01    8.97856E-01
    2.44400E+02    1.06078E-01    8.99354E-01
    2.44500E+02    1.05022E-01    9.00304E-01
    2.44600E+02    1.04616E-01    9.00670E-01
    2.44700E+02    1.04350E-01    9.00910E-01
    2.44800E+02    1.04296E-01    9.00958E-01
    2.44900E+02    1.04218E-01    9.01028E-01
    2.45000E+02    1.04177E-01    9.01066E-01
    2.45100E+02    1.04124E-01    9.01114E-01
    2.45200E+02    1.04105E-01    9.01131E-01
    2.45300E+02    1.04118E-01    9.01119E-01
    2.45400E+02    1.04145E-01    9.01095E-01
    2.45500E+02    1.04189E-01    9.01055E-01
    2.45600E+02    1.04254E-01    9.00997E-01
    2.45700E+02    1.04352E-01    9.00908E-01
    2.45800E+02    1.04785E-01    9.00518E-01
    2.45900E+02    1.04472E-01    9.00800E-01
    2.46000E+02    1.04525E-01    9.00753E-01
    2.46100E+02    1.04615E-01    9.00671E-01
    2.46200E+02    1.04738E-01    9.00560E-01
    2.46300E+02    1.04932E-01    9.00386E-01
    2.46400E+02    1.05186E-01    9.00157E-01
    2.46500E+02    1.07051E-01    8.98480E-01
    2.46600E+02    1.05612E-01    8.99774E-01
    2.46700E+02    1.05448E-01    8.99922E-01
    2.46800E+02    1.05543E-01    8.99836E-01
    2.46900E+02    1.05711E-01    8.99685E-01
    2.47000E+02    1.05934E-01    8.99484E-01
    2.47100E+02    1.06243E-01    8.99206E-01
    2.47200E+02    1.06548E-01    8.98932E-01
    2.47300E+02    1.07013E-01    8.98514E-01
    2.47400E+02    1.07655E-01    8.97937E-01
    2.47500E+02    1.08717E-01    8.96984E-01
    2.47600E+02    1.10841E-01    8.95081E-01
    2.47700E+02    1.17690E-01    8.88972E-01
    2.47800E+02    1.23565E-01    8.83764E-01
    2.47900E+02    1.16799E-01    8.89764E-01
    2.48000E+02    1.21291E-01    8.85777E-01
    2.48100E+02    1.42494E-01    8.67192E-01
    2.48200E+02    2.23454E-01    7.99751E-01
    2.48300E+02    1.31381E-01    8.76883E-01
    2.48400E+02    1.17802E-01    8.88872E-01
    2.48500E+02    1.13267E-01    8.92912E-01
    2.48600E+02    1.11291E-01    8.94678E-01
    2.48700E+02    1.10441E-01    8.95439E-01
    2.48800E+02    1.09897E-01    8.95927E-01
    2.48900E+02    1.09736E-01    8.96070E-01
    2.49000E+02    1.09846E-01    8.95972E-01
    2.49100E+02    1.10167E-01    8.95685E-01
    2.49200E+02    1.10738E-01    8.95173E-01
    2.49300E+02    1.11706E-01    8.94307E-01
    2.49400E+02    1.13343E-01    8.92845E-01
    2.49500E+02    1.16303E-01    8.90206E-01
    2.49600E+02    1.22570E-01    8.84644E-01
    2.49700E+02    1.41012E-01    8.68479E-01
    2.49800E+02    2.22425E-01    8.00575E-01
    2.49900E+02    1.73923E-01    8.40362E-01
    2.50000E+02    1.85732E-01    8.30496E-01
    2.50100E+02    1.32378E-01    8.76010E-01
    2.50200E+02    1.20931E-01    8.86095E-01
    2.50300E+02    1.16446E-01    8.90078E-01
    2.50400E+02    1.13372E-01    8.92819E-01
    2.50500E+02    1.11953E-01    8.94086E-01
    2.50600E+02    1.11032E-01    8.94910E-01
    2.50700E+02    1.10599E-01    8.95298E-01
    2.50800E+02    1.10092E-01    8.95752E-01
    2.50900E+02    1.09765E-01    8.96044E-01
    2.51000E+02    1.09572E-01    8.96218E-01
    2.51100E+02    1.09450E-01    8.96327E-01
    2.51200E+02    1.09489E-01    8.96292E-01
    2.51300E+02    1.09317E-01    8.96447E-01
    2.51400E+02    1.09280E-01    8.96479E-01
    2.51500E+02    1.09272E-01    8.96486E-01
    2.51600E+02    1.09283E-01    8.96477E-01
    2.51700E+02    1.09309E-01    8.96453E-01
    2.51800E+02    1.09345E-01    8.96421E-01
    2.51900E+02    1.09396E-01    8.96376E-01
    2.52000E+02    1.09469E-01    8.96310E-01
    2.52100E+02    1.09734E-01    8.96073E-01
    2.52200E+02    1.09616E-01    8.96178E-01
    2.52300E+02    1.09746E-01    8.96062E-01
    2.52400E+02    1.09840E-01    8.95977E-01
    2.52500E+02    1.10130E-01    8.95718E-01
    2.52600E+02    1.10199E-01    8.95656E-01
    2.52700E+02    1.10802E-01    8.95116E-01
    2.52800E+02    1.10633E-01    8.95267E-01
    2.52900E+02    1.10294E-01    8.95570E-01
    2.53000E+02    1.10313E-01    8.95554E-01
    2.53100E+02    1.10382E-01    8.95492E-01
    2.53200E+02    1.10473E-01    8.95410E-01
    2.53300E+02    1.10637E-01    8.95264E-01
    2.53400E+02    1.11031E-01    8.94911E-01
    2.53500E+02    1.10791E-01    8.95126E-01
    2.53600E+02    1.10910E-01    8.95019E-01
    2.53700E+02    1.11370E-01    8.94607E-01
    2.53800E+02    1.11341E-01    8.94634E-01
    2.53900E+02    1.11320E-01    8.94653E-01
    2.54000E+02    1.11399E-01    8.94581E-01
    2.54100E+02    1.11569E-01    8.94429E-01
    2.54200E+02    1.11929E-01    8.94108E-01
    2.54300E+02    1.13537E-01    8.92671E-01
    2.54400E+02    1.12122E-01    8.93936E-01
    2.54500E+02    1.12063E-01    8.93988E-01
    2.54600E+02    1.12154E-01    8.93907E-01
    2.54700E+02    1.12401E-01    8.93686E-01
    2.54800E+02    1.12424E-01    8.93665E-01
    2.54900E+02    1.13061E-01    8.93096E-01
    2.55000E+02    1.12626E-01    8.93485E-01
    2.55100E+02    1.12679E-01    8.93437E-01
    2.55200E+02    1.12769E-01    8.93357E-01
    2.55300E+02    1.12818E-01    8.93313E-01
    2.55400E+02    1.12878E-01    8.93260E-01
    2.55500E+02    1.12940E-01    8.93204E-01
    2.55600E+02    1.13002E-01    8.93149E-01
    2.55700E+02    1.13068E-01    8.93090E-01
    2.55800E+02    1.13154E-01    8.93013E-01
    2.55900E+02    1.13207E-01    8.92966E-01
    2.56000E+02    1.13301E-01    8.92882E-01
    2.56100E+02    1.13385E-01    8.92807E-01
    2.56200E+02    1.13407E-01    8.92787E-01
    2.56300E+02    1.13484E-01    8.92719E-01
    2.56400E+02    1.13598E-01    8.92616E-01
    2.56500E+02    1.13710E-01    8.92517E-01
    2.56600E+02    1.13806E-01    8.92431E-01
    2.56700E+02    1.14007E-01    8.92252E-01
    2.56800E+02    1.14060E-01    8.92204E-01
    2.56900E+02    1.14568E-01    8.91751E-01
    2.57000E+02    1.14222E-01    8.92060E-01
    2.57100E+02    1.14293E-01    8.91997E-01
    2.57200E+02    1.14422E-01    8.91882E-01
    2.57300E+02    1.14573E-01    8.91747E-01
    2.57400E+02    1.14774E-01    8.91567E-01
    2.57500E+02    1.14981E-01    8.91383E-01
    2.57600E+02    1.15250E-01    8.91143E-01
    2.57700E+02    1.15539E-01    8.90885E-01
    2.57800E+02    1.15983E-01    8.90490E-01
    2.57900E+02    1.16486E-01    8.90042E-01
    2.58000E+02    1.17554E-01    8.89092E-01
    2.58100E+02    1.20075E-01    8.86854E-01
    2.58200E+02    1.41319E-01    8.68212E-01
    2.58300E+02    1.22348E-01    8.84841E-01
    2.58400E+02    1.21957E-01    8.85186E-01
    2.58500E+02    1.25449E-01    8.82101E-01
    2.58600E+02    1.37072E-01    8.71907E-01
    2.58700E+02    2.14897E-01    8.06625E-01
    2.58800E+02    1.46284E-01    8.63912E-01
    2.58900E+02    1.27611E-01    8.80196E-01
    2.59000E+02    1.22127E-01    8.85036E-01
    2.59100E+02    1.19803E-01    8.87095E-01
    2.59200E+02    1.18656E-01    8.88113E-01
    2.59300E+02    1.17981E-01    8.88713E-01
    2.59400E+02    1.17609E-01    8.89044E-01
    2.59500E+02    1.17538E-01    8.89107E-01
    2.59600E+02    1.17199E-01    8.89408E-01
    2.59700E+02    1.17096E-01    8.89500E-01
    2.59800E+02    1.17053E-01    8.89538E-01
    2.59900E+02    1.17055E-01    8.89536E-01
    2.60000E+02    1.17142E-01    8.89459E-01
    2.60100E+02    1.17143E-01    8.89458E-01
    2.60200E+02    1.17137E-01    8.89463E-01
    2.60300E+02    1.17185E-01    8.89421E-01
    2.60400E+02    1.17260E-01    8.89354E-01
    2.60500E+02    1.17369E-01    8.89257E-01
    2.60600E+02    1.17485E-01    8.89154E-01
    2.60700E+02    1.17632E-01    8.89023E-01
    2.60800E+02    1.18424E-01    8.88319E-01
    2.60900E+02    1.17879E-01    8.88803E-01
    2.61000E+02    1.17833E-01    8.88844E-01
    2.61100E+02    1.17962E-01    8.88730E-01
    2.61200E+02    1.18015E-01    8.88683E-01
    2.61300E+02    1.18126E-01    8.88584E-01
    2.61400E+02    1.18243E-01    8.88480E-01
    2.61500E+02    1.18365E-01    8.88372E-01
    2.61600E+02    1.18504E-01    8.88249E-01
    2.61700E+02    1.18671E-01    8.88100E-01
    2.61800E+02    1.18831E-01    8.87958E-01
    2.61900E+02    1.18981E-01    8.87825E-01
    2.62000E+02    1.19181E-01    8.87647E-01
    2.62100E+02    1.19379E-01    8.87472E-01
    2.62200E+02    1.19606E-01    8.87270E-01
    2.62300E+02    1.19904E-01    8.87006E-01
    2.62400E+02    1.20312E-01    8.86644E-01
    2.62500E+02    1.20942E-01    8.86086E-01
    2.62600E+02    1.21762E-01    8.85359E-01
    2.62700E+02    1.23758E-01    8.83593E-01
    2.62800E+02    1.31392E-01    8.76874E-01
    2.62900E+02    1.35149E-01    8.73586E-01
    2.63000E+02    1.25486E-01    8.82068E-01
    2.63100E+02    1.24235E-01    8.83172E-01
    2.63200E+02    1.26060E-01    8.81562E-01
    2.63300E+02    1.25346E-01    8.82191E-01
    2.63400E+02    1.27485E-01    8.80307E-01
    2.63500E+02    1.32946E-01    8.75512E-01
    2.63600E+02    1.51074E-01    8.59784E-01
    2.63700E+02    2.70905E-01    7.62689E-01
    2.63800E+02    1.48119E-01    8.62328E-01
    2.63900E+02    1.38996E-01    8.70231E-01
    2.64000E+02    1.28522E-01    8.79395E-01
    2.64100E+02    1.25789E-01    8.81801E-01
    2.64200E+02    1.24565E-01    8.82881E-01
    2.64300E+02    1.23963E-01    8.83412E-01
    2.64400E+02    1.23675E-01    8.83667E-01
    2.64500E+02    1.23663E-01    8.83678E-01
    2.64600E+02    1.23916E-01    8.83454E-01
    2.64700E+02    1.24560E-01    8.82885E-01
    2.64800E+02    1.26436E-01    8.81231E-01
    2.64900E+02    1.37379E-01    8.71640E-01
    2.65000E+02    1.29369E-01    8.78650E-01
    2.65100E+02    1.25397E-01    8.82146E-01
    2.65200E+02    1.24383E-01    8.83041E-01
    2.65300E+02    1.24018E-01    8.83364E-01
    2.65400E+02    1.23900E-01    8.83468E-01
    2.65500E+02    1.23902E-01    8.83467E-01
    2.65600E+02    1.23982E-01    8.83396E-01
    2.65700E+02    1.24063E-01    8.83324E-01
    2.65800E+02    1.24188E-01    8.83214E-01
    2.65900E+02    1.24324E-01    8.83094E-01
    2.66000E+02    1.24470E-01    8.82965E-01
    2.66100E+02    1.24652E-01    8.82804E-01
    2.66200E+02    1.24872E-01    8.82610E-01
    2.66300E+02    1.24979E-01    8.82515E-01
    2.66400E+02    1.25173E-01    8.82345E-01
    2.66500E+02    1.25422E-01    8.82125E-01
    2.66600E+02    1.25750E-01    8.81835E-01
    2.66700E+02    1.26216E-01    8.81424E-01
    2.66800E+02    1.26920E-01    8.80804E-01
    2.66900E+02    1.28123E-01    8.79745E-01
    2.67000E+02    1.30345E-01    8.77792E-01
    2.67100E+02    1.35719E-01    8.73088E-01
    2.67200E+02    1.55843E-01    8.55693E-01
    2.67300E+02    1.78614E-01    8.36429E-01
    2.67400E+02    1.39489E-01    8.69803E-01
    2.67500E+02    1.31841E-01    8.76480E-01
    2.67600E+02    1.29044E-01    8.78935E-01
    2.67700E+02    1.27723E-01    8.80097E-01
    2.67800E+02    1.27017E-01    8.80718E-01
    2.67900E+02    1.26612E-01    8.81075E-01
    2.68000E+02    1.26378E-01    8.81282E-01
    2.68100E+02    1.26274E-01    8.81374E-01
    2.68200E+02    1.26532E-01    8.81146E-01
    2.68300E+02    1.26176E-01    8.81460E-01
    2.68400E+02    1.26167E-01    8.81468E-01
    2.68500E+02    1.26274E-01    8.81373E-01
    2.68600E+02    1.26730E-01    8.80972E-01
    2.68700E+02    1.27113E-01    8.80635E-01
    2.68800E+02    1.26396E-01    8.81266E-01
    2.68900E+02    1.26339E-01    8.81316E-01
    2.69000E+02    1.26362E-01    8.81295E-01
    2.69100E+02    1.26420E-01    8.81244E-01
    2.69200E+02    1.26486E-01    8.81186E-01
    2.69300E+02    1.26563E-01    8.81119E-01
    2.69400E+02    1.26647E-01    8.81045E-01
    2.69500E+02    1.26751E-01    8.80953E-01
    2.69600E+02    1.26835E-01    8.80879E-01
    2.69700E+02    1.26926E-01    8.80799E-01
    2.69800E+02    1.27030E-01    8.80707E-01
    2.69900E+02    1.27135E-01    8.80615E-01
    2.70000E+02    1.27246E-01    8.80517E-01
    2.70100E+02    1.27382E-01    8.80397E-01
    2.70200E+02    1.27467E-01    8.80323E-01
    2.70300E+02    1.27592E-01    8.80213E-01
    2.70400E+02    1.27746E-01    8.80077E-01
    2.70500E+02    1.27917E-01    8.79927E-01
    2.70600E+02    1.27989E-01    8.79863E-01
    2.70700E+02    1.28213E-01    8.79666E-01
    2.70800E+02    1.28361E-01    8.79535E-01
    2.70900E+02    1.28647E-01    8.79284E-01
    2.71000E+02    1.28935E-01    8.79031E-01
    2.71100E+02    1.31384E-01    8.76881E-01
    2.71200E+02    1.29094E-01    8.78891E-01
    2.71300E+02    1.29134E-01    8.78856E-01
    2.71400E+02    1.29073E-01    8.78910E-01
    2.71500E+02    1.29184E-01    8.78812E-01
    2.71600E+02    1.29337E-01    8.78678E-01
    2.71700E+02    1.29530E-01    8.78508E-01
    2.71800E+02    1.29806E-01    8.78266E-01
    2.71900E+02    1.30676E-01    8.77502E-01
    2.72000E+02    1.30389E-01    8.77754E-01
    2.72100E+02    1.30426E-01    8.77721E-01
    2.72200E+02    1.30679E-01    8.77499E-01
    2.72300E+02    1.31030E-01    8.77191E-01
    2.72400E+02    1.31502E-01    8.76778E-01
    2.72500E+02    1.32156E-01    8.76204E-01
    2.72600E+02    1.33123E-01    8.75357E-01
    2.72700E+02    1.34749E-01    8.73935E-01
    2.72800E+02    1.37830E-01    8.71246E-01
    2.72900E+02    1.45522E-01    8.64571E-01
    2.73000E+02    1.78672E-01    8.36380E-01
    2.73100E+02    1.80312E-01    8.35009E-01
    2.73200E+02    1.46228E-01    8.63960E-01
    2.73300E+02    1.38726E-01    8.70467E-01
    2.73400E+02    1.35831E-01    8.72990E-01
    2.73500E+02    1.34535E-01    8.74122E-01
    2.73600E+02    1.33911E-01    8.74668E-01
    2.73700E+02    1.33629E-01    8.74914E-01
    2.73800E+02    1.33618E-01    8.74924E-01
    2.73900E+02    1.33898E-01    8.74680E-01
    2.74000E+02    1.34210E-01    8.74406E-01
    2.74100E+02    1.34839E-01    8.73857E-01
    2.74200E+02    1.36231E-01    8.72641E-01
    2.74300E+02    1.39529E-01    8.69768E-01
    2.74400E+02    1.51007E-01    8.59842E-01
    2.74500E+02    1.80975E-01    8.34456E-01
    2.74600E+02    1.44105E-01    8.65797E-01
    2.74700E+02    1.37992E-01    8.71106E-01
    2.74800E+02    1.35884E-01    8.72944E-01
    2.74900E+02    1.34963E-01    8.73748E-01
    2.75000E+02    1.34551E-01    8.74108E-01
    2.75100E+02    1.34284E-01    8.74342E-01
    2.75200E+02    1.34249E-01    8.74373E-01
    2.75300E+02    1.34088E-01    8.74513E-01
    2.75400E+02    1.34072E-01    8.74527E-01
    2.75500E+02    1.34085E-01    8.74516E-01
    2.75600E+02    1.34131E-01    8.74475E-01
    2.75700E+02    1.34215E-01    8.74402E-01
    2.75800E+02    1.34314E-01    8.74316E-01
    2.75900E+02    1.34443E-01    8.74203E-01
    2.76000E+02    1.34542E-01    8.74116E-01
    2.76100E+02    1.34694E-01    8.73984E-01
    2.76200E+02    1.34869E-01    8.73830E-01
    2.76300E+02    1.35088E-01    8.73639E-01
    2.76400E+02    1.35357E-01    8.73404E-01
    2.76500E+02    1.35733E-01    8.73076E-01
    2.76600E+02    1.36323E-01    8.72561E-01
    2.76700E+02    1.37454E-01    8.71575E-01
    2.76800E+02    1.40440E-01    8.68976E-01
    2.76900E+02    1.57678E-01    8.54125E-01
    2.77000E+02    1.44587E-01    8.65380E-01
    2.77100E+02    1.39011E-01    8.70218E-01
    2.77200E+02    1.37454E-01    8.71575E-01
    2.77300E+02    1.36891E-01    8.72065E-01
    2.77400E+02    1.36705E-01    8.72227E-01
    2.77500E+02    1.36658E-01    8.72268E-01
    2.77600E+02    1.36621E-01    8.72301E-01
    2.77700E+02    1.36652E-01    8.72274E-01
    2.77800E+02    1.36753E-01    8.72186E-01
    2.77900E+02    1.36994E-01    8.71976E-01
    2.78000E+02    1.37012E-01    8.71959E-01
    2.78100E+02    1.37139E-01    8.71849E-01
    2.78200E+02    1.37200E-01    8.71796E-01
    2.78300E+02    1.37378E-01    8.71641E-01
    2.78400E+02    1.37739E-01    8.71326E-01
    2.78500E+02    1.38867E-01    8.70343E-01
    2.78600E+02    1.38121E-01    8.70993E-01
    2.78700E+02    1.38029E-01    8.71073E-01
    2.78800E+02    1.38164E-01    8.70956E-01
    2.78900E+02    1.38390E-01    8.70759E-01
    2.79000E+02    1.38706E-01    8.70484E-01
    2.79100E+02    1.39175E-01    8.70076E-01
    2.79200E+02    1.40019E-01    8.69342E-01
    2.79300E+02    1.42126E-01    8.67512E-01
    2.79400E+02    1.46015E-01    8.64145E-01
    2.79500E+02    1.63918E-01    8.48811E-01
    2.79600E+02    1.44450E-01    8.65498E-01
    2.79700E+02    1.42055E-01    8.67574E-01
    2.79800E+02    1.42566E-01    8.67130E-01
    2.79900E+02    1.52350E-01    8.58688E-01
    2.80000E+02    1.41816E-01    8.67781E-01
    2.80100E+02    1.40608E-01    8.68830E-01
    2.80200E+02    1.40279E-01    8.69116E-01
    2.80300E+02    1.40187E-01    8.69196E-01
    2.80400E+02    1.40195E-01    8.69189E-01
    2.80500E+02    1.40252E-01    8.69139E-01
    2.80600E+02    1.40348E-01    8.69056E-01
    2.80700E+02    1.40485E-01    8.68937E-01
    2.80800E+02    1.40701E-01    8.68749E-01
    2.80900E+02    1.41321E-01    8.68210E-01
    2.81000E+02    1.43896E-01    8.65978E-01
    2.81100E+02    1.41341E-01    8.68193E-01
    2.81200E+02    1.41385E-01    8.68155E-01
    2.81300E+02    1.41313E-01    8.68217E-01
    2.81400E+02    1.41536E-01    8.68024E-01
    2.81500E+02    1.42315E-01    8.67348E-01
    2.81600E+02    1.41931E-01    8.67681E-01
    2.81700E+02    1.41835E-01    8.67764E-01
    2.81800E+02    1.41964E-01    8.67653E-01
    2.81900E+02    1.42244E-01    8.67410E-01
    2.82000E+02    1.42606E-01    8.67095E-01
    2.82100E+02    1.42537E-01    8.67155E-01
    2.82200E+02    1.42701E-01    8.67013E-01
    2.82300E+02    1.42967E-01    8.66783E-01
    2.82400E+02    1.43158E-01    8.66617E-01
    2.82500E+02    1.43573E-01    8.66258E-01
    2.82600E+02    1.44316E-01    8.65614E-01
    2.82700E+02    1.46114E-01    8.64059E-01
    2.82800E+02    1.54796E-01    8.56590E-01
    2.82900E+02    1.50753E-01    8.60060E-01
    2.83000E+02    1.45937E-01    8.64212E-01
    2.83100E+02    1.44868E-01    8.65137E-01
    2.83200E+02    1.44533E-01    8.65427E-01
    2.83300E+02    1.44421E-01    8.65523E-01
    2.83400E+02    1.44465E-01    8.65485E-01
    2.83500E+02    1.44507E-01    8.65449E-01
    2.83600E+02    1.44599E-01    8.65369E-01
    2.83700E+02    1.44721E-01    8.65264E-01
    2.83800E+02    1.44863E-01    8.65141E-01
    2.83900E+02    1.45018E-01    8.65007E-01
    2.84000E+02    1.45205E-01    8.64845E-01
    2.84100E+02    1.45364E-01    8.64708E-01
    2.84200E+02    1.45549E-01    8.64548E-01
    2.84300E+02    1.45787E-01    8.64342E-01
    2.84400E+02    1.46455E-01    8.63765E-01
    2.84500E+02    1.46214E-01    8.63973E-01
    2.84600E+02    1.46531E-01    8.63699E-01
    2.84700E+02    1.46651E-01    8.63596E-01
    2.84800E+02    1.46948E-01    8.63339E-01
    2.84900E+02    1.47231E-01    8.63095E-01
    2.85000E+02    1.47524E-01    8.62842E-01
    2.85100E+02    1.47902E-01    8.62516E-01
    2.85200E+02    1.48355E-01    8.62125E-01
    2.85300E+02    1.48910E-01    8.61647E-01
    2.85400E+02    1.49615E-01    8.61039E-01
    2.85500E+02    1.50560E-01    8.60226E-01
    2.85600E+02    1.51963E-01    8.59020E-01
    2.85700E+02    1.53914E-01    8.57346E-01
    2.85800E+02    1.57435E-01    8.54332E-01
    2.85900E+02    1.64742E-01    8.48112E-01
    2.86000E+02    1.85761E-01    8.30472E-01
    2.86100E+02    2.79140E-01    7.56434E-01
    2.86200E+02    2.33306E-01    7.91911E-01
    2.86300E+02    2.29118E-01    7.95235E-01
    2.86400E+02    1.70391E-01    8.43335E-01
    2.86500E+02    1.60211E-01    8.51964E-01
    2.86600E+02    1.56140E-01    8.55439E-01
    2.86700E+02    1.54094E-01    8.57191E-01
    2.86800E+02    1.52948E-01    8.58174E-01
    2.86900E+02    1.52289E-01    8.58740E-01
    2.87000E+02    1.51959E-01    8.59023E-01
    2.87100E+02    1.51602E-01    8.59330E-01
    2.87200E+02    1.51454E-01    8.59457E-01
    2.87300E+02    1.51400E-01    8.59504E-01
    2.87400E+02    1.51411E-01    8.59494E-01
    2.87500E+02    1.51476E-01    8.59438E-01
    2.87600E+02    1.51583E-01    8.59346E-01
    2.87700E+02    1.51730E-01    8.59220E-01
    2.87800E+02    1.51923E-01    8.59055E-01
    2.87900E+02    1.52162E-01    8.58849E-01
    2.88000E+02    1.52462E-01    8.58592E-01
    2.88100E+02    1.52837E-01    8.58269E-01
    2.88200E+02    1.53327E-01    8.57849E-01
    2.88300E+02    1.54058E-01    8.57223E-01
    2.88400E+02    1.54863E-01    8.56532E-01
    2.88500E+02    1.56159E-01    8.55423E-01
    2.88600E+02    1.58361E-01    8.53541E-01
    2.88700E+02    1.62604E-01    8.49928E-01
    2.88800E+02    1.72906E-01    8.41217E-01
    2.88900E+02    2.13495E-01    8.07756E-01
    2.89000E+02    2.38175E-01    7.88064E-01
    2.89100E+02    1.77212E-01    8.37602E-01
    2.89200E+02    1.64657E-01    8.48184E-01
    2.89300E+02    1.59982E-01    8.52159E-01
    2.89400E+02    1.57790E-01    8.54029E-01
    2.89500E+02    1.56624E-01    8.55025E-01
    2.89600E+02    1.55965E-01    8.55589E-01
    2.89700E+02    1.55594E-01    8.55907E-01
    2.89800E+02    1.55467E-01    8.56015E-01
    2.89900E+02    1.55420E-01    8.56056E-01
    2.90000E+02    1.55398E-01    8.56074E-01
    2.90100E+02    1.55241E-01    8.56208E-01
    2.90200E+02    1.55263E-01    8.56190E-01
    2.90300E+02    1.55340E-01    8.56124E-01
    2.90400E+02    1.55463E-01    8.56019E-01
    2.90500E+02    1.55654E-01    8.55855E-01
    2.90600E+02    1.55855E-01    8.55683E-01
    2.90700E+02    1.56168E-01    8.55415E-01
    2.90800E+02    1.56779E-01    8.54893E-01
    2.90900E+02    1.58737E-01    8.53221E-01
    2.91000E+02    1.63195E-01    8.49425E-01
    2.91100E+02    1.57902E-01    8.53933E-01
    2.91200E+02    1.57231E-01    8.54507E-01
    2.91300E+02    1.57273E-01    8.54471E-01
    2.91400E+02    1.57282E-01    8.54463E-01
    2.91500E+02    1.57289E-01    8.54457E-01
    2.91600E+02    1.57563E-01    8.54223E-01
    2.91700E+02    1.60125E-01    8.52038E-01
    2.91800E+02    1.57868E-01    8.53963E-01
    2.91900E+02    1.57910E-01    8.53927E-01
    2.92000E+02    1.58083E-01    8.53779E-01
    2.92100E+02    1.58311E-01    8.53585E-01
    2.92200E+02    1.58579E-01    8.53356E-01
    2.92300E+02    1.58890E-01    8.53090E-01
    2.92400E+02    1.59281E-01    8.52757E-01
    2.92500E+02    1.59950E-01    8.52186E-01
    2.92600E+02    1.60421E-01    8.51785E-01
    2.92700E+02    1.61056E-01    8.51244E-01
    2.92800E+02    1.62241E-01    8.50237E-01
    2.92900E+02    1.64385E-01    8.48415E-01
    2.93000E+02    1.69218E-01    8.44325E-01
    2.93100E+02    1.86133E-01    8.30163E-01
    2.93200E+02    2.13766E-01    8.07538E-01
    2.93300E+02    1.74993E-01    8.39463E-01
    2.93400E+02    1.69283E-01    8.44270E-01
    2.93500E+02    1.73133E-01    8.41026E-01
    2.93600E+02    1.71547E-01    8.42361E-01
    2.93700E+02    1.65095E-01    8.47813E-01
    2.93800E+02    1.63462E-01    8.49199E-01
    2.93900E+02    1.62794E-01    8.49766E-01
    2.94000E+02    1.62507E-01    8.50010E-01
    2.94100E+02    1.62396E-01    8.50104E-01
    2.94200E+02    1.62391E-01    8.50108E-01
    2.94300E+02    1.62440E-01    8.50067E-01
    2.94400E+02    1.62533E-01    8.49988E-01
    2.94500E+02    1.62663E-01    8.49878E-01
    2.94600E+02    1.62891E-01    8.49684E-01
    2.94700E+02    1.62945E-01    8.49638E-01
    2.94800E+02    1.63121E-01    8.49488E-01
    2.94900E+02    1.63291E-01    8.49344E-01
    2.95000E+02    1.63476E-01    8.49187E-01
    2.95100E+02    1.63664E-01    8.49027E-01
    2.95200E+02    1.63891E-01    8.48835E-01
    2.95300E+02    1.64252E-01    8.48528E-01
    2.95400E+02    1.64464E-01    8.48348E-01
    2.95500E+02    1.64626E-01    8.48211E-01
    2.95600E+02    1.64734E-01    8.48119E-01
    2.95700E+02    1.64957E-01    8.47930E-01
    2.95800E+02    1.65292E-01    8.47646E-01
    2.95900E+02    1.65450E-01    8.47512E-01
    2.96000E+02    1.65765E-01    8.47245E-01
    2.96100E+02    1.66203E-01    8.46874E-01
    2.96200E+02    1.66230E-01    8.46851E-01
    2.96300E+02    1.66501E-01    8.46622E-01
    2.96400E+02    1.67093E-01    8.46121E-01
    2.96500E+02    1.67083E-01    8.46129E-01
    2.96600E+02    1.67374E-01    8.45883E-01
    2.96700E+02    1.67709E-01    8.45600E-01
    2.96800E+02    1.68114E-01    8.45257E-01
    2.96900E+02    1.68482E-01    8.44947E-01
    2.97000E+02    1.68987E-01    8.44520E-01
    2.97100E+02    1.69954E-01    8.43704E-01
    2.97200E+02    1.71653E-01    8.42271E-01
    2.97300E+02    1.70460E-01    8.43277E-01
    2.97400E+02    1.70906E-01    8.42901E-01
    2.97500E+02    1.71181E-01    8.42669E-01
    2.97600E+02    1.71712E-01    8.42222E-01
    2.97700E+02    1.72360E-01    8.41676E-01
    2.97800E+02    1.73116E-01    8.41040E-01
    2.97900E+02    1.74004E-01    8.40294E-01
    2.98000E+02    1.75065E-01    8.39402E-01
    2.98100E+02    1.76386E-01    8.38295E-01
    2.98200E+02    1.78112E-01    8.36849E-01
    2.98300E+02    1.80732E-01    8.34659E-01
    2.98400E+02    1.85128E-01    8.30998E-01
    2.98500E+02    1.89007E-01    8.27781E-01
    2.98600E+02    1.83503E-01    8.32349E-01
    2.98700E+02    1.80296E-01    8.35023E-01
    2.98800E+02    1.79270E-01    8.35880E-01
    2.98900E+02    1.77947E-01    8.36987E-01
    2.99000E+02    1.77238E-01    8.37581E-01
    2.99100E+02    1.76777E-01    8.37967E-01
    2.99200E+02    1.76488E-01    8.38209E-01
    2.99300E+02    1.76383E-01    8.38296E-01
    2.99400E+02    1.76690E-01    8.38040E-01
    2.99500E+02    1.79159E-01    8.35973E-01
    2.99600E+02    1.76477E-01    8.38218E-01
    2.99700E+02    1.76454E-01    8.38238E-01
    2.99800E+02    1.76266E-01    8.38395E-01
    2.99900E+02    1.76377E-01    8.38302E-01
    3.00000E+02    1.76587E-01    8.38126E-01
    3.00100E+02    1.76965E-01    8.37809E-01
    3.00200E+02    1.77332E-01    8.37502E-01
    3.00300E+02    1.77871E-01    8.37050E-01
    3.00400E+02    1.78822E-01    8.36255E-01
    3.00500E+02    1.80765E-01    8.34632E-01
    3.00600E+02    1.86715E-01    8.29680E-01
    3.00700E+02    2.09961E-01    8.10615E-01
    3.00800E+02    1.84925E-01    8.31167E-01
    3.00900E+02    1.81855E-01    8.33722E-01
    3.01000E+02    1.81243E-01    8.34233E-01
    3.01100E+02    1.81380E-01    8.34119E-01
    3.01200E+02    1.82039E-01    8.33569E-01
    3.01300E+02    1.83298E-01    8.32520E-01
    3.01400E+02    1.85426E-01    8.30750E-01
    3.01500E+02    1.89270E-01    8.27563E-01
    3.01600E+02    1.97430E-01    8.20838E-01
    3.01700E+02    2.21014E-01    8.01705E-01
    3.01800E+02    3.86914E-01    6.79149E-01
    3.01900E+02    2.35707E-01    7.90012E-01
    3.02000E+02    2.02212E-01    8.16922E-01
    3.02100E+02    1.92444E-01    8.24941E-01
    3.02200E+02    1.88433E-01    8.28256E-01
    3.02300E+02    1.86561E-01    8.29808E-01
    3.02400E+02    1.85710E-01    8.30514E-01
    3.02500E+02    1.85531E-01    8.30663E-01
    3.02600E+02    1.85699E-01    8.30523E-01
    3.02700E+02    1.86291E-01    8.30032E-01
    3.02800E+02    1.87624E-01    8.28926E-01
    3.02900E+02    1.90422E-01    8.26610E-01
    3.03000E+02    1.97328E-01    8.20921E-01
    3.03100E+02    2.22722E-01    8.00338E-01
    3.03200E+02    2.47857E-01    7.80472E-01
    3.03300E+02    2.01682E-01    8.17355E-01
    3.03400E+02    1.92660E-01    8.24762E-01
    3.03500E+02    1.89569E-01    8.27316E-01
    3.03600E+02    1.88440E-01    8.28250E-01
    3.03700E+02    1.87416E-01    8.29099E-01
    3.03800E+02    1.87092E-01    8.29367E-01
    3.03900E+02    1.87045E-01    8.29407E-01
    3.04000E+02    1.87093E-01    8.29367E-01
    3.04100E+02    1.87252E-01    8.29235E-01
    3.04200E+02    1.87495E-01    8.29033E-01
    3.04300E+02    1.87806E-01    8.28776E-01
    3.04400E+02    1.88186E-01    8.28461E-01
    3.04500E+02    1.88645E-01    8.28080E-01
    3.04600E+02    1.89218E-01    8.27606E-01
    3.04700E+02    1.90006E-01    8.26954E-01
    3.04800E+02    1.91711E-01    8.25545E-01
    3.04900E+02    1.90943E-01    8.26180E-01
    3.05000E+02    1.90544E-01    8.26510E-01
    3.05100E+02    1.90502E-01    8.26544E-01
    3.05200E+02    1.90518E-01    8.26531E-01
    3.05300E+02    1.90634E-01    8.26435E-01
    3.05400E+02    1.90806E-01    8.26293E-01
    3.05500E+02    1.91014E-01    8.26121E-01
    3.05600E+02    1.91254E-01    8.25923E-01
    3.05700E+02    1.91515E-01    8.25707E-01
    3.05800E+02    1.91796E-01    8.25475E-01
    3.05900E+02    1.92109E-01    8.25217E-01
    3.06000E+02    1.92443E-01    8.24941E-01
    3.06100E+02    1.92735E-01    8.24700E-01
    3.06200E+02    1.93067E-01    8.24427E-01
    3.06300E+02    1.93409E-01    8.24145E-01
    3.06400E+02    1.93771E-01    8.23847E-01
    3.06500E+02    1.94122E-01    8.23557E-01
    3.06600E+02    1.94493E-01    8.23252E-01
    3.06700E+02    1.94875E-01    8.22937E-01
    3.06800E+02    1.95274E-01    8.22609E-01
    3.06900E+02    1.95752E-01    8.22216E-01
    3.07000E+02    1.96103E-01    8.21928E-01
    3.07100E+02    1.96479E-01    8.21619E-01
    3.07200E+02    1.96903E-01    8.21270E-01
    3.07300E+02    1.97485E-01    8.20793E-01
    3.07400E+02    1.98002E-01    8.20368E-01
    3.07500E+02    1.98618E-01    8.19863E-01
    3.07600E+02    1.98847E-01    8.19675E-01
    3.07700E+02    1.99241E-01    8.19353E-01
    3.07800E+02    1.99683E-01    8.18991E-01
    3.07900E+02    2.00149E-01    8.18609E-01
    3.08000E+02    2.00616E-01    8.18226E-01
    3.08100E+02    2.01100E-01    8.17831E-01
    3.08200E+02    2.01602E-01    8.17420E-01
    3.08300E+02    2.02127E-01    8.16991E-01
    3.08400E+02    2.02706E-01    8.16518E-01
    3.08500E+02    2.03547E-01    8.15832E-01
    3.08600E+02    2.04492E-01    8.15061E-01
    3.08700E+02    2.04382E-01    8.15151E-01
    3.08800E+02    2.04959E-01    8.14681E-01
    3.08900E+02    2.05557E-01    8.14194E-01
    3.09000E+02    2.05935E-01    8.13886E-01
    3.09100E+02    2.06501E-01    8.13425E-01
    3.09200E+02    2.07154E-01    8.12895E-01
    3.09300E+02    2.07810E-01    8.12361E-01
    3.09400E+02    2.08613E-01    8.11709E-01
    3.09500E+02    2.09125E-01    8.11294E-01
    3.09600E+02    2.09891E-01    8.10672E-01
    3.09700E+02    2.10826E-01    8.09915E-01
    3.09800E+02    2.12129E-01    8.08860E-01
    3.09900E+02    2.14326E-01    8.07085E-01
    3.10000E+02    2.21145E-01    8.01601E-01
    3.10100E+02    2.27342E-01    7.96648E-01
    3.10200E+02    2.17121E-01    8.04832E-01
    3.10300E+02    2.15747E-01    8.05939E-01
    3.10400E+02    2.15538E-01    8.06107E-01
    3.10500E+02    2.15824E-01    8.05877E-01
    3.10600E+02    2.16275E-01    8.05514E-01
    3.10700E+02    2.16817E-01    8.05077E-01
    3.10800E+02    2.17413E-01    8.04598E-01
    3.10900E+02    2.18044E-01    8.04090E-01
    3.11000E+02    2.18711E-01    8.03554E-01
    3.11100E+02    2.19457E-01    8.02955E-01
    3.11200E+02    2.20122E-01    8.02421E-01
    3.11300E+02    2.20798E-01    8.01878E-01
    3.11400E+02    2.21525E-01    8.01296E-01
    3.11500E+02    2.22288E-01    8.00685E-01
    3.11600E+02    2.23151E-01    7.99994E-01
    3.11700E+02    2.23933E-01    7.99369E-01
    3.11800E+02    2.24673E-01    7.98777E-01
    3.11900E+02    2.25465E-01    7.98145E-01
    3.12000E+02    2.26313E-01    7.97468E-01
    3.12100E+02    2.27187E-01    7.96772E-01
    3.12200E+02    2.28085E-01    7.96056E-01
    3.12300E+02    2.29012E-01    7.95319E-01
    3.12400E+02    2.29969E-01    7.94559E-01
    3.12500E+02    2.31000E-01    7.93739E-01
    3.12600E+02    2.32022E-01    7.92929E-01
    3.12700E+02    2.32966E-01    7.92180E-01
    3.12800E+02    2.34016E-01    7.91349E-01
    3.12900E+02    2.35364E-01    7.90283E-01
    3.13000E+02    2.36189E-01    7.89632E-01
    3.13100E+02    2.37275E-01    7.88775E-01
    3.13200E+02    2.38345E-01    7.87930E-01
    3.13300E+02    2.39498E-01    7.87023E-01
    3.13400E+02    2.40701E-01    7.86076E-01
    3.13500E+02    2.41979E-01    7.85072E-01
    3.13600E+02    2.43419E-01    7.83943E-01
    3.13700E+02    2.44381E-01    7.83189E-01
    3.13800E+02    2.45633E-01    7.82209E-01
    3.13900E+02    2.46981E-01    7.81155E-01
    3.14000E+02    2.48896E-01    7.79661E-01
    3.14100E+02    2.49561E-01    7.79143E-01
    3.14200E+02    2.50855E-01    7.78135E-01
    3.14300E+02    2.52233E-01    7.77064E-01
    3.14400E+02    2.53664E-01    7.75953E-01
    3.14500E+02    2.55147E-01    7.74803E-01
    3.14600E+02    2.56685E-01    7.73612E-01
    3.14700E+02    2.58287E-01    7.72374E-01
    3.14800E+02    2.59961E-01    7.71082E-01
    3.14900E+02    2.61717E-01    7.69729E-01
    3.15000E+02    2.63578E-01    7.68298E-01
    3.15100E+02    2.65594E-01    7.66750E-01
    3.15200E+02    2.67702E-01    7.65136E-01
    3.15300E+02    2.70060E-01    7.63333E-01
    3.15400E+02    2.72782E-01    7.61259E-01
    3.15500E+02    2.76132E-01    7.58713E-01
    3.15600E+02    2.80788E-01    7.55189E-01
    3.15700E+02    2.88995E-01    7.49016E-01
    3.15800E+02    3.12984E-01    7.31262E-01
    3.15900E+02    3.64600E-01    6.94475E-01
    3.16000E+02    3.06300E-01    7.36166E-01
    3.16100E+02    3.02970E-01    7.38622E-01
    3.16200E+02    3.14454E-01    7.30187E-01
    3.16300E+02    3.85333E-01    6.80224E-01
    3.16400E+02    3.37175E-01    7.13784E-01
    3.16500E+02    3.12354E-01    7.31722E-01
    3.16600E+02    3.09097E-01    7.34110E-01
    3.16700E+02    3.16146E-01    7.28953E-01
    3.16800E+02    3.08450E-01    7.34585E-01
    3.16900E+02    3.09370E-01    7.33909E-01
    3.17000E+02    3.12021E-01    7.31966E-01
    3.17100E+02    3.16886E-01    7.28414E-01
    3.17200E+02    3.36953E-01    7.13942E-01
    3.17300E+02    3.22231E-01    7.24531E-01
    3.17400E+02    3.23326E-01    7.23738E-01
    3.17500E+02    3.26032E-01    7.21782E-01
    3.17600E+02    3.29312E-01    7.19419E-01
    3.17700E+02    3.32933E-01    7.16818E-01
    3.17800E+02    3.36788E-01    7.14060E-01
    3.17900E+02    3.40843E-01    7.11170E-01
    3.18000E+02    3.45128E-01    7.08130E-01
    3.18100E+02    3.49676E-01    7.04916E-01
    3.18200E+02    3.54357E-01    7.01625E-01
    3.18300E+02    3.59311E-01    6.98157E-01
    3.18400E+02    3.64518E-01    6.94531E-01
    3.18500E+02    3.70015E-01    6.90724E-01
    3.18600E+02    3.75686E-01    6.86818E-01
    3.18700E+02    3.81708E-01    6.82695E-01
    3.18800E+02    3.88043E-01    6.78383E-01
    3.18900E+02    3.94719E-01    6.73870E-01
    3.19000E+02    4.01756E-01    6.69144E-01
    3.19100E+02    4.09204E-01    6.64179E-01
    3.19200E+02    4.17183E-01    6.58900E-01
    3.19300E+02    4.25568E-01    6.53398E-01
    3.19400E+02    4.34644E-01    6.47495E-01
    3.19500E+02    4.44189E-01    6.41344E-01
    3.19600E+02    4.54853E-01    6.34541E-01
    3.19700E+02    4.67151E-01    6.26785E-01
    3.19800E+02    4.82906E-01    6.16988E-01
    3.19900E+02    5.10640E-01    6.00111E-01
    3.20000E+02    6.58788E-01    5.17478E-01
    3.20100E+02    5.33134E-01    5.86763E-01
    3.20200E+02    5.31448E-01    5.87754E-01
    3.20300E+02    5.40709E-01    5.82335E-01
    3.20400E+02    5.53400E-01    5.74992E-01
    3.20500E+02    5.67743E-01    5.66803E-01
    3.20600E+02    5.83390E-01    5.58003E-01
    3.20700E+02    5.99911E-01    5.48860E-01
    3.20800E+02    6.17252E-01    5.39425E-01
    3.20900E+02    6.35225E-01    5.29816E-01
    3.21000E+02    6.53724E-01    5.20105E-01
    3.21100E+02    6.72674E-01    5.10342E-01
    3.21200E+02    6.91756E-01    5.00696E-01
    3.21300E+02    7.11142E-01    4.91083E-01
    3.21400E+02    7.31040E-01    4.81408E-01
    3.21500E+02    7.51765E-01    4.71534E-01
    3.21600E+02    7.73356E-01    4.61462E-01
    3.21700E+02    7.96358E-01    4.50969E-01
    3.21800E+02    8.21000E-01    4.39991E-01
    3.21900E+02    8.47712E-01    4.28394E-01
    3.22000E+02    8.78987E-01    4.15203E-01
    3.22100E+02    9.07977E-01    4.03339E-01
    3.22200E+02    9.41014E-01    3.90232E-01
    3.22300E+02    9.77039E-01    3.76424E-01
    3.22400E+02    1.01647E+00    3.61870E-01
    3.22500E+02    1.05933E+00    3.46688E-01
    3.22600E+02    1.10587E+00    3.30924E-01
    3.22700E+02    1.15657E+00    3.14562E-01
    3.22800E+02    1.21123E+00    2.97831E-01
    3.22900E+02    1.27081E+00    2.80605E-01
    3.23000E+02    1.33553E+00    2.63018E-01
    3.23100E+02    1.40582E+00    2.45166E-01
    3.23200E+02    1.48214E+00    2.27151E-01
    3.23300E+02    1.56494E+00    2.09100E-01
    3.23400E+02    1.65474E+00    1.91141E-01
    3.23500E+02    1.75205E+00    1.73419E-01
    3.23600E+02    1.85749E+00    1.56064E-01
    3.23700E+02    1.97635E+00    1.38574E-01
    3.23800E+02    2.09262E+00    1.23364E-01
    3.23900E+02    2.22252E+00    1.08336E-01
    3.24000E+02    2.36131E+00    9.42961E-02
    3.24100E+02    2.50842E+00    8.13968E-02
    3.24200E+02    2.66331E+00    6.97171E-02
    3.24300E+02    2.82424E+00    5.93538E-02
    3.24400E+02    2.98947E+00    5.03141E-02
    3.24500E+02    3.15634E+00    4.25812E-02
    3.24600E+02    3.32125E+00    3.61078E-02
    3.24700E+02    3.47933E+00    3.08280E-02
    3.24800E+02    3.62463E+00    2.66590E-02
    3.24900E+02    3.75018E+00    2.35134E-02
    3.25000E+02    3.84745E+00    2.13341E-02
    3.25100E+02    3.90688E+00    2.01031E-02
    3.25200E+02    3.91090E+00    2.00224E-02
    3.25300E+02    3.85817E+00    2.11066E-02
    3.25400E+02    3.76695E+00    2.31225E-02
    3.25500E+02    3.64640E+00    2.60849E-02
    3.25600E+02    3.50541E+00    3.00345E-02
    3.25700E+02    3.35060E+00    3.50631E-02
    3.25800E+02    3.18852E+00    4.12329E-02
    3.25900E+02    3.02371E+00    4.86206E-02
    3.26000E+02    2.86007E+00    5.72647E-02
    3.26100E+02    2.70024E+00    6.71893E-02
    3.26200E+02    2.54624E+00    7.83755E-02
    3.26300E+02    2.39991E+00    9.07260E-02
    3.26400E+02    2.26286E+00    1.04053E-01
    3.26500E+02    2.13578E+00    1.18152E-01
    3.26600E+02    2.01485E+00    1.33340E-01
    3.26700E+02    1.90997E+00    1.48085E-01
    3.26800E+02    1.83375E+00    1.59813E-01
    3.26900E+02    2.00622E+00    1.34496E-01
    3.27000E+02    1.64484E+00    1.93043E-01
    3.27100E+02    1.52951E+00    2.16641E-01
    3.27200E+02    1.44158E+00    2.36555E-01
    3.27300E+02    1.36508E+00    2.55359E-01
    3.27400E+02    1.29622E+00    2.73563E-01
    3.27500E+02    1.23357E+00    2.91252E-01
    3.27600E+02    1.17665E+00    3.08311E-01
    3.27700E+02    1.12667E+00    3.24110E-01
    3.27800E+02    1.08988E+00    3.36258E-01
    3.27900E+02    1.04092E+00    3.53129E-01
    3.28000E+02    9.87767E-01    3.72407E-01
    3.28100E+02    9.45804E-01    3.88367E-01
    3.28200E+02    9.08252E-01    4.03228E-01
    3.28300E+02    8.73724E-01    4.17394E-01
    3.28400E+02    8.41755E-01    4.30953E-01
    3.28500E+02    8.12132E-01    4.43911E-01
    3.28600E+02    7.84385E-01    4.56400E-01
    3.28700E+02    7.58520E-01    4.68359E-01
    3.28800E+02    7.34414E-01    4.79787E-01
    3.28900E+02    7.11828E-01    4.90747E-01
    3.29000E+02    6.90708E-01    5.01221E-01
    3.29100E+02    6.70973E-01    5.11211E-01
    3.29200E+02    6.52309E-01    5.20842E-01
    3.29300E+02    6.34938E-01    5.29968E-01
    3.29400E+02    6.18354E-01    5.38831E-01
    3.29500E+02    6.02870E-01    5.47239E-01
    3.29600E+02    5.88405E-01    5.55212E-01
    3.29700E+02    5.74715E-01    5.62865E-01
    3.29800E+02    5.62608E-01    5.69721E-01
    3.29900E+02    5.49346E-01    5.77327E-01
    3.30000E+02    5.37623E-01    5.84135E-01
    3.30100E+02    5.26622E-01    5.90597E-01
    3.30200E+02    5.16229E-01    5.96767E-01
    3.30300E+02    5.06380E-01    6.02673E-01
    3.30400E+02    4.97056E-01    6.08319E-01
    3.30500E+02    4.88193E-01    6.13734E-01
    3.30600E+02    4.79808E-01    6.18902E-01
    3.30700E+02    4.71839E-01    6.23854E-01
    3.30800E+02    4.64254E-01    6.28604E-01
    3.30900E+02    4.57067E-01    6.33138E-01
    3.31000E+02    4.50269E-01    6.37457E-01
    3.31100E+02    4.43770E-01    6.41613E-01
    3.31200E+02    4.37550E-01    6.45617E-01
    3.31300E+02    4.31670E-01    6.49424E-01
    3.31400E+02    4.26090E-01    6.53058E-01
    3.31500E+02    4.20824E-01    6.56506E-01
    3.31600E+02    4.15842E-01    6.59784E-01
    3.31700E+02    4.11195E-01    6.62858E-01
    3.31800E+02    4.07476E-01    6.65328E-01
    3.31900E+02    4.02567E-01    6.68601E-01
    3.32000E+02    3.98685E-01    6.71202E-01
    3.32100E+02    3.95433E-01    6.73389E-01
    3.32200E+02    3.92437E-01    6.75409E-01
    3.32300E+02    3.90473E-01    6.76737E-01
    3.32400E+02    3.90201E-01    6.76921E-01
    3.32500E+02    3.93947E-01    6.74390E-01
    3.32600E+02    4.11744E-01    6.62494E-01
    3.32700E+02    5.80683E-01    5.59516E-01
    3.32800E+02    4.24398E-01    6.54164E-01
    3.32900E+02    4.35636E-01    6.46853E-01
    3.33000E+02    3.82512E-01    6.82146E-01
    3.33100E+02    3.69783E-01    6.90884E-01
    3.33200E+02    3.63050E-01    6.95552E-01
    3.33300E+02    3.58385E-01    6.98804E-01
    3.33400E+02    3.54701E-01    7.01383E-01
    3.33500E+02    3.51529E-01    7.03612E-01
    3.33600E+02    3.48741E-01    7.05576E-01
    3.33700E+02    3.46189E-01    7.07378E-01
    3.33800E+02    3.43859E-01    7.09029E-01
    3.33900E+02    3.41755E-01    7.10522E-01
    3.34000E+02    3.39757E-01    7.11944E-01
    3.34100E+02    3.37622E-01    7.13465E-01
    3.34200E+02    3.35728E-01    7.14818E-01
    3.34300E+02    3.33976E-01    7.16071E-01
    3.34400E+02    3.32293E-01    7.17277E-01
    3.34500E+02    3.30731E-01    7.18398E-01
    3.34600E+02    3.29260E-01    7.19456E-01
    3.34700E+02    3.27909E-01    7.20429E-01
    3.34800E+02    3.26677E-01    7.21317E-01
    3.34900E+02    3.25674E-01    7.22040E-01
    3.35000E+02    3.25084E-01    7.22467E-01
    3.35100E+02    3.25630E-01    7.22073E-01
    3.35200E+02    3.30957E-01    7.18236E-01
    3.35300E+02    3.40947E-01    7.11097E-01
    3.35400E+02    3.23620E-01    7.23525E-01
    3.35500E+02    3.19689E-01    7.26375E-01
    3.35600E+02    3.17714E-01    7.27811E-01
    3.35700E+02    3.16607E-01    7.28617E-01
    3.35800E+02    3.14849E-01    7.29899E-01
    3.35900E+02    3.14119E-01    7.30432E-01
    3.36000E+02    3.12598E-01    7.31544E-01
    3.36100E+02    3.11542E-01    7.32317E-01
    3.36200E+02    3.10967E-01    7.32738E-01
    3.36300E+02    3.09643E-01    7.33709E-01
    3.36400E+02    3.08715E-01    7.34390E-01
    3.36500E+02    3.07861E-01    7.35018E-01
    3.36600E+02    3.07060E-01    7.35606E-01
    3.36700E+02    3.06288E-01    7.36174E-01
    3.36800E+02    3.05559E-01    7.36712E-01
    3.36900E+02    3.04873E-01    7.37217E-01
    3.37000E+02    3.04202E-01    7.37712E-01
    3.37100E+02    3.03694E-01    7.38087E-01
    3.37200E+02    3.03082E-01    7.38538E-01
    3.37300E+02    3.02456E-01    7.39001E-01
    3.37400E+02    3.01894E-01    7.39416E-01
    3.37500E+02    3.01501E-01    7.39707E-01
    3.37600E+02    3.01330E-01    7.39833E-01
    3.37700E+02    3.00591E-01    7.40381E-01
    3.37800E+02    2.99889E-01    7.40901E-01
    3.37900E+02    2.99387E-01    7.41272E-01
    3.38000E+02    2.98946E-01    7.41599E-01
    3.38100E+02    2.98553E-01    7.41891E-01
    3.38200E+02    2.98174E-01    7.42172E-01
    3.38300E+02    2.97889E-01    7.42384E-01
    3.38400E+02    2.97549E-01    7.42636E-01
    3.38500E+02    2.97232E-01    7.42871E-01
    3.38600E+02    2.97090E-01    7.42977E-01
    3.38700E+02    2.98175E-01    7.42172E-01
    3.38800E+02    2.96756E-01    7.43225E-01
    3.38900E+02    2.96181E-01    7.43653E-01
    3.39000E+02    2.95812E-01    7.43927E-01
    3.39100E+02    2.95541E-01    7.44129E-01
    3.39200E+02    2.95310E-01    7.44301E-01
    3.39300E+02    2.95100E-01    7.44457E-01
    3.39400E+02    2.94910E-01    7.44598E-01
    3.39500E+02    2.94736E-01    7.44728E-01
    3.39600E+02    2.94579E-01    7.44845E-01
    3.39700E+02    2.94436E-01    7.44952E-01
    3.39800E+02    2.94322E-01    7.45036E-01
    3.39900E+02    2.94231E-01    7.45105E-01
    3.40000E+02    2.94096E-01    7.45205E-01
    3.40100E+02    2.94000E-01    7.45277E-01
    3.40200E+02    2.93922E-01    7.45335E-01
    3.40300E+02    2.93857E-01    7.45383E-01
    3.40400E+02    2.93809E-01    7.45419E-01
    3.40500E+02    2.93787E-01    7.45436E-01
    3.40600E+02    2.93854E-01    7.45385E-01
    3.40700E+02    2.94148E-01    7.45166E-01
    3.40800E+02    2.93755E-01    7.45459E-01
    3.40900E+02    2.93710E-01    7.45493E-01
    3.41000E+02    2.93706E-01    7.45496E-01
    3.41100E+02    2.93723E-01    7.45483E-01
    3.41200E+02    2.93754E-01    7.45460E-01
    3.41300E+02    2.93798E-01    7.45427E-01
    3.41400E+02    2.93854E-01    7.45385E-01
    3.41500E+02    2.93925E-01    7.45332E-01
    3.41600E+02    2.94010E-01    7.45269E-01
    3.41700E+02    2.94114E-01    7.45192E-01
    3.41800E+02    2.94264E-01    7.45080E-01
    3.41900E+02    2.94588E-01    7.44838E-01
    3.42000E+02    2.94573E-01    7.44850E-01
    3.42100E+02    2.95192E-01    7.44389E-01
    3.42200E+02    2.94879E-01    7.44622E-01
    3.42300E+02    2.95058E-01    7.44488E-01
    3.42400E+02    2.95290E-01    7.44316E-01
    3.42500E+02    2.95613E-01    7.44075E-01
    3.42600E+02    2.95916E-01    7.43850E-01
    3.42700E+02    2.96388E-01    7.43499E-01
    3.42800E+02    2.97085E-01    7.42981E-01
    3.42900E+02    2.98190E-01    7.42160E-01
    3.43000E+02    3.00439E-01    7.40493E-01
    3.43100E+02    3.06938E-01    7.35696E-01
    3.43200E+02    3.34098E-01    7.15984E-01
    3.43300E+02    3.15415E-01    7.29486E-01
    3.43400E+02    3.05313E-01    7.36893E-01
    3.43500E+02    3.15104E-01    7.29713E-01
    3.43600E+02    3.01800E-01    7.39486E-01
    3.43700E+02    2.99593E-01    7.41120E-01
    3.43800E+02    2.98896E-01    7.41636E-01
    3.43900E+02    2.98674E-01    7.41801E-01
    3.44000E+02    2.98597E-01    7.41858E-01
    3.44100E+02    2.98643E-01    7.41824E-01
    3.44200E+02    2.98753E-01    7.41742E-01
    3.44300E+02    2.98906E-01    7.41629E-01
    3.44400E+02    2.99098E-01    7.41487E-01
    3.44500E+02    2.99317E-01    7.41324E-01
    3.44600E+02    2.99581E-01    7.41129E-01
    3.44700E+02    2.99828E-01    7.40946E-01
    3.44800E+02    3.00141E-01    7.40713E-01
    3.44900E+02    3.00427E-01    7.40502E-01
    3.45000E+02    3.00644E-01    7.40341E-01
    3.45100E+02    3.00924E-01    7.40134E-01
    3.45200E+02    3.01225E-01    7.39911E-01
    3.45300E+02    3.01534E-01    7.39683E-01
    3.45400E+02    3.01856E-01    7.39445E-01
    3.45500E+02    3.02185E-01    7.39201E-01
    3.45600E+02    3.02524E-01    7.38951E-01
    3.45700E+02    3.02870E-01    7.38695E-01
    3.45800E+02    3.03223E-01    7.38435E-01
    3.45900E+02    3.03586E-01    7.38166E-01
    3.46000E+02    3.03956E-01    7.37893E-01
    3.46100E+02    3.04348E-01    7.37604E-01
    3.46200E+02    3.04733E-01    7.37320E-01
    3.46300E+02    3.05105E-01    7.37046E-01
    3.46400E+02    3.05509E-01    7.36748E-01
    3.46500E+02    3.05899E-01    7.36461E-01
    3.46600E+02    3.06330E-01    7.36144E-01
    3.46700E+02    3.06741E-01    7.35841E-01
    3.46800E+02    3.07206E-01    7.35499E-01
    3.46900E+02    3.07705E-01    7.35132E-01
    3.47000E+02    3.08061E-01    7.34871E-01
    3.47100E+02    3.08534E-01    7.34523E-01
    3.47200E+02    3.09218E-01    7.34021E-01
    3.47300E+02    3.09499E-01    7.33814E-01
    3.47400E+02    3.09858E-01    7.33551E-01
    3.47500E+02    3.10305E-01    7.33223E-01
    3.47600E+02    3.10794E-01    7.32865E-01
    3.47700E+02    3.11328E-01    7.32474E-01
    3.47800E+02    3.12191E-01    7.31842E-01
    3.47900E+02    3.12329E-01    7.31741E-01
    3.48000E+02    3.12865E-01    7.31349E-01
    3.48100E+02    3.13293E-01    7.31036E-01
    3.48200E+02    3.13800E-01    7.30665E-01
    3.48300E+02    3.14309E-01    7.30294E-01
    3.48400E+02    3.14848E-01    7.29900E-01
    3.48500E+02    3.15411E-01    7.29489E-01
    3.48600E+02    3.16043E-01    7.29028E-01
    3.48700E+02    3.16497E-01    7.28697E-01
    3.48800E+02    3.17067E-01    7.28282E-01
    3.48900E+02    3.17646E-01    7.27861E-01
    3.49000E+02    3.18502E-01    7.27238E-01
    3.49100E+02    3.18829E-01    7.27000E-01
    3.49200E+02    3.19432E-01    7.26562E-01
    3.49300E+02    3.20075E-01    7.26095E-01
    3.49400E+02    3.20794E-01    7.25572E-01
    3.49500E+02    3.21745E-01    7.24883E-01
    3.49600E+02    3.22731E-01    7.24169E-01
    3.49700E+02    3.25114E-01    7.22445E-01
    3.49800E+02    3.25286E-01    7.22320E-01
    3.49900E+02    3.24449E-01    7.22926E-01
