    1.49900E+02    4.39143E-02    9.57036E-01
    1.50000E+02    4.39970E-02    9.56957E-01
    1.50100E+02    4.40762E-02    9.56881E-01
    1.50200E+02    4.41045E-02    9.56854E-01
    1.50300E+02    4.41793E-02    9.56782E-01
    1.50400E+02    4.42256E-02    9.56738E-01
    1.50500E+02    4.42892E-02    9.56677E-01
    1.50600E+02    4.43568E-02    9.56613E-01
    1.50700E+02    4.44278E-02    9.56545E-01
    1.50800E+02    4.44986E-02    9.56477E-01
    1.50900E+02    4.45708E-02    9.56408E-01
    1.51000E+02    4.46437E-02    9.56338E-01
    1.51100E+02    4.47211E-02    9.56264E-01
    1.51200E+02    4.47934E-02    9.56195E-01
    1.51300E+02    4.48698E-02    9.56122E-01
    1.51400E+02    4.49451E-02    9.56050E-01
    1.51500E+02    4.50210E-02    9.55977E-01
    1.51600E+02    4.50991E-02    9.55903E-01
    1.51700E+02    4.51749E-02    9.55830E-01
    1.51800E+02    4.52511E-02    9.55757E-01
    1.51900E+02    4.53297E-02    9.55682E-01
    1.52000E+02    4.54072E-02    9.55608E-01
    1.52100E+02    4.54871E-02    9.55532E-01
    1.52200E+02    4.55612E-02    9.55461E-01
    1.52300E+02    4.56435E-02    9.55382E-01
    1.52400E+02    4.57259E-02    9.55304E-01
    1.52500E+02    4.58132E-02    9.55220E-01
    1.52600E+02    4.58973E-02    9.55140E-01
    1.52700E+02    4.59866E-02    9.55055E-01
    1.52800E+02    4.60780E-02    9.54967E-01
    1.52900E+02    4.61753E-02    9.54875E-01
    1.53000E+02    4.62814E-02    9.54773E-01
    1.53100E+02    4.63898E-02    9.54670E-01
    1.53200E+02    4.65029E-02    9.54562E-01
    1.53300E+02    4.66344E-02    9.54436E-01
    1.53400E+02    4.67949E-02    9.54283E-01
    1.53500E+02    4.70121E-02    9.54076E-01
    1.53600E+02    4.73500E-02    9.53754E-01
    1.53700E+02    4.84982E-02    9.52659E-01
    1.53800E+02    4.85199E-02    9.52638E-01
    1.53900E+02    5.03580E-02    9.50889E-01
    1.54000E+02    5.41832E-02    9.47259E-01
    1.54100E+02    5.23069E-02    9.49038E-01
    1.54200E+02    4.90018E-02    9.52179E-01
    1.54300E+02    4.82372E-02    9.52908E-01
    1.54400E+02    4.79624E-02    9.53170E-01
    1.54500E+02    4.78723E-02    9.53255E-01
    1.54600E+02    4.78639E-02    9.53264E-01
    1.54700E+02    4.79146E-02    9.53215E-01
    1.54800E+02    4.79675E-02    9.53165E-01
    1.54900E+02    4.80311E-02    9.53104E-01
    1.55000E+02    4.81095E-02    9.53029E-01
    1.55100E+02    4.81917E-02    9.52951E-01
    1.55200E+02    4.82792E-02    9.52868E-01
    1.55300E+02    4.83696E-02    9.52782E-01
    1.55400E+02    4.84657E-02    9.52690E-01
    1.55500E+02    4.85663E-02    9.52594E-01
    1.55600E+02    4.86713E-02    9.52494E-01
    1.55700E+02    4.87845E-02    9.52386E-01
    1.55800E+02    4.89108E-02    9.52266E-01
    1.55900E+02    4.90828E-02    9.52102E-01
    1.56000E+02    4.93409E-02    9.51857E-01
    1.56100E+02    5.10472E-02    9.50234E-01
    1.56200E+02    4.95941E-02    9.51616E-01
    1.56300E+02    4.95045E-02    9.51701E-01
    1.56400E+02    4.95738E-02    9.51635E-01
    1.56500E+02    4.97755E-02    9.51443E-01
    1.56600E+02    4.97601E-02    9.51458E-01
    1.56700E+02    4.98612E-02    9.51361E-01
    1.56800E+02    4.99537E-02    9.51273E-01
    1.56900E+02    5.00617E-02    9.51171E-01
    1.57000E+02    5.01898E-02    9.51049E-01
    1.57100E+02    5.02970E-02    9.50947E-01
    1.57200E+02    5.04357E-02    9.50815E-01
    1.57300E+02    5.06276E-02    9.50633E-01
    1.57400E+02    5.06586E-02    9.50603E-01
    1.57500E+02    5.07674E-02    9.50500E-01
    1.57600E+02    5.08866E-02    9.50386E-01
    1.57700E+02    5.10097E-02    9.50269E-01
    1.57800E+02    5.11337E-02    9.50152E-01
    1.57900E+02    5.12604E-02    9.50031E-01
    1.58000E+02    5.13895E-02    9.49909E-01
    1.58100E+02    5.15212E-02    9.49783E-01
    1.58200E+02    5.16533E-02    9.49658E-01
    1.58300E+02    5.17924E-02    9.49526E-01
    1.58400E+02    5.19390E-02    9.49387E-01
    1.58500E+02    5.21651E-02    9.49172E-01
    1.58600E+02    5.22697E-02    9.49073E-01
    1.58700E+02    5.23401E-02    9.49006E-01
    1.58800E+02    5.24715E-02    9.48881E-01
    1.58900E+02    5.26067E-02    9.48753E-01
    1.59000E+02    5.27470E-02    9.48620E-01
    1.59100E+02    5.28997E-02    9.48475E-01
    1.59200E+02    5.30553E-02    9.48328E-01
    1.59300E+02    5.31927E-02    9.48197E-01
    1.59400E+02    5.33319E-02    9.48065E-01
    1.59500E+02    5.35032E-02    9.47903E-01
    1.59600E+02    5.36369E-02    9.47776E-01
    1.59700E+02    5.37748E-02    9.47646E-01
    1.59800E+02    5.39305E-02    9.47498E-01
    1.59900E+02    5.40990E-02    9.47338E-01
    1.60000E+02    5.42529E-02    9.47193E-01
    1.60100E+02    5.44024E-02    9.47051E-01
    1.60200E+02    5.45627E-02    9.46899E-01
    1.60300E+02    5.47169E-02    9.46753E-01
    1.60400E+02    5.48939E-02    9.46586E-01
    1.60500E+02    5.50509E-02    9.46437E-01
    1.60600E+02    5.52123E-02    9.46284E-01
    1.60700E+02    5.53810E-02    9.46125E-01
    1.60800E+02    5.55495E-02    9.45965E-01
    1.60900E+02    5.57219E-02    9.45802E-01
    1.61000E+02    5.58984E-02    9.45635E-01
    1.61100E+02    5.60775E-02    9.45466E-01
    1.61200E+02    5.62615E-02    9.45292E-01
    1.61300E+02    5.64509E-02    9.45113E-01
    1.61400E+02    5.66222E-02    9.44951E-01
    1.61500E+02    5.68057E-02    9.44778E-01
    1.61600E+02    5.69924E-02    9.44601E-01
    1.61700E+02    5.71849E-02    9.44419E-01
    1.61800E+02    5.73763E-02    9.44239E-01
    1.61900E+02    5.75736E-02    9.44052E-01
    1.62000E+02    5.77706E-02    9.43866E-01
    1.62100E+02    5.79713E-02    9.43677E-01
    1.62200E+02    5.81749E-02    9.43485E-01
    1.62300E+02    5.83878E-02    9.43284E-01
    1.62400E+02    5.85897E-02    9.43094E-01
    1.62500E+02    5.88019E-02    9.42894E-01
    1.62600E+02    5.90177E-02    9.42690E-01
    1.62700E+02    5.92348E-02    9.42485E-01
    1.62800E+02    5.94577E-02    9.42275E-01
    1.62900E+02    5.96842E-02    9.42062E-01
    1.63000E+02    5.99168E-02    9.41843E-01
    1.63100E+02    6.01590E-02    9.41615E-01
    1.63200E+02    6.04367E-02    9.41353E-01
    1.63300E+02    6.06928E-02    9.41112E-01
    1.63400E+02    6.08868E-02    9.40930E-01
    1.63500E+02    6.11301E-02    9.40701E-01
    1.63600E+02    6.13892E-02    9.40457E-01
    1.63700E+02    6.16497E-02    9.40212E-01
    1.63800E+02    6.19230E-02    9.39955E-01
    1.63900E+02    6.22074E-02    9.39688E-01
    1.64000E+02    6.25075E-02    9.39406E-01
    1.64100E+02    6.28142E-02    9.39118E-01
    1.64200E+02    6.31484E-02    9.38804E-01
    1.64300E+02    6.35132E-02    9.38462E-01
    1.64400E+02    6.39250E-02    9.38075E-01
    1.64500E+02    6.44166E-02    9.37614E-01
    1.64600E+02    6.50635E-02    9.37008E-01
    1.64700E+02    6.60933E-02    9.36044E-01
    1.64800E+02    6.81555E-02    9.34115E-01
    1.64900E+02    7.49511E-02    9.27789E-01
    1.65000E+02    7.58385E-02    9.26966E-01
    1.65100E+02    6.93059E-02    9.33041E-01
    1.65200E+02    6.82726E-02    9.34006E-01
    1.65300E+02    6.83826E-02    9.33903E-01
    1.65400E+02    6.90921E-02    9.33241E-01
    1.65500E+02    7.06226E-02    9.31814E-01
    1.65600E+02    7.40683E-02    9.28608E-01
    1.65700E+02    8.52882E-02    9.18248E-01
    1.65800E+02    1.27808E-01    8.80022E-01
    1.65900E+02    8.05995E-02    9.22563E-01
    1.66000E+02    7.38458E-02    9.28815E-01
    1.66100E+02    7.17657E-02    9.30749E-01
    1.66200E+02    7.12646E-02    9.31215E-01
    1.66300E+02    7.06870E-02    9.31753E-01
    1.66400E+02    7.06143E-02    9.31821E-01
    1.66500E+02    7.07399E-02    9.31704E-01
    1.66600E+02    7.10833E-02    9.31384E-01
    1.66700E+02    7.11570E-02    9.31316E-01
    1.66800E+02    7.14214E-02    9.31069E-01
    1.66900E+02    7.17357E-02    9.30777E-01
    1.67000E+02    7.20857E-02    9.30451E-01
    1.67100E+02    7.24792E-02    9.30085E-01
    1.67200E+02    7.29091E-02    9.29685E-01
    1.67300E+02    7.34259E-02    9.29205E-01
    1.67400E+02    7.41312E-02    9.28550E-01
    1.67500E+02    7.57089E-02    9.27086E-01
    1.67600E+02    7.82557E-02    9.24728E-01
    1.67700E+02    7.56861E-02    9.27107E-01
    1.67800E+02    7.55737E-02    9.27211E-01
    1.67900E+02    7.58167E-02    9.26986E-01
    1.68000E+02    7.61730E-02    9.26656E-01
    1.68100E+02    7.65815E-02    9.26277E-01
    1.68200E+02    7.70177E-02    9.25873E-01
    1.68300E+02    7.74783E-02    9.25447E-01
    1.68400E+02    7.79556E-02    9.25005E-01
    1.68500E+02    7.84489E-02    9.24549E-01
    1.68600E+02    7.89597E-02    9.24077E-01
    1.68700E+02    7.94890E-02    9.23588E-01
    1.68800E+02    8.00551E-02    9.23065E-01
    1.68900E+02    8.07758E-02    9.22400E-01
    1.69000E+02    8.15973E-02    9.21643E-01
    1.69100E+02    8.17629E-02    9.21490E-01
    1.69200E+02    8.22565E-02    9.21036E-01
    1.69300E+02    8.28223E-02    9.20515E-01
    1.69400E+02    8.34076E-02    9.19976E-01
    1.69500E+02    8.40176E-02    9.19415E-01
    1.69600E+02    8.46538E-02    9.18830E-01
    1.69700E+02    8.52941E-02    9.18242E-01
    1.69800E+02    8.59893E-02    9.17604E-01
    1.69900E+02    8.66694E-02    9.16980E-01
    1.70000E+02    8.74125E-02    9.16299E-01
    1.70100E+02    8.79820E-02    9.15777E-01
    1.70200E+02    8.86856E-02    9.15133E-01
    1.70300E+02    8.95313E-02    9.14360E-01
    1.70400E+02    9.01438E-02    9.13800E-01
    1.70500E+02    9.08949E-02    9.13114E-01
    1.70600E+02    9.16669E-02    9.12409E-01
    1.70700E+02    9.24619E-02    9.11684E-01
    1.70800E+02    9.32762E-02    9.10942E-01
    1.70900E+02    9.41155E-02    9.10178E-01
    1.71000E+02    9.49861E-02    9.09386E-01
    1.71100E+02    9.58851E-02    9.08568E-01
    1.71200E+02    9.68160E-02    9.07723E-01
    1.71300E+02    9.78376E-02    9.06796E-01
    1.71400E+02    9.97232E-02    9.05088E-01
    1.71500E+02    9.97594E-02    9.05055E-01
    1.71600E+02    1.00580E-01    9.04313E-01
    1.71700E+02    1.01523E-01    9.03461E-01
    1.71800E+02    1.02529E-01    9.02552E-01
    1.71900E+02    1.03573E-01    9.01610E-01
    1.72000E+02    1.04648E-01    9.00641E-01
    1.72100E+02    1.05751E-01    8.99649E-01
    1.72200E+02    1.06887E-01    8.98627E-01
    1.72300E+02    1.08051E-01    8.97582E-01
    1.72400E+02    1.09249E-01    8.96507E-01
    1.72500E+02    1.10481E-01    8.95403E-01
    1.72600E+02    1.11748E-01    8.94270E-01
    1.72700E+02    1.13054E-01    8.93102E-01
    1.72800E+02    1.14414E-01    8.91889E-01
    1.72900E+02    1.15783E-01    8.90668E-01
    1.73000E+02    1.17215E-01    8.89394E-01
    1.73100E+02    1.18710E-01    8.88065E-01
    1.73200E+02    1.20300E-01    8.86654E-01
    1.73300E+02    1.22132E-01    8.85032E-01
    1.73400E+02    1.24359E-01    8.83063E-01
    1.73500E+02    1.28927E-01    8.79038E-01
    1.73600E+02    1.27296E-01    8.80473E-01
    1.73700E+02    1.28522E-01    8.79394E-01
    1.73800E+02    1.30123E-01    8.77987E-01
    1.73900E+02    1.31870E-01    8.76455E-01
    1.74000E+02    1.33715E-01    8.74840E-01
    1.74100E+02    1.35630E-01    8.73166E-01
    1.74200E+02    1.37627E-01    8.71424E-01
    1.74300E+02    1.39683E-01    8.69634E-01
    1.74400E+02    1.41819E-01    8.67779E-01
    1.74500E+02    1.44046E-01    8.65848E-01
    1.74600E+02    1.46340E-01    8.63864E-01
    1.74700E+02    1.48726E-01    8.61805E-01
    1.74800E+02    1.51234E-01    8.59646E-01
    1.74900E+02    1.53899E-01    8.57359E-01
    1.75000E+02    1.56835E-01    8.54845E-01
    1.75100E+02    1.60604E-01    8.51629E-01
    1.75200E+02    1.68129E-01    8.45245E-01
    1.75300E+02    1.66979E-01    8.46218E-01
    1.75400E+02    1.73187E-01    8.40980E-01
    1.75500E+02    1.75309E-01    8.39198E-01
    1.75600E+02    1.75154E-01    8.39327E-01
    1.75700E+02    1.77651E-01    8.37234E-01
    1.75800E+02    1.80742E-01    8.34650E-01
    1.75900E+02    1.84137E-01    8.31822E-01
    1.76000E+02    1.87730E-01    8.28839E-01
    1.76100E+02    1.91508E-01    8.25713E-01
    1.76200E+02    1.95469E-01    8.22448E-01
    1.76300E+02    1.99603E-01    8.19056E-01
    1.76400E+02    2.04093E-01    8.15387E-01
    1.76500E+02    2.08386E-01    8.11893E-01
    1.76600E+02    2.13036E-01    8.08127E-01
    1.76700E+02    2.17894E-01    8.04211E-01
    1.76800E+02    2.22984E-01    8.00128E-01
    1.76900E+02    2.28290E-01    7.95894E-01
    1.77000E+02    2.33835E-01    7.91492E-01
    1.77100E+02    2.39617E-01    7.86930E-01
    1.77200E+02    2.45658E-01    7.82190E-01
    1.77300E+02    2.51974E-01    7.77265E-01
    1.77400E+02    2.58601E-01    7.72131E-01
    1.77500E+02    2.65515E-01    7.66811E-01
    1.77600E+02    2.72773E-01    7.61265E-01
    1.77700E+02    2.80387E-01    7.55492E-01
    1.77800E+02    2.88373E-01    7.49482E-01
    1.77900E+02    2.96755E-01    7.43226E-01
    1.78000E+02    3.05550E-01    7.36718E-01
    1.78100E+02    3.14806E-01    7.29930E-01
    1.78200E+02    3.24539E-01    7.22861E-01
    1.78300E+02    3.34780E-01    7.15495E-01
    1.78400E+02    3.45591E-01    7.07802E-01
    1.78500E+02    3.57047E-01    6.99740E-01
    1.78600E+02    3.69266E-01    6.91241E-01
    1.78700E+02    3.81724E-01    6.82683E-01
    1.78800E+02    3.95031E-01    6.73659E-01
    1.78900E+02    4.09176E-01    6.64198E-01
    1.79000E+02    4.24159E-01    6.54320E-01
    1.79100E+02    4.40035E-01    6.44014E-01
    1.79200E+02    4.56872E-01    6.33262E-01
    1.79300E+02    4.74752E-01    6.22039E-01
    1.79400E+02    4.93725E-01    6.10349E-01
    1.79500E+02    5.13926E-01    5.98143E-01
    1.79600E+02    5.35408E-01    5.85431E-01
    1.79700E+02    5.58305E-01    5.72178E-01
    1.79800E+02    5.82715E-01    5.58380E-01
    1.79900E+02    6.08833E-01    5.43986E-01
    1.80000E+02    6.37747E-01    5.28482E-01
    1.80100E+02    6.66371E-01    5.13569E-01
    1.80200E+02    6.98086E-01    4.97537E-01
    1.80300E+02    7.32119E-01    4.80889E-01
    1.80400E+02    7.68623E-01    4.63651E-01
    1.80500E+02    8.07783E-01    4.45846E-01
    1.80600E+02    8.49839E-01    4.27484E-01
    1.80700E+02    8.95019E-01    4.08600E-01
    1.80800E+02    9.43578E-01    3.89233E-01
    1.80900E+02    9.95821E-01    3.69420E-01
    1.81000E+02    1.05207E+00    3.49214E-01
    1.81100E+02    1.11255E+00    3.28718E-01
    1.81200E+02    1.17767E+00    3.07996E-01
    1.81300E+02    1.24777E+00    2.87146E-01
    1.81400E+02    1.32322E+00    2.66276E-01
    1.81500E+02    1.40433E+00    2.45531E-01
    1.81600E+02    1.49146E+00    2.25043E-01
    1.81700E+02    1.58493E+00    2.04961E-01
    1.81800E+02    1.68503E+00    1.85439E-01
    1.81900E+02    1.79185E+00    1.66651E-01
    1.82000E+02    1.90567E+00    1.48724E-01
    1.82100E+02    2.02630E+00    1.31823E-01
    1.82200E+02    2.15399E+00    1.16020E-01
    1.82300E+02    2.28657E+00    1.01615E-01
    1.82400E+02    2.42468E+00    8.85066E-02
    1.82500E+02    2.56647E+00    7.68064E-02
    1.82600E+02    2.71032E+00    6.65156E-02
    1.82700E+02    2.85351E+00    5.76417E-02
    1.82800E+02    2.99284E+00    5.01447E-02
    1.82900E+02    3.12429E+00    4.39683E-02
    1.83000E+02    3.24263E+00    3.90610E-02
    1.83100E+02    3.34200E+00    3.53661E-02
    1.83200E+02    3.41517E+00    3.28707E-02
    1.83300E+02    3.45123E+00    3.17066E-02
    1.83400E+02    3.43271E+00    3.22993E-02
    1.83500E+02    3.37339E+00    3.42732E-02
    1.83600E+02    3.28555E+00    3.74200E-02
    1.83700E+02    3.17678E+00    4.17196E-02
    1.83800E+02    3.05363E+00    4.71874E-02
    1.83900E+02    2.92088E+00    5.38865E-02
    1.84000E+02    2.78301E+00    6.18520E-02
    1.84100E+02    2.64396E+00    7.10793E-02
    1.84200E+02    2.50781E+00    8.14462E-02
    1.84300E+02    2.38269E+00    9.23016E-02
    1.84400E+02    2.27924E+00    1.02362E-01
    1.84500E+02    2.11705E+00    1.20387E-01
    1.84600E+02    1.99132E+00    1.36515E-01
    1.84700E+02    1.87957E+00    1.52655E-01
    1.84800E+02    1.77063E+00    1.70225E-01
    1.84900E+02    1.66434E+00    1.89316E-01
    1.85000E+02    1.56829E+00    2.08401E-01
    1.85100E+02    1.47922E+00    2.27815E-01
    1.85200E+02    1.39635E+00    2.47498E-01
    1.85300E+02    1.31936E+00    2.67305E-01
    1.85400E+02    1.24769E+00    2.87169E-01
    1.85500E+02    1.18157E+00    3.06797E-01
    1.85600E+02    1.11977E+00    3.26354E-01
    1.85700E+02    1.06121E+00    3.46038E-01
    1.85800E+02    1.00735E+00    3.65186E-01
    1.85900E+02    9.57292E-01    3.83931E-01
    1.86000E+02    9.10697E-01    4.02244E-01
    1.86100E+02    8.67317E-01    4.20077E-01
    1.86200E+02    8.26854E-01    4.37423E-01
    1.86300E+02    7.89125E-01    4.54242E-01
    1.86400E+02    7.53898E-01    4.70529E-01
    1.86500E+02    7.20971E-01    4.86280E-01
    1.86600E+02    6.90125E-01    5.01513E-01
    1.86700E+02    6.61273E-01    5.16194E-01
    1.86800E+02    6.34264E-01    5.30326E-01
    1.86900E+02    6.08931E-01    5.43932E-01
    1.87000E+02    5.85182E-01    5.57005E-01
    1.87100E+02    5.63175E-01    5.69399E-01
    1.87200E+02    5.42059E-01    5.81550E-01
    1.87300E+02    5.22007E-01    5.93329E-01
    1.87400E+02    5.03320E-01    6.04520E-01
    1.87500E+02    4.85729E-01    6.15249E-01
    1.87600E+02    4.69176E-01    6.25518E-01
    1.87700E+02    4.53504E-01    6.35398E-01
    1.87800E+02    4.38768E-01    6.44831E-01
    1.87900E+02    4.25144E-01    6.53676E-01
    1.88000E+02    4.11428E-01    6.62703E-01
    1.88100E+02    3.98792E-01    6.71130E-01
    1.88200E+02    3.86852E-01    6.79192E-01
    1.88300E+02    3.75532E-01    6.86924E-01
    1.88400E+02    3.64787E-01    6.94345E-01
    1.88500E+02    3.54557E-01    7.01484E-01
    1.88600E+02    3.44839E-01    7.08335E-01
    1.88700E+02    3.35596E-01    7.14912E-01
    1.88800E+02    3.26828E-01    7.21208E-01
    1.88900E+02    3.18671E-01    7.27115E-01
    1.89000E+02    3.10447E-01    7.33119E-01
    1.89100E+02    3.02781E-01    7.38761E-01
    1.89200E+02    2.95468E-01    7.44183E-01
    1.89300E+02    2.88518E-01    7.49373E-01
    1.89400E+02    2.81821E-01    7.54409E-01
    1.89500E+02    2.75447E-01    7.59233E-01
    1.89600E+02    2.69361E-01    7.63868E-01
    1.89700E+02    2.63521E-01    7.68341E-01
    1.89800E+02    2.57917E-01    7.72660E-01
    1.89900E+02    2.52555E-01    7.76814E-01
    1.90000E+02    2.47413E-01    7.80818E-01
    1.90100E+02    2.42477E-01    7.84682E-01
    1.90200E+02    2.37744E-01    7.88404E-01
    1.90300E+02    2.33222E-01    7.91978E-01
    1.90400E+02    2.28869E-01    7.95433E-01
    1.90500E+02    2.24788E-01    7.98685E-01
    1.90600E+02    2.21012E-01    8.01707E-01
    1.90700E+02    2.16782E-01    8.05105E-01
    1.90800E+02    2.12992E-01    8.08163E-01
    1.90900E+02    2.09366E-01    8.11099E-01
    1.91000E+02    2.05888E-01    8.13924E-01
    1.91100E+02    2.02546E-01    8.16649E-01
    1.91200E+02    1.99322E-01    8.19286E-01
    1.91300E+02    1.96216E-01    8.21835E-01
    1.91400E+02    1.93226E-01    8.24296E-01
    1.91500E+02    1.90342E-01    8.26677E-01
    1.91600E+02    1.87563E-01    8.28977E-01
    1.91700E+02    1.84893E-01    8.31193E-01
    1.91800E+02    1.82426E-01    8.33246E-01
    1.91900E+02    1.79808E-01    8.35431E-01
    1.92000E+02    1.77375E-01    8.37465E-01
    1.92100E+02    1.75045E-01    8.39420E-01
    1.92200E+02    1.72822E-01    8.41287E-01
    1.92300E+02    1.70675E-01    8.43096E-01
    1.92400E+02    1.68551E-01    8.44888E-01
    1.92500E+02    1.66530E-01    8.46597E-01
    1.92600E+02    1.64602E-01    8.48231E-01
    1.92700E+02    1.62773E-01    8.49784E-01
    1.92800E+02    1.60989E-01    8.51302E-01
    1.92900E+02    1.59337E-01    8.52709E-01
    1.93000E+02    1.57822E-01    8.54002E-01
    1.93100E+02    1.56582E-01    8.55061E-01
    1.93200E+02    1.55951E-01    8.55601E-01
    1.93300E+02    1.58759E-01    8.53202E-01
    1.93400E+02    1.57521E-01    8.54259E-01
    1.93500E+02    1.51518E-01    8.59402E-01
    1.93600E+02    1.49098E-01    8.61485E-01
    1.93700E+02    1.47344E-01    8.62997E-01
    1.93800E+02    1.45827E-01    8.64308E-01
    1.93900E+02    1.44422E-01    8.65523E-01
    1.94000E+02    1.43079E-01    8.66686E-01
    1.94100E+02    1.41769E-01    8.67822E-01
    1.94200E+02    1.40500E-01    8.68924E-01
    1.94300E+02    1.39274E-01    8.69989E-01
    1.94400E+02    1.38083E-01    8.71027E-01
    1.94500E+02    1.36957E-01    8.72007E-01
    1.94600E+02    1.35903E-01    8.72927E-01
    1.94700E+02    1.34938E-01    8.73770E-01
    1.94800E+02    1.34093E-01    8.74509E-01
    1.94900E+02    1.33434E-01    8.75085E-01
    1.95000E+02    1.33087E-01    8.75389E-01
    1.95100E+02    1.33346E-01    8.75163E-01
    1.95200E+02    1.35045E-01    8.73676E-01
    1.95300E+02    1.41381E-01    8.68158E-01
    1.95400E+02    1.79311E-01    8.35846E-01
    1.95500E+02    1.53747E-01    8.57489E-01
    1.95600E+02    1.37150E-01    8.71840E-01
    1.95700E+02    1.41447E-01    8.68101E-01
    1.95800E+02    1.30623E-01    8.77549E-01
    1.95900E+02    1.25844E-01    8.81752E-01
    1.96000E+02    1.23600E-01    8.83734E-01
    1.96100E+02    1.22075E-01    8.85082E-01
    1.96200E+02    1.20875E-01    8.86145E-01
    1.96300E+02    1.19823E-01    8.87077E-01
    1.96400E+02    1.18924E-01    8.87876E-01
    1.96500E+02    1.18015E-01    8.88683E-01
    1.96600E+02    1.17195E-01    8.89411E-01
    1.96700E+02    1.16427E-01    8.90095E-01
    1.96800E+02    1.15696E-01    8.90746E-01
    1.96900E+02    1.14999E-01    8.91367E-01
    1.97000E+02    1.14317E-01    8.91975E-01
    1.97100E+02    1.13672E-01    8.92551E-01
    1.97200E+02    1.13042E-01    8.93113E-01
    1.97300E+02    1.12431E-01    8.93659E-01
    1.97400E+02    1.11855E-01    8.94174E-01
    1.97500E+02    1.11356E-01    8.94620E-01
    1.97600E+02    1.10837E-01    8.95084E-01
    1.97700E+02    1.10226E-01    8.95632E-01
    1.97800E+02    1.09670E-01    8.96130E-01
    1.97900E+02    1.09168E-01    8.96580E-01
    1.98000E+02    1.08905E-01    8.96816E-01
    1.98100E+02    1.08188E-01    8.97459E-01
    1.98200E+02    1.07696E-01    8.97900E-01
    1.98300E+02    1.07235E-01    8.98315E-01
    1.98400E+02    1.06794E-01    8.98711E-01
    1.98500E+02    1.06367E-01    8.99095E-01
    1.98600E+02    1.05961E-01    8.99460E-01
    1.98700E+02    1.05567E-01    8.99814E-01
    1.98800E+02    1.05199E-01    9.00146E-01
    1.98900E+02    1.04859E-01    9.00451E-01
    1.99000E+02    1.04576E-01    9.00707E-01
    1.99100E+02    1.04413E-01    9.00853E-01
    1.99200E+02    1.04936E-01    9.00382E-01
    1.99300E+02    1.05355E-01    9.00005E-01
    1.99400E+02    1.08983E-01    8.96746E-01
    1.99500E+02    1.03810E-01    9.01397E-01
    1.99600E+02    1.02833E-01    9.02278E-01
    1.99700E+02    1.02278E-01    9.02778E-01
    1.99800E+02    1.01878E-01    9.03140E-01
    1.99900E+02    1.01540E-01    9.03445E-01
    2.00000E+02    1.01239E-01    9.03717E-01
    2.00100E+02    1.00954E-01    9.03975E-01
    2.00200E+02    1.00691E-01    9.04212E-01
    2.00300E+02    1.00446E-01    9.04434E-01
    2.00400E+02    1.00215E-01    9.04643E-01
    2.00500E+02    1.00000E-01    9.04837E-01
    2.00600E+02    9.98002E-02    9.05018E-01
    2.00700E+02    9.96148E-02    9.05186E-01
    2.00800E+02    9.94476E-02    9.05337E-01
    2.00900E+02    9.92948E-02    9.05476E-01
    2.01000E+02    9.91600E-02    9.05598E-01
    2.01100E+02    9.90413E-02    9.05705E-01
    2.01200E+02    9.89425E-02    9.05795E-01
    2.01300E+02    9.88682E-02    9.05862E-01
    2.01400E+02    9.88448E-02    9.05883E-01
    2.01500E+02    9.88263E-02    9.05900E-01
    2.01600E+02    9.87592E-02    9.05961E-01
    2.01700E+02    9.87631E-02    9.05957E-01
    2.01800E+02    9.88008E-02    9.05923E-01
    2.01900E+02    9.88703E-02    9.05860E-01
    2.02000E+02    9.89716E-02    9.05768E-01
    2.02100E+02    9.91056E-02    9.05647E-01
    2.02200E+02    9.92811E-02    9.05488E-01
    2.02300E+02    9.94775E-02    9.05310E-01
    2.02400E+02    9.97151E-02    9.05095E-01
    2.02500E+02    9.99793E-02    9.04856E-01
    2.02600E+02    1.00283E-01    9.04582E-01
    2.02700E+02    1.00606E-01    9.04289E-01
    2.02800E+02    1.00950E-01    9.03978E-01
    2.02900E+02    1.01297E-01    9.03665E-01
    2.03000E+02    1.01632E-01    9.03362E-01
    2.03100E+02    1.01941E-01    9.03083E-01
    2.03200E+02    1.02203E-01    9.02846E-01
    2.03300E+02    1.02427E-01    9.02644E-01
    2.03400E+02    1.02863E-01    9.02250E-01
    2.03500E+02    1.02693E-01    9.02404E-01
    2.03600E+02    1.01762E-01    9.03244E-01
    2.03700E+02    1.01147E-01    9.03800E-01
    2.03800E+02    1.00531E-01    9.04357E-01
    2.03900E+02    9.98906E-02    9.04936E-01
    2.04000E+02    9.92754E-02    9.05493E-01
    2.04100E+02    9.85636E-02    9.06138E-01
    2.04200E+02    9.79149E-02    9.06726E-01
    2.04300E+02    9.72926E-02    9.07291E-01
    2.04400E+02    9.67000E-02    9.07828E-01
    2.04500E+02    9.61379E-02    9.08339E-01
    2.04600E+02    9.56105E-02    9.08818E-01
    2.04700E+02    9.51152E-02    9.09268E-01
    2.04800E+02    9.46579E-02    9.09684E-01
    2.04900E+02    9.42354E-02    9.10069E-01
    2.05000E+02    9.38326E-02    9.10435E-01
    2.05100E+02    9.34832E-02    9.10753E-01
    2.05200E+02    9.33417E-02    9.10882E-01
    2.05300E+02    9.28390E-02    9.11340E-01
    2.05400E+02    9.25227E-02    9.11629E-01
    2.05500E+02    9.22865E-02    9.11844E-01
    2.05600E+02    9.20544E-02    9.12056E-01
    2.05700E+02    9.18455E-02    9.12246E-01
    2.05800E+02    9.17239E-02    9.12357E-01
    2.05900E+02    9.17662E-02    9.12318E-01
    2.06000E+02    9.23032E-02    9.11829E-01
    2.06100E+02    9.62903E-02    9.08200E-01
    2.06200E+02    9.35018E-02    9.10736E-01
    2.06300E+02    9.13975E-02    9.12655E-01
    2.06400E+02    9.07513E-02    9.13245E-01
    2.06500E+02    9.07598E-02    9.13237E-01
    2.06600E+02    9.01400E-02    9.13803E-01
    2.06700E+02    8.99157E-02    9.14008E-01
    2.06800E+02    8.97405E-02    9.14168E-01
    2.06900E+02    8.95941E-02    9.14302E-01
    2.07000E+02    8.94620E-02    9.14423E-01
    2.07100E+02    8.93466E-02    9.14529E-01
    2.07200E+02    8.92462E-02    9.14620E-01
    2.07300E+02    8.91657E-02    9.14694E-01
    2.07400E+02    8.91323E-02    9.14725E-01
    2.07500E+02    8.93023E-02    9.14569E-01
    2.07600E+02    8.89831E-02    9.14861E-01
    2.07700E+02    8.89233E-02    9.14916E-01
    2.07800E+02    8.89075E-02    9.14930E-01
    2.07900E+02    8.89367E-02    9.14904E-01
    2.08000E+02    8.90258E-02    9.14822E-01
    2.08100E+02    8.92094E-02    9.14654E-01
    2.08200E+02    8.95550E-02    9.14338E-01
    2.08300E+02    9.02353E-02    9.13716E-01
    2.08400E+02    9.17085E-02    9.12371E-01
    2.08500E+02    9.56720E-02    9.08762E-01
    2.08600E+02    1.14158E-01    8.92117E-01
    2.08700E+02    1.08303E-01    8.97355E-01
    2.08800E+02    9.45360E-02    9.09795E-01
    2.08900E+02    9.10645E-02    9.12959E-01
    2.09000E+02    8.96371E-02    9.14263E-01
    2.09100E+02    8.88974E-02    9.14939E-01
    2.09200E+02    8.84516E-02    9.15347E-01
    2.09300E+02    8.81710E-02    9.15604E-01
    2.09400E+02    8.80213E-02    9.15741E-01
    2.09500E+02    8.82176E-02    9.15562E-01
    2.09600E+02    8.78328E-02    9.15914E-01
    2.09700E+02    8.76131E-02    9.16115E-01
    2.09800E+02    8.75207E-02    9.16200E-01
    2.09900E+02    8.74737E-02    9.16243E-01
    2.10000E+02    8.74789E-02    9.16238E-01
    2.10100E+02    8.75680E-02    9.16157E-01
    2.10200E+02    8.83689E-02    9.15423E-01
    2.10300E+02    8.80863E-02    9.15682E-01
    2.10400E+02    9.02843E-02    9.13671E-01
    2.10500E+02    8.89277E-02    9.14912E-01
    2.10600E+02    8.91379E-02    9.14719E-01
    2.10700E+02    9.18101E-02    9.12278E-01
    2.10800E+02    1.11649E-01    8.94358E-01
    2.10900E+02    9.13119E-02    9.12733E-01
    2.11000E+02    8.86124E-02    9.15200E-01
    2.11100E+02    8.77245E-02    9.16013E-01
    2.11200E+02    8.73066E-02    9.16396E-01
    2.11300E+02    8.70483E-02    9.16633E-01
    2.11400E+02    8.68899E-02    9.16778E-01
    2.11500E+02    8.67803E-02    9.16879E-01
    2.11600E+02    8.66979E-02    9.16954E-01
    2.11700E+02    8.66328E-02    9.17014E-01
    2.11800E+02    8.65809E-02    9.17061E-01
    2.11900E+02    8.65359E-02    9.17103E-01
    2.12000E+02    8.65006E-02    9.17135E-01
    2.12100E+02    8.64748E-02    9.17159E-01
    2.12200E+02    8.64463E-02    9.17185E-01
    2.12300E+02    8.64225E-02    9.17207E-01
    2.12400E+02    8.64047E-02    9.17223E-01
    2.12500E+02    8.63931E-02    9.17234E-01
    2.12600E+02    8.63907E-02    9.17236E-01
    2.12700E+02    8.63947E-02    9.17232E-01
    2.12800E+02    8.64014E-02    9.17226E-01
    2.12900E+02    8.64200E-02    9.17209E-01
    2.13000E+02    8.63631E-02    9.17261E-01
    2.13100E+02    8.63513E-02    9.17272E-01
    2.13200E+02    8.63499E-02    9.17273E-01
    2.13300E+02    8.63556E-02    9.17268E-01
    2.13400E+02    8.63638E-02    9.17260E-01
    2.13500E+02    8.63757E-02    9.17250E-01
    2.13600E+02    8.63937E-02    9.17233E-01
    2.13700E+02    8.64162E-02    9.17212E-01
    2.13800E+02    8.64508E-02    9.17181E-01
    2.13900E+02    8.64911E-02    9.17144E-01
    2.14000E+02    8.65454E-02    9.17094E-01
    2.14100E+02    8.66173E-02    9.17028E-01
    2.14200E+02    8.67166E-02    9.16937E-01
    2.14300E+02    8.68561E-02    9.16809E-01
    2.14400E+02    8.70619E-02    9.16620E-01
    2.14500E+02    8.73901E-02    9.16320E-01
    2.14600E+02    8.79558E-02    9.15801E-01
    2.14700E+02    8.90809E-02    9.14772E-01
    2.14800E+02    9.19110E-02    9.12186E-01
    2.14900E+02    1.03617E-01    9.01570E-01
    2.15000E+02    1.07246E-01    8.98305E-01
    2.15100E+02    9.25187E-02    9.11632E-01
    2.15200E+02    8.93352E-02    9.14539E-01
    2.15300E+02    8.81129E-02    9.15657E-01
    2.15400E+02    8.75242E-02    9.16197E-01
    2.15500E+02    8.71955E-02    9.16498E-01
    2.15600E+02    8.69993E-02    9.16678E-01
    2.15700E+02    8.68790E-02    9.16788E-01
    2.15800E+02    8.68010E-02    9.16860E-01
    2.15900E+02    8.67787E-02    9.16880E-01
    2.16000E+02    8.70765E-02    9.16607E-01
    2.16100E+02    8.68338E-02    9.16829E-01
    2.16200E+02    8.66875E-02    9.16964E-01
    2.16300E+02    8.66478E-02    9.17000E-01
    2.16400E+02    8.66457E-02    9.17002E-01
    2.16500E+02    8.66228E-02    9.17023E-01
    2.16600E+02    8.66212E-02    9.17024E-01
    2.16700E+02    8.66261E-02    9.17020E-01
    2.16800E+02    8.66411E-02    9.17006E-01
    2.16900E+02    8.66803E-02    9.16970E-01
    2.17000E+02    8.66627E-02    9.16986E-01
    2.17100E+02    8.66749E-02    9.16975E-01
    2.17200E+02    8.66971E-02    9.16955E-01
    2.17300E+02    8.67235E-02    9.16931E-01
    2.17400E+02    8.67703E-02    9.16888E-01
    2.17500E+02    8.70081E-02    9.16670E-01
    2.17600E+02    8.68260E-02    9.16837E-01
    2.17700E+02    8.68206E-02    9.16842E-01
    2.17800E+02    8.68463E-02    9.16818E-01
    2.17900E+02    8.68961E-02    9.16772E-01
    2.18000E+02    8.70031E-02    9.16674E-01
    2.18100E+02    8.77125E-02    9.16024E-01
    2.18200E+02    8.71504E-02    9.16539E-01
    2.18300E+02    8.70119E-02    9.16666E-01
    2.18400E+02    8.69943E-02    9.16682E-01
    2.18500E+02    8.70070E-02    9.16671E-01
    2.18600E+02    8.70330E-02    9.16647E-01
    2.18700E+02    8.70502E-02    9.16631E-01
    2.18800E+02    8.70769E-02    9.16607E-01
    2.18900E+02    8.71064E-02    9.16580E-01
    2.19000E+02    8.71468E-02    9.16543E-01
    2.19100E+02    8.72259E-02    9.16470E-01
    2.19200E+02    8.72617E-02    9.16437E-01
    2.19300E+02    8.74572E-02    9.16258E-01
    2.19400E+02    8.73364E-02    9.16369E-01
    2.19500E+02    8.73195E-02    9.16384E-01
    2.19600E+02    8.73476E-02    9.16359E-01
    2.19700E+02    8.73807E-02    9.16328E-01
    2.19800E+02    8.74280E-02    9.16285E-01
    2.19900E+02    8.75370E-02    9.16185E-01
    2.20000E+02    8.75695E-02    9.16155E-01
    2.20100E+02    8.75346E-02    9.16187E-01
    2.20200E+02    8.75585E-02    9.16165E-01
    2.20300E+02    8.75947E-02    9.16132E-01
    2.20400E+02    8.76323E-02    9.16098E-01
    2.20500E+02    8.76753E-02    9.16058E-01
    2.20600E+02    8.77296E-02    9.16009E-01
    2.20700E+02    8.78947E-02    9.15857E-01
    2.20800E+02    8.78398E-02    9.15908E-01
    2.20900E+02    8.78452E-02    9.15903E-01
    2.21000E+02    8.78829E-02    9.15868E-01
    2.21100E+02    8.79258E-02    9.15829E-01
    2.21200E+02    8.79816E-02    9.15778E-01
    2.21300E+02    8.81311E-02    9.15641E-01
    2.21400E+02    8.80921E-02    9.15677E-01
    2.21500E+02    8.81102E-02    9.15660E-01
    2.21600E+02    8.81506E-02    9.15623E-01
    2.21700E+02    8.81969E-02    9.15581E-01
    2.21800E+02    8.82455E-02    9.15536E-01
    2.21900E+02    8.82939E-02    9.15492E-01
    2.22000E+02    8.83453E-02    9.15445E-01
    2.22100E+02    8.83988E-02    9.15396E-01
    2.22200E+02    8.84537E-02    9.15345E-01
    2.22300E+02    8.85149E-02    9.15289E-01
    2.22400E+02    8.86227E-02    9.15191E-01
    2.22500E+02    8.86466E-02    9.15169E-01
    2.22600E+02    8.86809E-02    9.15138E-01
    2.22700E+02    8.87363E-02    9.15087E-01
    2.22800E+02    8.87957E-02    9.15032E-01
    2.22900E+02    8.88605E-02    9.14973E-01
    2.23000E+02    8.89443E-02    9.14896E-01
    2.23100E+02    8.90236E-02    9.14824E-01
    2.23200E+02    8.91460E-02    9.14712E-01
    2.23300E+02    8.92367E-02    9.14629E-01
    2.23400E+02    8.92724E-02    9.14596E-01
    2.23500E+02    8.92916E-02    9.14579E-01
    2.23600E+02    8.93596E-02    9.14517E-01
    2.23700E+02    8.94427E-02    9.14441E-01
    2.23800E+02    8.95452E-02    9.14347E-01
    2.23900E+02    8.99406E-02    9.13985E-01
    2.24000E+02    8.97165E-02    9.14190E-01
    2.24100E+02    8.97839E-02    9.14129E-01
    2.24200E+02    8.98748E-02    9.14046E-01
    2.24300E+02    8.99722E-02    9.13957E-01
    2.24400E+02    9.00807E-02    9.13857E-01
    2.24500E+02    9.01976E-02    9.13751E-01
    2.24600E+02    9.03394E-02    9.13621E-01
    2.24700E+02    9.05528E-02    9.13426E-01
    2.24800E+02    9.09138E-02    9.13096E-01
    2.24900E+02    9.09878E-02    9.13029E-01
    2.25000E+02    9.09368E-02    9.13075E-01
    2.25100E+02    9.09909E-02    9.13026E-01
    2.25200E+02    9.11301E-02    9.12899E-01
    2.25300E+02    9.12586E-02    9.12782E-01
    2.25400E+02    9.14312E-02    9.12624E-01
    2.25500E+02    9.16396E-02    9.12434E-01
    2.25600E+02    9.19035E-02    9.12193E-01
    2.25700E+02    9.22903E-02    9.11840E-01
    2.25800E+02    9.30179E-02    9.11177E-01
    2.25900E+02    9.45081E-02    9.09820E-01
    2.26000E+02    1.00249E-01    9.04612E-01
    2.26100E+02    1.01318E-01    9.03646E-01
    2.26200E+02    9.45841E-02    9.09751E-01
    2.26300E+02    9.31151E-02    9.11089E-01
    2.26400E+02    9.25497E-02    9.11604E-01
    2.26500E+02    9.22723E-02    9.11857E-01
    2.26600E+02    9.21123E-02    9.12003E-01
    2.26700E+02    9.20154E-02    9.12091E-01
    2.26800E+02    9.19575E-02    9.12144E-01
    2.26900E+02    9.19289E-02    9.12170E-01
    2.27000E+02    9.18772E-02    9.12217E-01
    2.27100E+02    9.18585E-02    9.12234E-01
    2.27200E+02    9.18493E-02    9.12243E-01
    2.27300E+02    9.18534E-02    9.12239E-01
    2.27400E+02    9.18606E-02    9.12232E-01
    2.27500E+02    9.18750E-02    9.12219E-01
    2.27600E+02    9.18967E-02    9.12199E-01
    2.27700E+02    9.19289E-02    9.12170E-01
    2.27800E+02    9.19682E-02    9.12134E-01
    2.27900E+02    9.20021E-02    9.12103E-01
    2.28000E+02    9.20355E-02    9.12073E-01
    2.28100E+02    9.20769E-02    9.12035E-01
    2.28200E+02    9.21262E-02    9.11990E-01
    2.28300E+02    9.21880E-02    9.11934E-01
    2.28400E+02    9.22416E-02    9.11885E-01
    2.28500E+02    9.23195E-02    9.11814E-01
    2.28600E+02    9.23895E-02    9.11750E-01
    2.28700E+02    9.24719E-02    9.11675E-01
    2.28800E+02    9.25638E-02    9.11591E-01
    2.28900E+02    9.26687E-02    9.11495E-01
    2.29000E+02    9.27947E-02    9.11381E-01
    2.29100E+02    9.29663E-02    9.11224E-01
    2.29200E+02    9.31631E-02    9.11045E-01
    2.29300E+02    9.35057E-02    9.10733E-01
    2.29400E+02    9.42184E-02    9.10084E-01
    2.29500E+02    9.66300E-02    9.07892E-01
    2.29600E+02    1.01926E-01    9.03097E-01
    2.29700E+02    9.52544E-02    9.09142E-01
    2.29800E+02    9.42691E-02    9.10038E-01
    2.29900E+02    9.40178E-02    9.10267E-01
    2.30000E+02    9.40007E-02    9.10282E-01
    2.30100E+02    9.40486E-02    9.10239E-01
    2.30200E+02    9.41609E-02    9.10136E-01
    2.30300E+02    9.43388E-02    9.09974E-01
    2.30400E+02    9.45551E-02    9.09778E-01
    2.30500E+02    9.48325E-02    9.09525E-01
    2.30600E+02    9.52035E-02    9.09188E-01
    2.30700E+02    9.57141E-02    9.08724E-01
    2.30800E+02    9.64621E-02    9.08044E-01
    2.30900E+02    9.76605E-02    9.06957E-01
    2.31000E+02    9.98750E-02    9.04951E-01
    2.31100E+02    1.04906E-01    9.00409E-01
    2.31200E+02    1.21825E-01    8.85303E-01
    2.31300E+02    1.76629E-01    8.38091E-01
    2.31400E+02    1.12832E-01    8.93301E-01
    2.31500E+02    1.03097E-01    9.02039E-01
    2.31600E+02    9.98325E-02    9.04989E-01
    2.31700E+02    9.84176E-02    9.06270E-01
    2.31800E+02    9.77420E-02    9.06883E-01
    2.31900E+02    9.74448E-02    9.07152E-01
    2.32000E+02    9.75336E-02    9.07072E-01
    2.32100E+02    9.73201E-02    9.07266E-01
    2.32200E+02    9.74003E-02    9.07193E-01
    2.32300E+02    9.75684E-02    9.07040E-01
    2.32400E+02    9.78320E-02    9.06801E-01
    2.32500E+02    9.83028E-02    9.06374E-01
    2.32600E+02    9.85334E-02    9.06165E-01
    2.32700E+02    9.90701E-02    9.05679E-01
    2.32800E+02    9.93840E-02    9.05395E-01
    2.32900E+02    9.98987E-02    9.04929E-01
    2.33000E+02    1.00668E-01    9.04233E-01
    2.33100E+02    1.01262E-01    9.03696E-01
    2.33200E+02    1.02149E-01    9.02895E-01
    2.33300E+02    1.03300E-01    9.01857E-01
    2.33400E+02    1.04588E-01    9.00695E-01
    2.33500E+02    1.06089E-01    8.99345E-01
    2.33600E+02    1.08142E-01    8.97500E-01
    2.33700E+02    1.10971E-01    8.94965E-01
    2.33800E+02    1.15264E-01    8.91131E-01
    2.33900E+02    1.24028E-01    8.83355E-01
    2.34000E+02    1.23180E-01    8.84104E-01
    2.34100E+02    1.15404E-01    8.91006E-01
    2.34200E+02    1.11587E-01    8.94413E-01
    2.34300E+02    1.09051E-01    8.96685E-01
    2.34400E+02    1.07220E-01    8.98328E-01
    2.34500E+02    1.05871E-01    8.99541E-01
    2.34600E+02    1.04833E-01    9.00475E-01
    2.34700E+02    1.04041E-01    9.01188E-01
    2.34800E+02    1.03466E-01    9.01707E-01
    2.34900E+02    1.03138E-01    9.02002E-01
    2.35000E+02    1.03059E-01    9.02074E-01
    2.35100E+02    1.03379E-01    9.01785E-01
    2.35200E+02    1.03624E-01    9.01565E-01
    2.35300E+02    1.04646E-01    9.00644E-01
    2.35400E+02    1.06846E-01    8.98664E-01
    2.35500E+02    1.11966E-01    8.94074E-01
    2.35600E+02    1.27665E-01    8.80148E-01
    2.35700E+02    2.49870E-01    7.78902E-01
    2.35800E+02    1.34808E-01    8.73883E-01
    2.35900E+02    1.14283E-01    8.92006E-01
    2.36000E+02    1.07402E-01    8.98165E-01
    2.36100E+02    1.04627E-01    9.00660E-01
    2.36200E+02    1.03206E-01    9.01941E-01
    2.36300E+02    1.02548E-01    9.02534E-01
    2.36400E+02    1.02273E-01    9.02783E-01
    2.36500E+02    1.02360E-01    9.02704E-01
    2.36600E+02    1.03030E-01    9.02100E-01
    2.36700E+02    1.03734E-01    9.01465E-01
    2.36800E+02    1.05540E-01    8.99838E-01
    2.36900E+02    1.09405E-01    8.96368E-01
    2.37000E+02    1.19407E-01    8.87446E-01
    2.37100E+02    1.65225E-01    8.47703E-01
    2.37200E+02    1.57347E-01    8.54408E-01
    2.37300E+02    1.18255E-01    8.88470E-01
    2.37400E+02    1.08896E-01    8.96824E-01
    2.37500E+02    1.05301E-01    9.00054E-01
    2.37600E+02    1.03795E-01    9.01410E-01
    2.37700E+02    1.02581E-01    9.02505E-01
    2.37800E+02    1.02039E-01    9.02995E-01
    2.37900E+02    1.01760E-01    9.03246E-01
    2.38000E+02    1.01665E-01    9.03333E-01
    2.38100E+02    1.01733E-01    9.03271E-01
    2.38200E+02    1.01998E-01    9.03032E-01
    2.38300E+02    1.02655E-01    9.02439E-01
    2.38400E+02    1.05410E-01    8.99956E-01
    2.38500E+02    1.04485E-01    9.00788E-01
    2.38600E+02    1.04336E-01    9.00923E-01
    2.38700E+02    1.05768E-01    8.99633E-01
    2.38800E+02    1.08179E-01    8.97467E-01
    2.38900E+02    1.14188E-01    8.92090E-01
    2.39000E+02    1.33750E-01    8.74808E-01
    2.39100E+02    2.64571E-01    7.67535E-01
    2.39200E+02    1.29691E-01    8.78367E-01
    2.39300E+02    1.14377E-01    8.91921E-01
    2.39400E+02    1.09388E-01    8.96382E-01
    2.39500E+02    1.07359E-01    8.98203E-01
    2.39600E+02    1.06878E-01    8.98636E-01
    2.39700E+02    1.05613E-01    8.99772E-01
    2.39800E+02    1.05613E-01    8.99773E-01
    2.39900E+02    1.05965E-01    8.99456E-01
    2.40000E+02    1.05585E-01    8.99798E-01
    2.40100E+02    1.05027E-01    9.00300E-01
    2.40200E+02    1.04893E-01    9.00421E-01
    2.40300E+02    1.04844E-01    9.00465E-01
    2.40400E+02    1.04408E-01    9.00858E-01
    2.40500E+02    1.04274E-01    9.00978E-01
    2.40600E+02    1.03893E-01    9.01322E-01
    2.40700E+02    1.03914E-01    9.01303E-01
    2.40800E+02    1.03837E-01    9.01372E-01
    2.40900E+02    1.04552E-01    9.00728E-01
    2.41000E+02    1.03933E-01    9.01285E-01
    2.41100E+02    1.04228E-01    9.01020E-01
    2.41200E+02    1.06916E-01    8.98601E-01
    2.41300E+02    1.05675E-01    8.99717E-01
    2.41400E+02    1.04694E-01    9.00600E-01
    2.41500E+02    1.04893E-01    9.00421E-01
    2.41600E+02    1.05099E-01    9.00236E-01
    2.41700E+02    1.05590E-01    8.99793E-01
    2.41800E+02    1.06369E-01    8.99092E-01
    2.41900E+02    1.07639E-01    8.97951E-01
    2.42000E+02    1.09939E-01    8.95889E-01
    2.42100E+02    1.14826E-01    8.91522E-01
    2.42200E+02    1.28741E-01    8.79202E-01
    2.42300E+02    2.16852E-01    8.05049E-01
    2.42400E+02    1.42099E-01    8.67536E-01
    2.42500E+02    1.18662E-01    8.88108E-01
    2.42600E+02    1.12049E-01    8.94000E-01
    2.42700E+02    1.09416E-01    8.96358E-01
    2.42800E+02    1.08300E-01    8.97358E-01
    2.42900E+02    1.08054E-01    8.97579E-01
    2.43000E+02    1.08671E-01    8.97026E-01
    2.43100E+02    1.09902E-01    8.95922E-01
    2.43200E+02    1.12979E-01    8.93170E-01
    2.43300E+02    1.21517E-01    8.85576E-01
    2.43400E+02    1.58008E-01    8.53843E-01
    2.43500E+02    1.63489E-01    8.49176E-01
    2.43600E+02    1.22277E-01    8.84904E-01
    2.43700E+02    1.13163E-01    8.93005E-01
    2.43800E+02    1.09846E-01    8.95972E-01
    2.43900E+02    1.08645E-01    8.97049E-01
    2.44000E+02    1.09116E-01    8.96627E-01
    2.44100E+02    1.14231E-01    8.92052E-01
    2.44200E+02    1.16438E-01    8.90085E-01
    2.44300E+02    1.08303E-01    8.97356E-01
    2.44400E+02    1.06636E-01    8.98852E-01
    2.44500E+02    1.05581E-01    8.99802E-01
    2.44600E+02    1.05175E-01    9.00167E-01
    2.44700E+02    1.04909E-01    9.00406E-01
    2.44800E+02    1.04856E-01    9.00454E-01
    2.44900E+02    1.04778E-01    9.00524E-01
    2.45000E+02    1.04737E-01    9.00561E-01
    2.45100E+02    1.04684E-01    9.00609E-01
    2.45200E+02    1.04666E-01    9.00625E-01
    2.45300E+02    1.04679E-01    9.00614E-01
    2.45400E+02    1.04707E-01    9.00589E-01
    2.45500E+02    1.04751E-01    9.00548E-01
    2.45600E+02    1.04816E-01    9.00490E-01
    2.45700E+02    1.04915E-01    9.00401E-01
    2.45800E+02    1.05348E-01    9.00011E-01
    2.45900E+02    1.05036E-01    9.00293E-01
    2.46000E+02    1.05089E-01    9.00244E-01
    2.46100E+02    1.05180E-01    9.00162E-01
    2.46200E+02    1.05303E-01    9.00051E-01
    2.46300E+02    1.05497E-01    8.99877E-01
    2.46400E+02    1.05752E-01    8.99647E-01
    2.46500E+02    1.07617E-01    8.97971E-01
    2.46600E+02    1.06179E-01    8.99264E-01
    2.46700E+02    1.06015E-01    8.99411E-01
    2.46800E+02    1.06110E-01    8.99325E-01
    2.46900E+02    1.06279E-01    8.99174E-01
    2.47000E+02    1.06503E-01    8.98973E-01
    2.47100E+02    1.06813E-01    8.98694E-01
    2.47200E+02    1.07117E-01    8.98420E-01
    2.47300E+02    1.07583E-01    8.98002E-01
    2.47400E+02    1.08226E-01    8.97425E-01
    2.47500E+02    1.09288E-01    8.96472E-01
    2.47600E+02    1.11413E-01    8.94569E-01
    2.47700E+02    1.18262E-01    8.88463E-01
    2.47800E+02    1.24137E-01    8.83259E-01
    2.47900E+02    1.17372E-01    8.89254E-01
    2.48000E+02    1.21864E-01    8.85269E-01
    2.48100E+02    1.43068E-01    8.66695E-01
    2.48200E+02    2.24029E-01    7.99292E-01
    2.48300E+02    1.31956E-01    8.76379E-01
    2.48400E+02    1.18378E-01    8.88360E-01
    2.48500E+02    1.13843E-01    8.92398E-01
    2.48600E+02    1.11868E-01    8.94163E-01
    2.48700E+02    1.11018E-01    8.94923E-01
    2.48800E+02    1.10474E-01    8.95410E-01
    2.48900E+02    1.10314E-01    8.95553E-01
    2.49000E+02    1.10425E-01    8.95454E-01
    2.49100E+02    1.10746E-01    8.95166E-01
    2.49200E+02    1.11317E-01    8.94655E-01
    2.49300E+02    1.12286E-01    8.93788E-01
    2.49400E+02    1.13923E-01    8.92327E-01
    2.49500E+02    1.16883E-01    8.89689E-01
    2.49600E+02    1.23152E-01    8.84129E-01
    2.49700E+02    1.41593E-01    8.67974E-01
    2.49800E+02    2.23008E-01    8.00109E-01
    2.49900E+02    1.74506E-01    8.39872E-01
    2.50000E+02    1.86315E-01    8.30012E-01
    2.50100E+02    1.32962E-01    8.75499E-01
    2.50200E+02    1.21516E-01    8.85577E-01
    2.50300E+02    1.17031E-01    8.89558E-01
    2.50400E+02    1.13957E-01    8.92296E-01
    2.50500E+02    1.12539E-01    8.93562E-01
    2.50600E+02    1.11618E-01    8.94386E-01
    2.50700E+02    1.11186E-01    8.94773E-01
    2.50800E+02    1.10680E-01    8.95225E-01
    2.50900E+02    1.10353E-01    8.95518E-01
    2.51000E+02    1.10160E-01    8.95690E-01
    2.51100E+02    1.10039E-01    8.95799E-01
    2.51200E+02    1.10079E-01    8.95763E-01
    2.51300E+02    1.09907E-01    8.95918E-01
    2.51400E+02    1.09871E-01    8.95950E-01
    2.51500E+02    1.09864E-01    8.95956E-01
    2.51600E+02    1.09875E-01    8.95946E-01
    2.51700E+02    1.09902E-01    8.95922E-01
    2.51800E+02    1.09938E-01    8.95889E-01
    2.51900E+02    1.09989E-01    8.95844E-01
    2.52000E+02    1.10064E-01    8.95777E-01
    2.52100E+02    1.10329E-01    8.95540E-01
    2.52200E+02    1.10211E-01    8.95645E-01
    2.52300E+02    1.10341E-01    8.95528E-01
    2.52400E+02    1.10437E-01    8.95443E-01
    2.52500E+02    1.10727E-01    8.95183E-01
    2.52600E+02    1.10796E-01    8.95121E-01
    2.52700E+02    1.11400E-01    8.94580E-01
    2.52800E+02    1.11232E-01    8.94731E-01
    2.52900E+02    1.10894E-01    8.95034E-01
    2.53000E+02    1.10913E-01    8.95016E-01
    2.53100E+02    1.10982E-01    8.94954E-01
    2.53200E+02    1.11075E-01    8.94872E-01
    2.53300E+02    1.11239E-01    8.94725E-01
    2.53400E+02    1.11633E-01    8.94372E-01
    2.53500E+02    1.11395E-01    8.94586E-01
    2.53600E+02    1.11514E-01    8.94479E-01
    2.53700E+02    1.11975E-01    8.94066E-01
    2.53800E+02    1.11947E-01    8.94092E-01
    2.53900E+02    1.11926E-01    8.94110E-01
    2.54000E+02    1.12007E-01    8.94038E-01
    2.54100E+02    1.12177E-01    8.93886E-01
    2.54200E+02    1.12538E-01    8.93564E-01
    2.54300E+02    1.14147E-01    8.92127E-01
    2.54400E+02    1.12732E-01    8.93390E-01
    2.54500E+02    1.12674E-01    8.93442E-01
    2.54600E+02    1.12765E-01    8.93360E-01
    2.54700E+02    1.13014E-01    8.93139E-01
    2.54800E+02    1.13037E-01    8.93117E-01
    2.54900E+02    1.13675E-01    8.92548E-01
    2.55000E+02    1.13240E-01    8.92936E-01
    2.55100E+02    1.13294E-01    8.92888E-01
    2.55200E+02    1.13384E-01    8.92808E-01
    2.55300E+02    1.13434E-01    8.92763E-01
    2.55400E+02    1.13494E-01    8.92710E-01
    2.55500E+02    1.13556E-01    8.92654E-01
    2.55600E+02    1.13619E-01    8.92598E-01
    2.55700E+02    1.13685E-01    8.92539E-01
    2.55800E+02    1.13771E-01    8.92462E-01
    2.55900E+02    1.13824E-01    8.92415E-01
    2.56000E+02    1.13919E-01    8.92330E-01
    2.56100E+02    1.14003E-01    8.92255E-01
    2.56200E+02    1.14025E-01    8.92235E-01
    2.56300E+02    1.14102E-01    8.92167E-01
    2.56400E+02    1.14218E-01    8.92064E-01
    2.56500E+02    1.14330E-01    8.91964E-01
    2.56600E+02    1.14426E-01    8.91878E-01
    2.56700E+02    1.14627E-01    8.91698E-01
    2.56800E+02    1.14681E-01    8.91650E-01
    2.56900E+02    1.15189E-01    8.91198E-01
    2.57000E+02    1.14844E-01    8.91505E-01
    2.57100E+02    1.14915E-01    8.91442E-01
    2.57200E+02    1.15044E-01    8.91327E-01
    2.57300E+02    1.15196E-01    8.91191E-01
    2.57400E+02    1.15398E-01    8.91012E-01
    2.57500E+02    1.15605E-01    8.90827E-01
    2.57600E+02    1.15874E-01    8.90587E-01
    2.57700E+02    1.16164E-01    8.90329E-01
    2.57800E+02    1.16609E-01    8.89933E-01
    2.57900E+02    1.17112E-01    8.89486E-01
    2.58000E+02    1.18180E-01    8.88536E-01
    2.58100E+02    1.20702E-01    8.86298E-01
    2.58200E+02    1.41946E-01    8.67668E-01
    2.58300E+02    1.22975E-01    8.84286E-01
    2.58400E+02    1.22586E-01    8.84630E-01
    2.58500E+02    1.26077E-01    8.81547E-01
    2.58600E+02    1.37702E-01    8.71359E-01
    2.58700E+02    2.15526E-01    8.06117E-01
    2.58800E+02    1.46915E-01    8.63368E-01
    2.58900E+02    1.28242E-01    8.79641E-01
    2.59000E+02    1.22758E-01    8.84477E-01
    2.59100E+02    1.20435E-01    8.86534E-01
    2.59200E+02    1.19289E-01    8.87551E-01
    2.59300E+02    1.18614E-01    8.88151E-01
    2.59400E+02    1.18242E-01    8.88481E-01
    2.59500E+02    1.18172E-01    8.88543E-01
    2.59600E+02    1.17834E-01    8.88844E-01
    2.59700E+02    1.17731E-01    8.88935E-01
    2.59800E+02    1.17689E-01    8.88973E-01
    2.59900E+02    1.17692E-01    8.88970E-01
    2.60000E+02    1.17779E-01    8.88892E-01
    2.60100E+02    1.17780E-01    8.88892E-01
    2.60200E+02    1.17775E-01    8.88896E-01
    2.60300E+02    1.17824E-01    8.88853E-01
    2.60400E+02    1.17899E-01    8.88785E-01
    2.60500E+02    1.18009E-01    8.88688E-01
    2.60600E+02    1.18125E-01    8.88585E-01
    2.60700E+02    1.18273E-01    8.88454E-01
    2.60800E+02    1.19065E-01    8.87750E-01
    2.60900E+02    1.18521E-01    8.88233E-01
    2.61000E+02    1.18476E-01    8.88273E-01
    2.61100E+02    1.18605E-01    8.88158E-01
    2.61200E+02    1.18658E-01    8.88111E-01
    2.61300E+02    1.18770E-01    8.88012E-01
    2.61400E+02    1.18888E-01    8.87908E-01
    2.61500E+02    1.19010E-01    8.87799E-01
    2.61600E+02    1.19150E-01    8.87675E-01
    2.61700E+02    1.19318E-01    8.87525E-01
    2.61800E+02    1.19478E-01    8.87383E-01
    2.61900E+02    1.19629E-01    8.87250E-01
    2.62000E+02    1.19830E-01    8.87072E-01
    2.62100E+02    1.20028E-01    8.86896E-01
    2.62200E+02    1.20256E-01    8.86694E-01
    2.62300E+02    1.20554E-01    8.86429E-01
    2.62400E+02    1.20963E-01    8.86067E-01
    2.62500E+02    1.21593E-01    8.85508E-01
    2.62600E+02    1.22414E-01    8.84782E-01
    2.62700E+02    1.24411E-01    8.83017E-01
    2.62800E+02    1.32046E-01    8.76301E-01
    2.62900E+02    1.35803E-01    8.73014E-01
    2.63000E+02    1.26141E-01    8.81491E-01
    2.63100E+02    1.24890E-01    8.82594E-01
    2.63200E+02    1.26717E-01    8.80983E-01
    2.63300E+02    1.26003E-01    8.81612E-01
    2.63400E+02    1.28142E-01    8.79728E-01
    2.63500E+02    1.33605E-01    8.74936E-01
    2.63600E+02    1.51733E-01    8.59218E-01
    2.63700E+02    2.71564E-01    7.62186E-01
    2.63800E+02    1.48779E-01    8.61759E-01
    2.63900E+02    1.39657E-01    8.69656E-01
    2.64000E+02    1.29183E-01    8.78813E-01
    2.64100E+02    1.26452E-01    8.81217E-01
    2.64200E+02    1.25228E-01    8.82296E-01
    2.64300E+02    1.24627E-01    8.82826E-01
    2.64400E+02    1.24340E-01    8.83079E-01
    2.64500E+02    1.24328E-01    8.83090E-01
    2.64600E+02    1.24582E-01    8.82866E-01
    2.64700E+02    1.25227E-01    8.82296E-01
    2.64800E+02    1.27104E-01    8.80642E-01
    2.64900E+02    1.38048E-01    8.71057E-01
    2.65000E+02    1.30039E-01    8.78061E-01
    2.65100E+02    1.26068E-01    8.81555E-01
    2.65200E+02    1.25055E-01    8.82449E-01
    2.65300E+02    1.24691E-01    8.82770E-01
    2.65400E+02    1.24573E-01    8.82874E-01
    2.65500E+02    1.24576E-01    8.82871E-01
    2.65600E+02    1.24657E-01    8.82800E-01
    2.65700E+02    1.24739E-01    8.82727E-01
    2.65800E+02    1.24865E-01    8.82616E-01
    2.65900E+02    1.25002E-01    8.82496E-01
    2.66000E+02    1.25148E-01    8.82366E-01
    2.66100E+02    1.25331E-01    8.82204E-01
    2.66200E+02    1.25552E-01    8.82010E-01
    2.66300E+02    1.25660E-01    8.81915E-01
    2.66400E+02    1.25854E-01    8.81744E-01
    2.66500E+02    1.26103E-01    8.81524E-01
    2.66600E+02    1.26432E-01    8.81234E-01
    2.66700E+02    1.26898E-01    8.80823E-01
    2.66800E+02    1.27602E-01    8.80203E-01
    2.66900E+02    1.28806E-01    8.79145E-01
    2.67000E+02    1.31028E-01    8.77193E-01
    2.67100E+02    1.36402E-01    8.72492E-01
    2.67200E+02    1.56527E-01    8.55109E-01
    2.67300E+02    1.79298E-01    8.35857E-01
    2.67400E+02    1.40173E-01    8.69207E-01
    2.67500E+02    1.32526E-01    8.75880E-01
    2.67600E+02    1.29729E-01    8.78334E-01
    2.67700E+02    1.28409E-01    8.79494E-01
    2.67800E+02    1.27703E-01    8.80115E-01
    2.67900E+02    1.27299E-01    8.80471E-01
    2.68000E+02    1.27065E-01    8.80677E-01
    2.68100E+02    1.26961E-01    8.80768E-01
    2.68200E+02    1.27220E-01    8.80540E-01
    2.68300E+02    1.26864E-01    8.80853E-01
    2.68400E+02    1.26856E-01    8.80861E-01
    2.68500E+02    1.26963E-01    8.80766E-01
    2.68600E+02    1.27420E-01    8.80364E-01
    2.68700E+02    1.27803E-01    8.80027E-01
    2.68800E+02    1.27086E-01    8.80658E-01
    2.68900E+02    1.27031E-01    8.80707E-01
    2.69000E+02    1.27054E-01    8.80686E-01
    2.69100E+02    1.27113E-01    8.80634E-01
    2.69200E+02    1.27179E-01    8.80576E-01
    2.69300E+02    1.27256E-01    8.80508E-01
    2.69400E+02    1.27341E-01    8.80434E-01
    2.69500E+02    1.27445E-01    8.80341E-01
    2.69600E+02    1.27531E-01    8.80266E-01
    2.69700E+02    1.27622E-01    8.80186E-01
    2.69800E+02    1.27726E-01    8.80094E-01
    2.69900E+02    1.27832E-01    8.80001E-01
    2.70000E+02    1.27943E-01    8.79903E-01
    2.70100E+02    1.28080E-01    8.79783E-01
    2.70200E+02    1.28165E-01    8.79708E-01
    2.70300E+02    1.28291E-01    8.79597E-01
    2.70400E+02    1.28446E-01    8.79461E-01
    2.70500E+02    1.28617E-01    8.79310E-01
    2.70600E+02    1.28690E-01    8.79247E-01
    2.70700E+02    1.28915E-01    8.79049E-01
    2.70800E+02    1.29064E-01    8.78918E-01
    2.70900E+02    1.29350E-01    8.78666E-01
    2.71000E+02    1.29639E-01    8.78413E-01
    2.71100E+02    1.32088E-01    8.76263E-01
    2.71200E+02    1.29799E-01    8.78272E-01
    2.71300E+02    1.29840E-01    8.78236E-01
    2.71400E+02    1.29779E-01    8.78290E-01
    2.71500E+02    1.29891E-01    8.78191E-01
    2.71600E+02    1.30045E-01    8.78056E-01
    2.71700E+02    1.30239E-01    8.77886E-01
    2.71800E+02    1.30515E-01    8.77643E-01
    2.71900E+02    1.31386E-01    8.76879E-01
    2.72000E+02    1.31099E-01    8.77131E-01
    2.72100E+02    1.31137E-01    8.77098E-01
    2.72200E+02    1.31391E-01    8.76875E-01
    2.72300E+02    1.31742E-01    8.76567E-01
    2.72400E+02    1.32215E-01    8.76153E-01
    2.72500E+02    1.32870E-01    8.75579E-01
    2.72600E+02    1.33837E-01    8.74732E-01
    2.72700E+02    1.35464E-01    8.73311E-01
    2.72800E+02    1.38546E-01    8.70623E-01
    2.72900E+02    1.46238E-01    8.63952E-01
    2.73000E+02    1.79389E-01    8.35781E-01
    2.73100E+02    1.81030E-01    8.34410E-01
    2.73200E+02    1.46947E-01    8.63340E-01
    2.73300E+02    1.39445E-01    8.69841E-01
    2.73400E+02    1.36550E-01    8.72362E-01
    2.73500E+02    1.35256E-01    8.73493E-01
    2.73600E+02    1.34632E-01    8.74038E-01
    2.73700E+02    1.34351E-01    8.74283E-01
    2.73800E+02    1.34340E-01    8.74293E-01
    2.73900E+02    1.34621E-01    8.74047E-01
    2.74000E+02    1.34934E-01    8.73774E-01
    2.74100E+02    1.35563E-01    8.73224E-01
    2.74200E+02    1.36956E-01    8.72008E-01
    2.74300E+02    1.40255E-01    8.69137E-01
    2.74400E+02    1.51733E-01    8.59217E-01
    2.74500E+02    1.81703E-01    8.33849E-01
    2.74600E+02    1.44833E-01    8.65167E-01
    2.74700E+02    1.38720E-01    8.70472E-01
    2.74800E+02    1.36613E-01    8.72308E-01
    2.74900E+02    1.35693E-01    8.73111E-01
    2.75000E+02    1.35282E-01    8.73470E-01
    2.75100E+02    1.35015E-01    8.73703E-01
    2.75200E+02    1.34981E-01    8.73733E-01
    2.75300E+02    1.34821E-01    8.73872E-01
    2.75400E+02    1.34805E-01    8.73886E-01
    2.75500E+02    1.34819E-01    8.73874E-01
    2.75600E+02    1.34866E-01    8.73833E-01
    2.75700E+02    1.34950E-01    8.73759E-01
    2.75800E+02    1.35050E-01    8.73672E-01
    2.75900E+02    1.35180E-01    8.73559E-01
    2.76000E+02    1.35280E-01    8.73471E-01
    2.76100E+02    1.35432E-01    8.73339E-01
    2.76200E+02    1.35608E-01    8.73185E-01
    2.76300E+02    1.35828E-01    8.72993E-01
    2.76400E+02    1.36098E-01    8.72758E-01
    2.76500E+02    1.36474E-01    8.72429E-01
    2.76600E+02    1.37065E-01    8.71914E-01
    2.76700E+02    1.38196E-01    8.70928E-01
    2.76800E+02    1.41183E-01    8.68331E-01
    2.76900E+02    1.58422E-01    8.53490E-01
    2.77000E+02    1.45331E-01    8.64736E-01
    2.77100E+02    1.39757E-01    8.69570E-01
    2.77200E+02    1.38200E-01    8.70925E-01
    2.77300E+02    1.37638E-01    8.71414E-01
    2.77400E+02    1.37453E-01    8.71575E-01
    2.77500E+02    1.37406E-01    8.71616E-01
    2.77600E+02    1.37370E-01    8.71647E-01
    2.77700E+02    1.37401E-01    8.71620E-01
    2.77800E+02    1.37503E-01    8.71531E-01
    2.77900E+02    1.37745E-01    8.71321E-01
    2.78000E+02    1.37764E-01    8.71304E-01
    2.78100E+02    1.37892E-01    8.71193E-01
    2.78200E+02    1.37954E-01    8.71139E-01
    2.78300E+02    1.38132E-01    8.70984E-01
    2.78400E+02    1.38493E-01    8.70669E-01
    2.78500E+02    1.39623E-01    8.69686E-01
    2.78600E+02    1.38878E-01    8.70334E-01
    2.78700E+02    1.38786E-01    8.70414E-01
    2.78800E+02    1.38921E-01    8.70296E-01
    2.78900E+02    1.39148E-01    8.70099E-01
    2.79000E+02    1.39466E-01    8.69823E-01
    2.79100E+02    1.39935E-01    8.69415E-01
    2.79200E+02    1.40779E-01    8.68681E-01
    2.79300E+02    1.42888E-01    8.66851E-01
    2.79400E+02    1.46777E-01    8.63486E-01
    2.79500E+02    1.64681E-01    8.48164E-01
    2.79600E+02    1.45214E-01    8.64838E-01
    2.79700E+02    1.42819E-01    8.66911E-01
    2.79800E+02    1.43331E-01    8.66467E-01
    2.79900E+02    1.53116E-01    8.58030E-01
    2.80000E+02    1.42583E-01    8.67115E-01
    2.80100E+02    1.41375E-01    8.68164E-01
    2.80200E+02    1.41047E-01    8.68448E-01
    2.80300E+02    1.40956E-01    8.68527E-01
    2.80400E+02    1.40965E-01    8.68520E-01
    2.80500E+02    1.41022E-01    8.68470E-01
    2.80600E+02    1.41119E-01    8.68386E-01
    2.80700E+02    1.41257E-01    8.68266E-01
    2.80800E+02    1.41474E-01    8.68078E-01
    2.80900E+02    1.42095E-01    8.67539E-01
    2.81000E+02    1.44670E-01    8.65308E-01
    2.81100E+02    1.42117E-01    8.67520E-01
    2.81200E+02    1.42161E-01    8.67482E-01
    2.81300E+02    1.42090E-01    8.67543E-01
    2.81400E+02    1.42313E-01    8.67349E-01
    2.81500E+02    1.43093E-01    8.66673E-01
    2.81600E+02    1.42710E-01    8.67006E-01
    2.81700E+02    1.42615E-01    8.67088E-01
    2.81800E+02    1.42744E-01    8.66976E-01
    2.81900E+02    1.43026E-01    8.66732E-01
    2.82000E+02    1.43389E-01    8.66417E-01
    2.82100E+02    1.43320E-01    8.66476E-01
    2.82200E+02    1.43485E-01    8.66334E-01
    2.82300E+02    1.43751E-01    8.66103E-01
    2.82400E+02    1.43943E-01    8.65937E-01
    2.82500E+02    1.44359E-01    8.65577E-01
    2.82600E+02    1.45103E-01    8.64933E-01
    2.82700E+02    1.46902E-01    8.63378E-01
    2.82800E+02    1.55584E-01    8.55915E-01
    2.82900E+02    1.51542E-01    8.59382E-01
    2.83000E+02    1.46728E-01    8.63529E-01
    2.83100E+02    1.45659E-01    8.64453E-01
    2.83200E+02    1.45325E-01    8.64741E-01
    2.83300E+02    1.45214E-01    8.64837E-01
    2.83400E+02    1.45259E-01    8.64798E-01
    2.83500E+02    1.45302E-01    8.64761E-01
    2.83600E+02    1.45394E-01    8.64682E-01
    2.83700E+02    1.45517E-01    8.64575E-01
    2.83800E+02    1.45660E-01    8.64452E-01
    2.83900E+02    1.45816E-01    8.64317E-01
    2.84000E+02    1.46003E-01    8.64155E-01
    2.84100E+02    1.46163E-01    8.64017E-01
    2.84200E+02    1.46349E-01    8.63856E-01
    2.84300E+02    1.46588E-01    8.63650E-01
    2.84400E+02    1.47257E-01    8.63072E-01
    2.84500E+02    1.47017E-01    8.63280E-01
    2.84600E+02    1.47334E-01    8.63005E-01
    2.84700E+02    1.47455E-01    8.62901E-01
    2.84800E+02    1.47753E-01    8.62644E-01
    2.84900E+02    1.48037E-01    8.62400E-01
    2.85000E+02    1.48330E-01    8.62146E-01
    2.85100E+02    1.48709E-01    8.61819E-01
    2.85200E+02    1.49164E-01    8.61428E-01
    2.85300E+02    1.49719E-01    8.60950E-01
    2.85400E+02    1.50426E-01    8.60342E-01
    2.85500E+02    1.51371E-01    8.59529E-01
    2.85600E+02    1.52775E-01    8.58323E-01
    2.85700E+02    1.54726E-01    8.56650E-01
    2.85800E+02    1.58249E-01    8.53637E-01
    2.85900E+02    1.65557E-01    8.47422E-01
    2.86000E+02    1.86576E-01    8.29796E-01
    2.86100E+02    2.79956E-01    7.55817E-01
    2.86200E+02    2.34123E-01    7.91264E-01
    2.86300E+02    2.29936E-01    7.94585E-01
    2.86400E+02    1.71209E-01    8.42645E-01
    2.86500E+02    1.61030E-01    8.51266E-01
    2.86600E+02    1.56960E-01    8.54738E-01
    2.86700E+02    1.54916E-01    8.56487E-01
    2.86800E+02    1.53770E-01    8.57469E-01
    2.86900E+02    1.53112E-01    8.58034E-01
    2.87000E+02    1.52783E-01    8.58316E-01
    2.87100E+02    1.52427E-01    8.58622E-01
    2.87200E+02    1.52280E-01    8.58748E-01
    2.87300E+02    1.52226E-01    8.58794E-01
    2.87400E+02    1.52238E-01    8.58784E-01
    2.87500E+02    1.52304E-01    8.58727E-01
    2.87600E+02    1.52412E-01    8.58634E-01
    2.87700E+02    1.52560E-01    8.58507E-01
    2.87800E+02    1.52753E-01    8.58341E-01
    2.87900E+02    1.52994E-01    8.58135E-01
    2.88000E+02    1.53295E-01    8.57877E-01
    2.88100E+02    1.53671E-01    8.57554E-01
    2.88200E+02    1.54161E-01    8.57134E-01
    2.88300E+02    1.54893E-01    8.56507E-01
    2.88400E+02    1.55699E-01    8.55816E-01
    2.88500E+02    1.56996E-01    8.54707E-01
    2.88600E+02    1.59199E-01    8.52826E-01
    2.88700E+02    1.63443E-01    8.49215E-01
    2.88800E+02    1.73746E-01    8.40511E-01
    2.88900E+02    2.14336E-01    8.07077E-01
    2.89000E+02    2.39017E-01    7.87401E-01
    2.89100E+02    1.78055E-01    8.36896E-01
    2.89200E+02    1.65501E-01    8.47469E-01
    2.89300E+02    1.60827E-01    8.51439E-01
    2.89400E+02    1.58635E-01    8.53307E-01
    2.89500E+02    1.57471E-01    8.54302E-01
    2.89600E+02    1.56812E-01    8.54865E-01
    2.89700E+02    1.56442E-01    8.55181E-01
    2.89800E+02    1.56317E-01    8.55288E-01
    2.89900E+02    1.56270E-01    8.55328E-01
    2.90000E+02    1.56249E-01    8.55346E-01
    2.90100E+02    1.56094E-01    8.55479E-01
    2.90200E+02    1.56116E-01    8.55460E-01
    2.90300E+02    1.56194E-01    8.55393E-01
    2.90400E+02    1.56318E-01    8.55287E-01
    2.90500E+02    1.56510E-01    8.55123E-01
    2.90600E+02    1.56712E-01    8.54950E-01
    2.90700E+02    1.57026E-01    8.54682E-01
    2.90800E+02    1.57638E-01    8.54159E-01
    2.90900E+02    1.59597E-01    8.52487E-01
    2.91000E+02    1.64056E-01    8.48694E-01
    2.91100E+02    1.58764E-01    8.53198E-01
    2.91200E+02    1.58094E-01    8.53770E-01
    2.91300E+02    1.58137E-01    8.53733E-01
    2.91400E+02    1.58147E-01    8.53725E-01
    2.91500E+02    1.58154E-01    8.53718E-01
    2.91600E+02    1.58430E-01    8.53483E-01
    2.91700E+02    1.60992E-01    8.51299E-01
    2.91800E+02    1.58737E-01    8.53221E-01
    2.91900E+02    1.58780E-01    8.53184E-01
    2.92000E+02    1.58954E-01    8.53036E-01
    2.92100E+02    1.59182E-01    8.52841E-01
    2.92200E+02    1.59452E-01    8.52611E-01
    2.92300E+02    1.59764E-01    8.52345E-01
    2.92400E+02    1.60156E-01    8.52011E-01
    2.92500E+02    1.60826E-01    8.51440E-01
    2.92600E+02    1.61298E-01    8.51038E-01
    2.92700E+02    1.61934E-01    8.50497E-01
    2.92800E+02    1.63120E-01    8.49490E-01
    2.92900E+02    1.65265E-01    8.47669E-01
    2.93000E+02    1.70099E-01    8.43581E-01
    2.93100E+02    1.87015E-01    8.29431E-01
    2.93200E+02    2.14649E-01    8.06825E-01
    2.93300E+02    1.75878E-01    8.38721E-01
    2.93400E+02    1.70169E-01    8.43523E-01
    2.93500E+02    1.74019E-01    8.40281E-01
    2.93600E+02    1.72434E-01    8.41614E-01
    2.93700E+02    1.65983E-01    8.47060E-01
    2.93800E+02    1.64352E-01    8.48444E-01
    2.93900E+02    1.63685E-01    8.49010E-01
    2.94000E+02    1.63398E-01    8.49253E-01
    2.94100E+02    1.63289E-01    8.49346E-01
    2.94200E+02    1.63285E-01    8.49349E-01
    2.94300E+02    1.63335E-01    8.49307E-01
    2.94400E+02    1.63429E-01    8.49227E-01
    2.94500E+02    1.63560E-01    8.49116E-01
    2.94600E+02    1.63790E-01    8.48921E-01
    2.94700E+02    1.63845E-01    8.48874E-01
    2.94800E+02    1.64022E-01    8.48724E-01
    2.94900E+02    1.64193E-01    8.48578E-01
    2.95000E+02    1.64379E-01    8.48420E-01
    2.95100E+02    1.64568E-01    8.48260E-01
    2.95200E+02    1.64796E-01    8.48067E-01
    2.95300E+02    1.65158E-01    8.47760E-01
    2.95400E+02    1.65371E-01    8.47579E-01
    2.95500E+02    1.65534E-01    8.47441E-01
    2.95600E+02    1.65644E-01    8.47348E-01
    2.95700E+02    1.65868E-01    8.47158E-01
    2.95800E+02    1.66204E-01    8.46873E-01
    2.95900E+02    1.66363E-01    8.46739E-01
    2.96000E+02    1.66680E-01    8.46471E-01
    2.96100E+02    1.67119E-01    8.46099E-01
    2.96200E+02    1.67147E-01    8.46076E-01
    2.96300E+02    1.67419E-01    8.45845E-01
    2.96400E+02    1.68011E-01    8.45344E-01
    2.96500E+02    1.68003E-01    8.45351E-01
    2.96600E+02    1.68295E-01    8.45104E-01
    2.96700E+02    1.68631E-01    8.44820E-01
    2.96800E+02    1.69038E-01    8.44477E-01
    2.96900E+02    1.69407E-01    8.44166E-01
    2.97000E+02    1.69913E-01    8.43738E-01
    2.97100E+02    1.70881E-01    8.42922E-01
    2.97200E+02    1.72582E-01    8.41489E-01
    2.97300E+02    1.71390E-01    8.42493E-01
    2.97400E+02    1.71837E-01    8.42116E-01
    2.97500E+02    1.72114E-01    8.41884E-01
    2.97600E+02    1.72645E-01    8.41436E-01
    2.97700E+02    1.73295E-01    8.40890E-01
    2.97800E+02    1.74052E-01    8.40253E-01
    2.97900E+02    1.74941E-01    8.39506E-01
    2.98000E+02    1.76004E-01    8.38615E-01
    2.98100E+02    1.77325E-01    8.37507E-01
    2.98200E+02    1.79053E-01    8.36061E-01
    2.98300E+02    1.81674E-01    8.33873E-01
    2.98400E+02    1.86072E-01    8.30214E-01
    2.98500E+02    1.89952E-01    8.26999E-01
    2.98600E+02    1.84449E-01    8.31562E-01
    2.98700E+02    1.81243E-01    8.34232E-01
    2.98800E+02    1.80220E-01    8.35087E-01
    2.98900E+02    1.78897E-01    8.36192E-01
    2.99000E+02    1.78189E-01    8.36784E-01
    2.99100E+02    1.77730E-01    8.37168E-01
    2.99200E+02    1.77442E-01    8.37409E-01
    2.99300E+02    1.77339E-01    8.37496E-01
    2.99400E+02    1.77647E-01    8.37238E-01
    2.99500E+02    1.80117E-01    8.35172E-01
    2.99600E+02    1.77437E-01    8.37414E-01
    2.99700E+02    1.77415E-01    8.37432E-01
    2.99800E+02    1.77229E-01    8.37588E-01
    2.99900E+02    1.77341E-01    8.37494E-01
    3.00000E+02    1.77552E-01    8.37317E-01
    3.00100E+02    1.77931E-01    8.37000E-01
    3.00200E+02    1.78300E-01    8.36691E-01
    3.00300E+02    1.78841E-01    8.36239E-01
    3.00400E+02    1.79793E-01    8.35443E-01
    3.00500E+02    1.81737E-01    8.33820E-01
    3.00600E+02    1.87689E-01    8.28872E-01
    3.00700E+02    2.10937E-01    8.09825E-01
    3.00800E+02    1.85902E-01    8.30355E-01
    3.00900E+02    1.82834E-01    8.32907E-01
    3.01000E+02    1.82223E-01    8.33415E-01
    3.01100E+02    1.82361E-01    8.33300E-01
    3.01200E+02    1.83022E-01    8.32750E-01
    3.01300E+02    1.84283E-01    8.31700E-01
    3.01400E+02    1.86412E-01    8.29931E-01
    3.01500E+02    1.90258E-01    8.26746E-01
    3.01600E+02    1.98419E-01    8.20026E-01
    3.01700E+02    2.22005E-01    8.00911E-01
    3.01800E+02    3.87907E-01    6.78476E-01
    3.01900E+02    2.36701E-01    7.89227E-01
    3.02000E+02    2.03208E-01    8.16109E-01
    3.02100E+02    1.93441E-01    8.24118E-01
    3.02200E+02    1.89432E-01    8.27429E-01
    3.02300E+02    1.87561E-01    8.28978E-01
    3.02400E+02    1.86712E-01    8.29682E-01
    3.02500E+02    1.86535E-01    8.29830E-01
    3.02600E+02    1.86705E-01    8.29688E-01
    3.02700E+02    1.87299E-01    8.29196E-01
    3.02800E+02    1.88633E-01    8.28090E-01
    3.02900E+02    1.91433E-01    8.25775E-01
    3.03000E+02    1.98341E-01    8.20090E-01
    3.03100E+02    2.23736E-01    7.99526E-01
    3.03200E+02    2.48873E-01    7.79679E-01
    3.03300E+02    2.02700E-01    8.16523E-01
    3.03400E+02    1.93680E-01    8.23922E-01
    3.03500E+02    1.90590E-01    8.26471E-01
    3.03600E+02    1.89463E-01    8.27403E-01
    3.03700E+02    1.88441E-01    8.28250E-01
    3.03800E+02    1.88119E-01    8.28516E-01
    3.03900E+02    1.88073E-01    8.28554E-01
    3.04000E+02    1.88124E-01    8.28512E-01
    3.04100E+02    1.88284E-01    8.28379E-01
    3.04200E+02    1.88529E-01    8.28176E-01
    3.04300E+02    1.88842E-01    8.27917E-01
    3.04400E+02    1.89224E-01    8.27601E-01
    3.04500E+02    1.89686E-01    8.27219E-01
    3.04600E+02    1.90260E-01    8.26744E-01
    3.04700E+02    1.91050E-01    8.26091E-01
    3.04800E+02    1.92758E-01    8.24682E-01
    3.04900E+02    1.91992E-01    8.25314E-01
    3.05000E+02    1.91594E-01    8.25642E-01
    3.05100E+02    1.91555E-01    8.25675E-01
    3.05200E+02    1.91573E-01    8.25660E-01
    3.05300E+02    1.91691E-01    8.25562E-01
    3.05400E+02    1.91865E-01    8.25419E-01
    3.05500E+02    1.92075E-01    8.25245E-01
    3.05600E+02    1.92317E-01    8.25045E-01
    3.05700E+02    1.92580E-01    8.24828E-01
    3.05800E+02    1.92863E-01    8.24595E-01
    3.05900E+02    1.93179E-01    8.24335E-01
    3.06000E+02    1.93515E-01    8.24058E-01
    3.06100E+02    1.93809E-01    8.23815E-01
    3.06200E+02    1.94143E-01    8.23540E-01
    3.06300E+02    1.94488E-01    8.23256E-01
    3.06400E+02    1.94852E-01    8.22957E-01
    3.06500E+02    1.95205E-01    8.22666E-01
    3.06600E+02    1.95578E-01    8.22359E-01
    3.06700E+02    1.95963E-01    8.22042E-01
    3.06800E+02    1.96364E-01    8.21713E-01
    3.06900E+02    1.96844E-01    8.21318E-01
    3.07000E+02    1.97198E-01    8.21028E-01
    3.07100E+02    1.97577E-01    8.20717E-01
    3.07200E+02    1.98003E-01    8.20367E-01
    3.07300E+02    1.98588E-01    8.19888E-01
    3.07400E+02    1.99108E-01    8.19461E-01
    3.07500E+02    1.99727E-01    8.18955E-01
    3.07600E+02    1.99959E-01    8.18765E-01
    3.07700E+02    2.00355E-01    8.18440E-01
    3.07800E+02    2.00800E-01    8.18076E-01
    3.07900E+02    2.01269E-01    8.17693E-01
    3.08000E+02    2.01739E-01    8.17308E-01
    3.08100E+02    2.02225E-01    8.16911E-01
    3.08200E+02    2.02731E-01    8.16498E-01
    3.08300E+02    2.03259E-01    8.16067E-01
    3.08400E+02    2.03841E-01    8.15592E-01
    3.08500E+02    2.04685E-01    8.14904E-01
    3.08600E+02    2.05633E-01    8.14132E-01
    3.08700E+02    2.05526E-01    8.14219E-01
    3.08800E+02    2.06106E-01    8.13747E-01
    3.08900E+02    2.06707E-01    8.13258E-01
    3.09000E+02    2.07089E-01    8.12948E-01
    3.09100E+02    2.07658E-01    8.12485E-01
    3.09200E+02    2.08314E-01    8.11952E-01
    3.09300E+02    2.08974E-01    8.11417E-01
    3.09400E+02    2.09780E-01    8.10763E-01
    3.09500E+02    2.10296E-01    8.10345E-01
    3.09600E+02    2.11066E-01    8.09721E-01
    3.09700E+02    2.12004E-01    8.08961E-01
    3.09800E+02    2.13311E-01    8.07905E-01
    3.09900E+02    2.15512E-01    8.06129E-01
    3.10000E+02    2.22334E-01    8.00648E-01
    3.10100E+02    2.28535E-01    7.95698E-01
    3.10200E+02    2.18319E-01    8.03869E-01
    3.10300E+02    2.16948E-01    8.04971E-01
    3.10400E+02    2.16744E-01    8.05136E-01
    3.10500E+02    2.17033E-01    8.04903E-01
    3.10600E+02    2.17488E-01    8.04537E-01
    3.10700E+02    2.18034E-01    8.04098E-01
    3.10800E+02    2.18634E-01    8.03616E-01
    3.10900E+02    2.19269E-01    8.03105E-01
    3.11000E+02    2.19940E-01    8.02567E-01
    3.11100E+02    2.20691E-01    8.01965E-01
    3.11200E+02    2.21360E-01    8.01428E-01
    3.11300E+02    2.22041E-01    8.00883E-01
    3.11400E+02    2.22772E-01    8.00297E-01
    3.11500E+02    2.23540E-01    7.99683E-01
    3.11600E+02    2.24407E-01    7.98990E-01
    3.11700E+02    2.25193E-01    7.98362E-01
    3.11800E+02    2.25939E-01    7.97767E-01
    3.11900E+02    2.26735E-01    7.97132E-01
    3.12000E+02    2.27589E-01    7.96452E-01
    3.12100E+02    2.28468E-01    7.95752E-01
    3.12200E+02    2.29371E-01    7.95033E-01
    3.12300E+02    2.30303E-01    7.94293E-01
    3.12400E+02    2.31266E-01    7.93529E-01
    3.12500E+02    2.32303E-01    7.92706E-01
    3.12600E+02    2.33330E-01    7.91892E-01
    3.12700E+02    2.34281E-01    7.91139E-01
    3.12800E+02    2.35337E-01    7.90305E-01
    3.12900E+02    2.36691E-01    7.89235E-01
    3.13000E+02    2.37522E-01    7.88580E-01
    3.13100E+02    2.38615E-01    7.87718E-01
    3.13200E+02    2.39692E-01    7.86870E-01
    3.13300E+02    2.40851E-01    7.85959E-01
    3.13400E+02    2.42061E-01    7.85008E-01
    3.13500E+02    2.43346E-01    7.84000E-01
    3.13600E+02    2.44793E-01    7.82867E-01
    3.13700E+02    2.45762E-01    7.82108E-01
    3.13800E+02    2.47022E-01    7.81124E-01
    3.13900E+02    2.48377E-01    7.80066E-01
    3.14000E+02    2.50300E-01    7.78568E-01
    3.14100E+02    2.50972E-01    7.78044E-01
    3.14200E+02    2.52274E-01    7.77032E-01
    3.14300E+02    2.53659E-01    7.75956E-01
    3.14400E+02    2.55099E-01    7.74840E-01
    3.14500E+02    2.56590E-01    7.73686E-01
    3.14600E+02    2.58137E-01    7.72489E-01
    3.14700E+02    2.59747E-01    7.71246E-01
    3.14800E+02    2.61430E-01    7.69950E-01
    3.14900E+02    2.63196E-01    7.68591E-01
    3.15000E+02    2.65066E-01    7.67155E-01
    3.15100E+02    2.67092E-01    7.65602E-01
    3.15200E+02    2.69210E-01    7.63983E-01
    3.15300E+02    2.71579E-01    7.62175E-01
    3.15400E+02    2.74312E-01    7.60095E-01
    3.15500E+02    2.77673E-01    7.57545E-01
    3.15600E+02    2.82340E-01    7.54017E-01
    3.15700E+02    2.90559E-01    7.47845E-01
    3.15800E+02    3.14560E-01    7.30110E-01
    3.15900E+02    3.66188E-01    6.93372E-01
    3.16000E+02    3.07902E-01    7.34987E-01
    3.16100E+02    3.04585E-01    7.37430E-01
    3.16200E+02    3.16083E-01    7.28999E-01
    3.16300E+02    3.86977E-01    6.79107E-01
    3.16400E+02    3.38833E-01    7.12601E-01
    3.16500E+02    3.14027E-01    7.30499E-01
    3.16600E+02    3.10786E-01    7.32871E-01
    3.16700E+02    3.17851E-01    7.27711E-01
    3.16800E+02    3.10172E-01    7.33321E-01
    3.16900E+02    3.11109E-01    7.32634E-01
    3.17000E+02    3.13779E-01    7.30681E-01
    3.17100E+02    3.18663E-01    7.27121E-01
    3.17200E+02    3.38749E-01    7.12662E-01
    3.17300E+02    3.24047E-01    7.23216E-01
    3.17400E+02    3.25162E-01    7.22410E-01
    3.17500E+02    3.27889E-01    7.20443E-01
    3.17600E+02    3.31192E-01    7.18067E-01
    3.17700E+02    3.34837E-01    7.15455E-01
    3.17800E+02    3.38716E-01    7.12685E-01
    3.17900E+02    3.42796E-01    7.09783E-01
    3.18000E+02    3.47107E-01    7.06730E-01
    3.18100E+02    3.51683E-01    7.03503E-01
    3.18200E+02    3.56392E-01    7.00198E-01
    3.18300E+02    3.61376E-01    6.96717E-01
    3.18400E+02    3.66614E-01    6.93077E-01
    3.18500E+02    3.72144E-01    6.89255E-01
    3.18600E+02    3.77848E-01    6.85334E-01
    3.18700E+02    3.83906E-01    6.81195E-01
    3.18800E+02    3.90280E-01    6.76868E-01
    3.18900E+02    3.96994E-01    6.72338E-01
    3.19000E+02    4.04073E-01    6.67596E-01
    3.19100E+02    4.11564E-01    6.62613E-01
    3.19200E+02    4.19590E-01    6.57316E-01
    3.19300E+02    4.28023E-01    6.51796E-01
    3.19400E+02    4.37150E-01    6.45875E-01
    3.19500E+02    4.46749E-01    6.39704E-01
    3.19600E+02    4.57469E-01    6.32883E-01
    3.19700E+02    4.69828E-01    6.25110E-01
    3.19800E+02    4.85647E-01    6.15299E-01
    3.19900E+02    5.13448E-01    5.98429E-01
    3.20000E+02    6.61667E-01    5.15990E-01
    3.20100E+02    5.36088E-01    5.85032E-01
    3.20200E+02    5.34481E-01    5.85973E-01
    3.20300E+02    5.43827E-01    5.80522E-01
    3.20400E+02    5.56606E-01    5.73151E-01
    3.20500E+02    5.71043E-01    5.64936E-01
    3.20600E+02    5.86788E-01    5.56111E-01
    3.20700E+02    6.03411E-01    5.46943E-01
    3.20800E+02    6.20857E-01    5.37484E-01
    3.20900E+02    6.38940E-01    5.27852E-01
    3.21000E+02    6.57550E-01    5.18119E-01
    3.21100E+02    6.76614E-01    5.08335E-01
    3.21200E+02    6.95811E-01    4.98670E-01
    3.21300E+02    7.15314E-01    4.89039E-01
    3.21400E+02    7.35332E-01    4.79346E-01
    3.21500E+02    7.56180E-01    4.69456E-01
    3.21600E+02    7.77901E-01    4.59369E-01
    3.21700E+02    8.01040E-01    4.48862E-01
    3.21800E+02    8.25831E-01    4.37871E-01
    3.21900E+02    8.52700E-01    4.26262E-01
    3.22000E+02    8.84146E-01    4.13067E-01
    3.22100E+02    9.13322E-01    4.01189E-01
    3.22200E+02    9.46561E-01    3.88073E-01
    3.22300E+02    9.82803E-01    3.74261E-01
    3.22400E+02    1.02247E+00    3.59705E-01
    3.22500E+02    1.06559E+00    3.44525E-01
    3.22600E+02    1.11240E+00    3.28768E-01
    3.22700E+02    1.16341E+00    3.12418E-01
    3.22800E+02    1.21840E+00    2.95704E-01
    3.22900E+02    1.27833E+00    2.78501E-01
    3.23000E+02    1.34344E+00    2.60946E-01
    3.23100E+02    1.41415E+00    2.43132E-01
    3.23200E+02    1.49093E+00    2.25163E-01
    3.23300E+02    1.57423E+00    2.07167E-01
    3.23400E+02    1.66456E+00    1.89273E-01
    3.23500E+02    1.76245E+00    1.71624E-01
    3.23600E+02    1.86852E+00    1.54351E-01
    3.23700E+02    1.98806E+00    1.36961E-01
    3.23800E+02    2.10506E+00    1.21839E-01
    3.23900E+02    2.23574E+00    1.06913E-01
    3.24000E+02    2.37537E+00    9.29803E-02
    3.24100E+02    2.52335E+00    8.01902E-02
    3.24200E+02    2.67917E+00    6.86200E-02
    3.24300E+02    2.84106E+00    5.83636E-02
    3.24400E+02    3.00728E+00    4.94258E-02
    3.24500E+02    3.17516E+00    4.17876E-02
    3.24600E+02    3.34105E+00    3.53999E-02
    3.24700E+02    3.50008E+00    3.01950E-02
    3.24800E+02    3.64625E+00    2.60889E-02
    3.24900E+02    3.77255E+00    2.29933E-02
    3.25000E+02    3.87040E+00    2.08500E-02
    3.25100E+02    3.93019E+00    1.96400E-02
    3.25200E+02    3.93423E+00    1.95607E-02
    3.25300E+02    3.88118E+00    2.06264E-02
    3.25400E+02    3.78942E+00    2.26088E-02
    3.25500E+02    3.66814E+00    2.55238E-02
    3.25600E+02    3.52631E+00    2.94133E-02
    3.25700E+02    3.37058E+00    3.43699E-02
    3.25800E+02    3.20752E+00    4.04570E-02
    3.25900E+02    3.04172E+00    4.77528E-02
    3.26000E+02    2.87710E+00    5.62979E-02
    3.26100E+02    2.71631E+00    6.61184E-02
    3.26200E+02    2.56138E+00    7.71979E-02
    3.26300E+02    2.41417E+00    8.94417E-02
    3.26400E+02    2.27628E+00    1.02666E-01
    3.26500E+02    2.14842E+00    1.16668E-01
    3.26600E+02    2.02675E+00    1.31763E-01
    3.26700E+02    1.92118E+00    1.46434E-01
    3.26800E+02    1.84433E+00    1.58131E-01
    3.26900E+02    2.01621E+00    1.33159E-01
    3.27000E+02    1.65428E+00    1.91229E-01
    3.27100E+02    1.53845E+00    2.14714E-01
    3.27200E+02    1.45004E+00    2.34560E-01
    3.27300E+02    1.37312E+00    2.53315E-01
    3.27400E+02    1.30386E+00    2.71482E-01
    3.27500E+02    1.24083E+00    2.89143E-01
    3.27600E+02    1.18357E+00    3.06183E-01
    3.27700E+02    1.13328E+00    3.21976E-01
    3.27800E+02    1.09619E+00    3.34142E-01
    3.27900E+02    1.04696E+00    3.51002E-01
    3.28000E+02    9.93556E-01    3.70258E-01
    3.28100E+02    9.51359E-01    3.86216E-01
    3.28200E+02    9.13589E-01    4.01082E-01
    3.28300E+02    8.78857E-01    4.15257E-01
    3.28400E+02    8.46699E-01    4.28828E-01
    3.28500E+02    8.16899E-01    4.41799E-01
    3.28600E+02    7.88989E-01    4.54304E-01
    3.28700E+02    7.62970E-01    4.66279E-01
    3.28800E+02    7.38719E-01    4.77725E-01
    3.28900E+02    7.15999E-01    4.88704E-01
    3.29000E+02    6.94753E-01    4.99198E-01
    3.29100E+02    6.74899E-01    5.09208E-01
    3.29200E+02    6.56125E-01    5.18858E-01
    3.29300E+02    6.38649E-01    5.28005E-01
    3.29400E+02    6.21966E-01    5.36888E-01
    3.29500E+02    6.06390E-01    5.45316E-01
    3.29600E+02    5.91837E-01    5.53310E-01
    3.29700E+02    5.78065E-01    5.60983E-01
    3.29800E+02    5.65880E-01    5.67860E-01
    3.29900E+02    5.52545E-01    5.75483E-01
    3.30000E+02    5.40752E-01    5.82310E-01
    3.30100E+02    5.29685E-01    5.88790E-01
    3.30200E+02    5.19230E-01    5.94978E-01
    3.30300E+02    5.09323E-01    6.00902E-01
    3.30400E+02    4.99943E-01    6.06565E-01
    3.30500E+02    4.91027E-01    6.11998E-01
    3.30600E+02    4.82591E-01    6.17182E-01
    3.30700E+02    4.74574E-01    6.22150E-01
    3.30800E+02    4.66944E-01    6.26915E-01
    3.30900E+02    4.59713E-01    6.31465E-01
    3.31000E+02    4.52873E-01    6.35799E-01
    3.31100E+02    4.46335E-01    6.39969E-01
    3.31200E+02    4.40077E-01    6.43987E-01
    3.31300E+02    4.34161E-01    6.47808E-01
    3.31400E+02    4.28547E-01    6.51455E-01
    3.31500E+02    4.23249E-01    6.54916E-01
    3.31600E+02    4.18236E-01    6.58207E-01
    3.31700E+02    4.13559E-01    6.61292E-01
    3.31800E+02    4.09811E-01    6.63775E-01
    3.31900E+02    4.04876E-01    6.67060E-01
    3.32000E+02    4.00968E-01    6.69672E-01
    3.32100E+02    3.97690E-01    6.71870E-01
    3.32200E+02    3.94671E-01    6.73902E-01
    3.32300E+02    3.92684E-01    6.75242E-01
    3.32400E+02    3.92390E-01    6.75441E-01
    3.32500E+02    3.96115E-01    6.72930E-01
    3.32600E+02    4.13892E-01    6.61072E-01
    3.32700E+02    5.82811E-01    5.58327E-01
    3.32800E+02    4.26507E-01    6.52785E-01
    3.32900E+02    4.37728E-01    6.45501E-01
    3.33000E+02    3.84587E-01    6.80732E-01
    3.33100E+02    3.71841E-01    6.89464E-01
    3.33200E+02    3.65093E-01    6.94132E-01
    3.33300E+02    3.60412E-01    6.97389E-01
    3.33400E+02    3.56713E-01    6.99973E-01
    3.33500E+02    3.53527E-01    7.02207E-01
    3.33600E+02    3.50726E-01    7.04177E-01
    3.33700E+02    3.48162E-01    7.05985E-01
    3.33800E+02    3.45819E-01    7.07641E-01
    3.33900E+02    3.43703E-01    7.09139E-01
    3.34000E+02    3.41693E-01    7.10566E-01
    3.34100E+02    3.39548E-01    7.12092E-01
    3.34200E+02    3.37643E-01    7.13450E-01
    3.34300E+02    3.35881E-01    7.14708E-01
    3.34400E+02    3.34188E-01    7.15919E-01
    3.34500E+02    3.32617E-01    7.17045E-01
    3.34600E+02    3.31136E-01    7.18107E-01
    3.34700E+02    3.29777E-01    7.19084E-01
    3.34800E+02    3.28537E-01    7.19977E-01
    3.34900E+02    3.27526E-01    7.20705E-01
    3.35000E+02    3.26928E-01    7.21136E-01
    3.35100E+02    3.27466E-01    7.20748E-01
    3.35200E+02    3.32787E-01    7.16923E-01
    3.35300E+02    3.42769E-01    7.09802E-01
    3.35400E+02    3.25435E-01    7.22213E-01
    3.35500E+02    3.21497E-01    7.25063E-01
    3.35600E+02    3.19516E-01    7.26501E-01
    3.35700E+02    3.18403E-01    7.27310E-01
    3.35800E+02    3.16639E-01    7.28594E-01
    3.35900E+02    3.15902E-01    7.29131E-01
    3.36000E+02    3.14376E-01    7.30244E-01
    3.36100E+02    3.13314E-01    7.31020E-01
    3.36200E+02    3.12733E-01    7.31445E-01
    3.36300E+02    3.11404E-01    7.32418E-01
    3.36400E+02    3.10471E-01    7.33101E-01
    3.36500E+02    3.09613E-01    7.33731E-01
    3.36600E+02    3.08807E-01    7.34322E-01
    3.36700E+02    3.08031E-01    7.34893E-01
    3.36800E+02    3.07297E-01    7.35432E-01
    3.36900E+02    3.06607E-01    7.35940E-01
    3.37000E+02    3.05932E-01    7.36436E-01
    3.37100E+02    3.05420E-01    7.36814E-01
    3.37200E+02    3.04805E-01    7.37267E-01
    3.37300E+02    3.04175E-01    7.37732E-01
    3.37400E+02    3.03610E-01    7.38149E-01
    3.37500E+02    3.03214E-01    7.38441E-01
    3.37600E+02    3.03040E-01    7.38570E-01
    3.37700E+02    3.02297E-01    7.39118E-01
    3.37800E+02    3.01593E-01    7.39639E-01
    3.37900E+02    3.01089E-01    7.40012E-01
    3.38000E+02    3.00645E-01    7.40341E-01
    3.38100E+02    3.00249E-01    7.40634E-01
    3.38200E+02    2.99868E-01    7.40916E-01
    3.38300E+02    2.99580E-01    7.41129E-01
    3.38400E+02    2.99239E-01    7.41382E-01
    3.38500E+02    2.98920E-01    7.41619E-01
    3.38600E+02    2.98776E-01    7.41726E-01
    3.38700E+02    2.99859E-01    7.40923E-01
    3.38800E+02    2.98438E-01    7.41976E-01
    3.38900E+02    2.97861E-01    7.42404E-01
    3.39000E+02    2.97491E-01    7.42679E-01
    3.39100E+02    2.97219E-01    7.42881E-01
    3.39200E+02    2.96986E-01    7.43055E-01
    3.39300E+02    2.96775E-01    7.43211E-01
    3.39400E+02    2.96584E-01    7.43353E-01
    3.39500E+02    2.96409E-01    7.43483E-01
    3.39600E+02    2.96250E-01    7.43601E-01
    3.39700E+02    2.96107E-01    7.43708E-01
    3.39800E+02    2.95992E-01    7.43793E-01
    3.39900E+02    2.95900E-01    7.43862E-01
    3.40000E+02    2.95764E-01    7.43963E-01
    3.40100E+02    2.95668E-01    7.44035E-01
    3.40200E+02    2.95589E-01    7.44093E-01
    3.40300E+02    2.95524E-01    7.44142E-01
    3.40400E+02    2.95475E-01    7.44178E-01
    3.40500E+02    2.95453E-01    7.44195E-01
    3.40600E+02    2.95520E-01    7.44144E-01
    3.40700E+02    2.95814E-01    7.43926E-01
    3.40800E+02    2.95420E-01    7.44219E-01
    3.40900E+02    2.95375E-01    7.44252E-01
    3.41000E+02    2.95371E-01    7.44255E-01
    3.41100E+02    2.95388E-01    7.44243E-01
    3.41200E+02    2.95419E-01    7.44220E-01
    3.41300E+02    2.95463E-01    7.44187E-01
    3.41400E+02    2.95519E-01    7.44145E-01
    3.41500E+02    2.95591E-01    7.44092E-01
    3.41600E+02    2.95676E-01    7.44029E-01
    3.41700E+02    2.95780E-01    7.43951E-01
    3.41800E+02    2.95930E-01    7.43839E-01
    3.41900E+02    2.96255E-01    7.43598E-01
    3.42000E+02    2.96240E-01    7.43609E-01
    3.42100E+02    2.96860E-01    7.43148E-01
    3.42200E+02    2.96548E-01    7.43380E-01
    3.42300E+02    2.96728E-01    7.43246E-01
    3.42400E+02    2.96960E-01    7.43074E-01
    3.42500E+02    2.97284E-01    7.42833E-01
    3.42600E+02    2.97587E-01    7.42608E-01
    3.42700E+02    2.98060E-01    7.42257E-01
    3.42800E+02    2.98758E-01    7.41739E-01
    3.42900E+02    2.99864E-01    7.40919E-01
    3.43000E+02    3.02114E-01    7.39254E-01
    3.43100E+02    3.08614E-01    7.34464E-01
    3.43200E+02    3.35775E-01    7.14784E-01
    3.43300E+02    3.17093E-01    7.28263E-01
    3.43400E+02    3.06992E-01    7.35656E-01
    3.43500E+02    3.16784E-01    7.28488E-01
    3.43600E+02    3.03482E-01    7.38243E-01
    3.43700E+02    3.01276E-01    7.39873E-01
    3.43800E+02    3.00580E-01    7.40388E-01
    3.43900E+02    3.00360E-01    7.40552E-01
    3.44000E+02    3.00284E-01    7.40608E-01
    3.44100E+02    3.00332E-01    7.40573E-01
    3.44200E+02    3.00443E-01    7.40490E-01
    3.44300E+02    3.00597E-01    7.40376E-01
    3.44400E+02    3.00791E-01    7.40233E-01
    3.44500E+02    3.01011E-01    7.40069E-01
    3.44600E+02    3.01276E-01    7.39873E-01
    3.44700E+02    3.01525E-01    7.39689E-01
    3.44800E+02    3.01841E-01    7.39456E-01
    3.44900E+02    3.02128E-01    7.39244E-01
    3.45000E+02    3.02347E-01    7.39082E-01
    3.45100E+02    3.02629E-01    7.38873E-01
    3.45200E+02    3.02932E-01    7.38650E-01
    3.45300E+02    3.03242E-01    7.38421E-01
    3.45400E+02    3.03566E-01    7.38181E-01
    3.45500E+02    3.03897E-01    7.37937E-01
    3.45600E+02    3.04238E-01    7.37685E-01
    3.45700E+02    3.04586E-01    7.37429E-01
    3.45800E+02    3.04941E-01    7.37167E-01
    3.45900E+02    3.05306E-01    7.36898E-01
    3.46000E+02    3.05678E-01    7.36624E-01
    3.46100E+02    3.06073E-01    7.36333E-01
    3.46200E+02    3.06460E-01    7.36048E-01
    3.46300E+02    3.06834E-01    7.35772E-01
    3.46400E+02    3.07240E-01    7.35474E-01
    3.46500E+02    3.07633E-01    7.35185E-01
    3.46600E+02    3.08065E-01    7.34867E-01
    3.46700E+02    3.08479E-01    7.34563E-01
    3.46800E+02    3.08947E-01    7.34220E-01
    3.46900E+02    3.09448E-01    7.33852E-01
    3.47000E+02    3.09806E-01    7.33589E-01
    3.47100E+02    3.10282E-01    7.33240E-01
    3.47200E+02    3.10969E-01    7.32737E-01
    3.47300E+02    3.11253E-01    7.32529E-01
    3.47400E+02    3.11614E-01    7.32264E-01
    3.47500E+02    3.12064E-01    7.31935E-01
    3.47600E+02    3.12555E-01    7.31576E-01
    3.47700E+02    3.13092E-01    7.31183E-01
    3.47800E+02    3.13957E-01    7.30550E-01
    3.47900E+02    3.14098E-01    7.30447E-01
    3.48000E+02    3.14637E-01    7.30054E-01
    3.48100E+02    3.15068E-01    7.29739E-01
    3.48200E+02    3.15578E-01    7.29367E-01
    3.48300E+02    3.16090E-01    7.28994E-01
    3.48400E+02    3.16632E-01    7.28599E-01
    3.48500E+02    3.17198E-01    7.28187E-01
    3.48600E+02    3.17833E-01    7.27724E-01
    3.48700E+02    3.18290E-01    7.27391E-01
    3.48800E+02    3.18863E-01    7.26975E-01
    3.48900E+02    3.19445E-01    7.26552E-01
    3.49000E+02    3.20304E-01    7.25928E-01
    3.49100E+02    3.20635E-01    7.25688E-01
    3.49200E+02    3.21241E-01    7.25248E-01
    3.49300E+02    3.21887E-01    7.24780E-01
    3.49400E+02    3.22611E-01    7.24256E-01
    3.49500E+02    3.23565E-01    7.23565E-01
    3.49600E+02    3.24554E-01    7.22850E-01
    3.49700E+02    3.26940E-01    7.21127E-01
    3.49800E+02    3.27116E-01    7.21000E-01
    3.49900E+02    3.26282E-01    7.21601E-01
