    1.49900E+02    5.07833E-02    9.50485E-01
    1.50000E+02    5.08813E-02    9.50392E-01
    1.50100E+02    5.09759E-02    9.50302E-01
    1.50200E+02    5.10198E-02    9.50260E-01
    1.50300E+02    5.11102E-02    9.50174E-01
    1.50400E+02    5.11726E-02    9.50115E-01
    1.50500E+02    5.12521E-02    9.50039E-01
    1.50600E+02    5.13356E-02    9.49960E-01
    1.50700E+02    5.14230E-02    9.49877E-01
    1.50800E+02    5.15099E-02    9.49794E-01
    1.50900E+02    5.15983E-02    9.49710E-01
    1.51000E+02    5.16875E-02    9.49626E-01
    1.51100E+02    5.17816E-02    9.49536E-01
    1.51200E+02    5.18703E-02    9.49452E-01
    1.51300E+02    5.19634E-02    9.49364E-01
    1.51400E+02    5.20552E-02    9.49276E-01
    1.51500E+02    5.21475E-02    9.49189E-01
    1.51600E+02    5.22424E-02    9.49099E-01
    1.51700E+02    5.23345E-02    9.49011E-01
    1.51800E+02    5.24269E-02    9.48924E-01
    1.51900E+02    5.25222E-02    9.48833E-01
    1.52000E+02    5.26159E-02    9.48744E-01
    1.52100E+02    5.27125E-02    9.48653E-01
    1.52200E+02    5.28029E-02    9.48567E-01
    1.52300E+02    5.29020E-02    9.48473E-01
    1.52400E+02    5.30009E-02    9.48379E-01
    1.52500E+02    5.31052E-02    9.48280E-01
    1.52600E+02    5.32059E-02    9.48185E-01
    1.52700E+02    5.33124E-02    9.48084E-01
    1.52800E+02    5.34207E-02    9.47981E-01
    1.52900E+02    5.35354E-02    9.47872E-01
    1.53000E+02    5.36586E-02    9.47756E-01
    1.53100E+02    5.37847E-02    9.47636E-01
    1.53200E+02    5.39153E-02    9.47512E-01
    1.53300E+02    5.40647E-02    9.47371E-01
    1.53400E+02    5.42429E-02    9.47202E-01
    1.53500E+02    5.44782E-02    9.46979E-01
    1.53600E+02    5.48344E-02    9.46642E-01
    1.53700E+02    5.60008E-02    9.45538E-01
    1.53800E+02    5.60411E-02    9.45500E-01
    1.53900E+02    5.78975E-02    9.43747E-01
    1.54000E+02    6.17416E-02    9.40126E-01
    1.54100E+02    5.98842E-02    9.41874E-01
    1.54200E+02    5.65979E-02    9.44974E-01
    1.54300E+02    5.58525E-02    9.45679E-01
    1.54400E+02    5.55971E-02    9.45920E-01
    1.54500E+02    5.55262E-02    9.45987E-01
    1.54600E+02    5.55374E-02    9.45977E-01
    1.54700E+02    5.56126E-02    9.45905E-01
    1.54800E+02    5.56854E-02    9.45837E-01
    1.54900E+02    5.57688E-02    9.45758E-01
    1.55000E+02    5.58675E-02    9.45664E-01
    1.55100E+02    5.59700E-02    9.45567E-01
    1.55200E+02    5.60780E-02    9.45465E-01
    1.55300E+02    5.61887E-02    9.45361E-01
    1.55400E+02    5.63056E-02    9.45250E-01
    1.55500E+02    5.64272E-02    9.45135E-01
    1.55600E+02    5.65532E-02    9.45016E-01
    1.55700E+02    5.66877E-02    9.44889E-01
    1.55800E+02    5.68351E-02    9.44750E-01
    1.55900E+02    5.70287E-02    9.44567E-01
    1.56000E+02    5.73084E-02    9.44303E-01
    1.56100E+02    5.90368E-02    9.42672E-01
    1.56200E+02    5.76056E-02    9.44022E-01
    1.56300E+02    5.75380E-02    9.44086E-01
    1.56400E+02    5.76299E-02    9.43999E-01
    1.56500E+02    5.78540E-02    9.43788E-01
    1.56600E+02    5.78613E-02    9.43781E-01
    1.56700E+02    5.79851E-02    9.43664E-01
    1.56800E+02    5.81008E-02    9.43555E-01
    1.56900E+02    5.82318E-02    9.43431E-01
    1.57000E+02    5.83835E-02    9.43288E-01
    1.57100E+02    5.85143E-02    9.43165E-01
    1.57200E+02    5.86767E-02    9.43012E-01
    1.57300E+02    5.88926E-02    9.42808E-01
    1.57400E+02    5.89479E-02    9.42756E-01
    1.57500E+02    5.90810E-02    9.42630E-01
    1.57600E+02    5.92248E-02    9.42495E-01
    1.57700E+02    5.93728E-02    9.42355E-01
    1.57800E+02    5.95217E-02    9.42215E-01
    1.57900E+02    5.96737E-02    9.42072E-01
    1.58000E+02    5.98283E-02    9.41926E-01
    1.58100E+02    5.99859E-02    9.41778E-01
    1.58200E+02    6.01436E-02    9.41629E-01
    1.58300E+02    6.03089E-02    9.41474E-01
    1.58400E+02    6.04817E-02    9.41311E-01
    1.58500E+02    6.07343E-02    9.41073E-01
    1.58600E+02    6.08658E-02    9.40950E-01
    1.58700E+02    6.09630E-02    9.40858E-01
    1.58800E+02    6.11219E-02    9.40709E-01
    1.58900E+02    6.12846E-02    9.40556E-01
    1.59000E+02    6.14524E-02    9.40398E-01
    1.59100E+02    6.16333E-02    9.40228E-01
    1.59200E+02    6.18170E-02    9.40055E-01
    1.59300E+02    6.19829E-02    9.39899E-01
    1.59400E+02    6.21512E-02    9.39741E-01
    1.59500E+02    6.23513E-02    9.39553E-01
    1.59600E+02    6.25144E-02    9.39400E-01
    1.59700E+02    6.26817E-02    9.39242E-01
    1.59800E+02    6.28677E-02    9.39068E-01
    1.59900E+02    6.30663E-02    9.38881E-01
    1.60000E+02    6.32507E-02    9.38708E-01
    1.60100E+02    6.34312E-02    9.38539E-01
    1.60200E+02    6.36225E-02    9.38359E-01
    1.60300E+02    6.38077E-02    9.38185E-01
    1.60400E+02    6.40167E-02    9.37989E-01
    1.60500E+02    6.42057E-02    9.37812E-01
    1.60600E+02    6.43994E-02    9.37630E-01
    1.60700E+02    6.46011E-02    9.37441E-01
    1.60800E+02    6.48022E-02    9.37253E-01
    1.60900E+02    6.50079E-02    9.37060E-01
    1.61000E+02    6.52183E-02    9.36863E-01
    1.61100E+02    6.54316E-02    9.36663E-01
    1.61200E+02    6.56503E-02    9.36458E-01
    1.61300E+02    6.58742E-02    9.36249E-01
    1.61400E+02    6.60807E-02    9.36055E-01
    1.61500E+02    6.62997E-02    9.35850E-01
    1.61600E+02    6.65222E-02    9.35642E-01
    1.61700E+02    6.67516E-02    9.35428E-01
    1.61800E+02    6.69794E-02    9.35214E-01
    1.61900E+02    6.72142E-02    9.34995E-01
    1.62000E+02    6.74486E-02    9.34776E-01
    1.62100E+02    6.76874E-02    9.34553E-01
    1.62200E+02    6.79294E-02    9.34326E-01
    1.62300E+02    6.81814E-02    9.34091E-01
    1.62400E+02    6.84223E-02    9.33866E-01
    1.62500E+02    6.86745E-02    9.33630E-01
    1.62600E+02    6.89306E-02    9.33391E-01
    1.62700E+02    6.91884E-02    9.33151E-01
    1.62800E+02    6.94526E-02    9.32904E-01
    1.62900E+02    6.97207E-02    9.32654E-01
    1.63000E+02    6.99959E-02    9.32398E-01
    1.63100E+02    7.02810E-02    9.32132E-01
    1.63200E+02    7.06016E-02    9.31833E-01
    1.63300E+02    7.09018E-02    9.31553E-01
    1.63400E+02    7.11403E-02    9.31331E-01
    1.63500E+02    7.14285E-02    9.31063E-01
    1.63600E+02    7.17331E-02    9.30779E-01
    1.63700E+02    7.20397E-02    9.30494E-01
    1.63800E+02    7.23596E-02    9.30196E-01
    1.63900E+02    7.26915E-02    9.29888E-01
    1.64000E+02    7.30396E-02    9.29564E-01
    1.64100E+02    7.33946E-02    9.29234E-01
    1.64200E+02    7.37781E-02    9.28878E-01
    1.64300E+02    7.41928E-02    9.28493E-01
    1.64400E+02    7.46553E-02    9.28063E-01
    1.64500E+02    7.51981E-02    9.27560E-01
    1.64600E+02    7.58968E-02    9.26912E-01
    1.64700E+02    7.69792E-02    9.25909E-01
    1.64800E+02    7.90948E-02    9.23952E-01
    1.64900E+02    8.59449E-02    9.17645E-01
    1.65000E+02    8.68870E-02    9.16781E-01
    1.65100E+02    8.04098E-02    9.22738E-01
    1.65200E+02    7.94331E-02    9.23640E-01
    1.65300E+02    7.96005E-02    9.23485E-01
    1.65400E+02    8.03682E-02    9.22776E-01
    1.65500E+02    8.19576E-02    9.21311E-01
    1.65600E+02    8.54632E-02    9.18087E-01
    1.65700E+02    9.67440E-02    9.07788E-01
    1.65800E+02    1.39325E-01    8.69945E-01
    1.65900E+02    9.21798E-02    9.11941E-01
    1.66000E+02    8.54892E-02    9.18063E-01
    1.66100E+02    8.34737E-02    9.19915E-01
    1.66200E+02    8.30383E-02    9.20316E-01
    1.66300E+02    8.25273E-02    9.20786E-01
    1.66400E+02    8.25221E-02    9.20791E-01
    1.66500E+02    8.27162E-02    9.20612E-01
    1.66600E+02    8.31295E-02    9.20232E-01
    1.66700E+02    8.32742E-02    9.20099E-01
    1.66800E+02    8.36107E-02    9.19789E-01
    1.66900E+02    8.39983E-02    9.19433E-01
    1.67000E+02    8.44226E-02    9.19043E-01
    1.67100E+02    8.48919E-02    9.18612E-01
    1.67200E+02    8.53990E-02    9.18146E-01
    1.67300E+02    8.59940E-02    9.17600E-01
    1.67400E+02    8.67789E-02    9.16880E-01
    1.67500E+02    8.84373E-02    9.15360E-01
    1.67600E+02    9.10665E-02    9.12957E-01
    1.67700E+02    8.85808E-02    9.15229E-01
    1.67800E+02    8.85535E-02    9.15254E-01
    1.67900E+02    8.88833E-02    9.14952E-01
    1.68000E+02    8.93283E-02    9.14545E-01
    1.68100E+02    8.98267E-02    9.14090E-01
    1.68200E+02    9.03542E-02    9.13608E-01
    1.68300E+02    9.09079E-02    9.13102E-01
    1.68400E+02    9.14804E-02    9.12579E-01
    1.68500E+02    9.20703E-02    9.12041E-01
    1.68600E+02    9.26798E-02    9.11485E-01
    1.68700E+02    9.33096E-02    9.10911E-01
    1.68800E+02    9.39779E-02    9.10303E-01
    1.68900E+02    9.48029E-02    9.09552E-01
    1.69000E+02    9.57307E-02    9.08709E-01
    1.69100E+02    9.60048E-02    9.08460E-01
    1.69200E+02    9.66089E-02    9.07911E-01
    1.69300E+02    9.72874E-02    9.07295E-01
    1.69400E+02    9.79876E-02    9.06660E-01
    1.69500E+02    9.87148E-02    9.06001E-01
    1.69600E+02    9.94707E-02    9.05316E-01
    1.69700E+02    1.00233E-01    9.04626E-01
    1.69800E+02    1.01053E-01    9.03885E-01
    1.69900E+02    1.01861E-01    9.03155E-01
    1.70000E+02    1.02734E-01    9.02367E-01
    1.70100E+02    1.03436E-01    9.01734E-01
    1.70200E+02    1.04275E-01    9.00977E-01
    1.70300E+02    1.05259E-01    9.00091E-01
    1.70400E+02    1.06013E-01    8.99413E-01
    1.70500E+02    1.06909E-01    8.98607E-01
    1.70600E+02    1.07829E-01    8.97781E-01
    1.70700E+02    1.08776E-01    8.96932E-01
    1.70800E+02    1.09744E-01    8.96063E-01
    1.70900E+02    1.10742E-01    8.95170E-01
    1.71000E+02    1.11774E-01    8.94246E-01
    1.71100E+02    1.12839E-01    8.93295E-01
    1.71200E+02    1.13939E-01    8.92312E-01
    1.71300E+02    1.15134E-01    8.91246E-01
    1.71400E+02    1.17198E-01    8.89409E-01
    1.71500E+02    1.17416E-01    8.89216E-01
    1.71600E+02    1.18422E-01    8.88321E-01
    1.71700E+02    1.19556E-01    8.87314E-01
    1.71800E+02    1.20758E-01    8.86249E-01
    1.71900E+02    1.22003E-01    8.85146E-01
    1.72000E+02    1.23284E-01    8.84013E-01
    1.72100E+02    1.24597E-01    8.82853E-01
    1.72200E+02    1.25949E-01    8.81660E-01
    1.72300E+02    1.27335E-01    8.80439E-01
    1.72400E+02    1.28761E-01    8.79184E-01
    1.72500E+02    1.30226E-01    8.77897E-01
    1.72600E+02    1.31732E-01    8.76575E-01
    1.72700E+02    1.33285E-01    8.75215E-01
    1.72800E+02    1.34898E-01    8.73805E-01
    1.72900E+02    1.36527E-01    8.72383E-01
    1.73000E+02    1.38226E-01    8.70902E-01
    1.73100E+02    1.39996E-01    8.69361E-01
    1.73200E+02    1.41868E-01    8.67735E-01
    1.73300E+02    1.43991E-01    8.65896E-01
    1.73400E+02    1.46517E-01    8.63711E-01
    1.73500E+02    1.51393E-01    8.59510E-01
    1.73600E+02    1.50078E-01    8.60641E-01
    1.73700E+02    1.51631E-01    8.59305E-01
    1.73800E+02    1.53568E-01    8.57643E-01
    1.73900E+02    1.55661E-01    8.55849E-01
    1.74000E+02    1.57862E-01    8.53967E-01
    1.74100E+02    1.60145E-01    8.52020E-01
    1.74200E+02    1.62521E-01    8.49998E-01
    1.74300E+02    1.64969E-01    8.47920E-01
    1.74400E+02    1.67509E-01    8.45769E-01
    1.74500E+02    1.70153E-01    8.43536E-01
    1.74600E+02    1.72878E-01    8.41240E-01
    1.74700E+02    1.75709E-01    8.38862E-01
    1.74800E+02    1.78678E-01    8.36376E-01
    1.74900E+02    1.81818E-01    8.33753E-01
    1.75000E+02    1.85246E-01    8.30900E-01
    1.75100E+02    1.89523E-01    8.27353E-01
    1.75200E+02    1.97575E-01    8.20718E-01
    1.75300E+02    1.96970E-01    8.21215E-01
    1.75400E+02    2.03744E-01    8.15671E-01
    1.75500E+02    2.06451E-01    8.13466E-01
    1.75600E+02    2.06903E-01    8.13098E-01
    1.75700E+02    2.10030E-01    8.10560E-01
    1.75800E+02    2.13774E-01    8.07531E-01
    1.75900E+02    2.17847E-01    8.04248E-01
    1.76000E+02    2.22144E-01    8.00800E-01
    1.76100E+02    2.26654E-01    7.97197E-01
    1.76200E+02    2.31376E-01    7.93441E-01
    1.76300E+02    2.36301E-01    7.89543E-01
    1.76400E+02    2.41613E-01    7.85360E-01
    1.76500E+02    2.46763E-01    7.81326E-01
    1.76600E+02    2.52306E-01    7.77007E-01
    1.76700E+02    2.58092E-01    7.72524E-01
    1.76800E+02    2.64152E-01    7.67857E-01
    1.76900E+02    2.70470E-01    7.63021E-01
    1.77000E+02    2.77072E-01    7.58000E-01
    1.77100E+02    2.83958E-01    7.52798E-01
    1.77200E+02    2.91151E-01    7.47402E-01
    1.77300E+02    2.98671E-01    7.41804E-01
    1.77400E+02    3.06560E-01    7.35975E-01
    1.77500E+02    3.14793E-01    7.29940E-01
    1.77600E+02    3.23434E-01    7.23660E-01
    1.77700E+02    3.32497E-01    7.17131E-01
    1.77800E+02    3.42004E-01    7.10345E-01
    1.77900E+02    3.51980E-01    7.03294E-01
    1.78000E+02    3.62453E-01    6.95967E-01
    1.78100E+02    3.73473E-01    6.88340E-01
    1.78200E+02    3.85058E-01    6.80411E-01
    1.78300E+02    3.97249E-01    6.72166E-01
    1.78400E+02    4.10115E-01    6.63574E-01
    1.78500E+02    4.23738E-01    6.54595E-01
    1.78600E+02    4.38242E-01    6.45169E-01
    1.78700E+02    4.53114E-01    6.35646E-01
    1.78800E+02    4.68972E-01    6.25645E-01
    1.78900E+02    4.85814E-01    6.15196E-01
    1.79000E+02    5.03653E-01    6.04319E-01
    1.79100E+02    5.22554E-01    5.93004E-01
    1.79200E+02    5.42597E-01    5.81237E-01
    1.79300E+02    5.63883E-01    5.68995E-01
    1.79400E+02    5.86469E-01    5.56288E-01
    1.79500E+02    6.10517E-01    5.43070E-01
    1.79600E+02    6.36089E-01    5.29359E-01
    1.79700E+02    6.63345E-01    5.15125E-01
    1.79800E+02    6.92399E-01    5.00374E-01
    1.79900E+02    7.23474E-01    4.85064E-01
    1.80000E+02    7.57685E-01    4.68750E-01
    1.80100E+02    7.91971E-01    4.52951E-01
    1.80200E+02    8.29743E-01    4.36161E-01
    1.80300E+02    8.70264E-01    4.18841E-01
    1.80400E+02    9.13722E-01    4.01029E-01
    1.80500E+02    9.60342E-01    3.82762E-01
    1.80600E+02    1.01041E+00    3.64070E-01
    1.80700E+02    1.06419E+00    3.45006E-01
    1.80800E+02    1.12200E+00    3.25627E-01
    1.80900E+02    1.18419E+00    3.05993E-01
    1.81000E+02    1.25115E+00    2.86176E-01
    1.81100E+02    1.32316E+00    2.66294E-01
    1.81200E+02    1.40068E+00    2.46430E-01
    1.81300E+02    1.48413E+00    2.26701E-01
    1.81400E+02    1.57395E+00    2.07225E-01
    1.81500E+02    1.67051E+00    1.88151E-01
    1.81600E+02    1.77424E+00    1.69613E-01
    1.81700E+02    1.88551E+00    1.51751E-01
    1.81800E+02    2.00467E+00    1.34705E-01
    1.81900E+02    2.13184E+00    1.18619E-01
    1.82000E+02    2.26732E+00    1.03589E-01
    1.82100E+02    2.41090E+00    8.97344E-02
    1.82200E+02    2.56283E+00    7.70865E-02
    1.82300E+02    2.72075E+00    6.58251E-02
    1.82400E+02    2.88518E+00    5.58449E-02
    1.82500E+02    3.05398E+00    4.71707E-02
    1.82600E+02    3.22523E+00    3.97465E-02
    1.82700E+02    3.39569E+00    3.35173E-02
    1.82800E+02    3.56156E+00    2.83944E-02
    1.82900E+02    3.71804E+00    2.42816E-02
    1.83000E+02    3.85892E+00    2.10908E-02
    1.83100E+02    3.97721E+00    1.87379E-02
    1.83200E+02    4.06431E+00    1.71749E-02
    1.83300E+02    4.10722E+00    1.64535E-02
    1.83400E+02    4.08515E+00    1.68205E-02
    1.83500E+02    4.01451E+00    1.80517E-02
    1.83600E+02    3.90991E+00    2.00422E-02
    1.83700E+02    3.78038E+00    2.28139E-02
    1.83800E+02    3.63369E+00    2.64186E-02
    1.83900E+02    3.47556E+00    3.09444E-02
    1.84000E+02    3.31131E+00    3.64685E-02
    1.84100E+02    3.14551E+00    4.30450E-02
    1.84200E+02    2.98281E+00    5.06503E-02
    1.84300E+02    2.83168E+00    5.89136E-02
    1.84400E+02    2.70302E+00    6.70028E-02
    1.84500E+02    2.51667E+00    8.07278E-02
    1.84600E+02    2.36795E+00    9.36725E-02
    1.84700E+02    2.23441E+00    1.07055E-01
    1.84800E+02    2.10497E+00    1.21849E-01
    1.84900E+02    1.97939E+00    1.38153E-01
    1.85000E+02    1.86531E+00    1.54849E-01
    1.85100E+02    1.75939E+00    1.72151E-01
    1.85200E+02    1.66080E+00    1.89987E-01
    1.85300E+02    1.56916E+00    2.08220E-01
    1.85400E+02    1.48385E+00    2.26764E-01
    1.85500E+02    1.40504E+00    2.45356E-01
    1.85600E+02    1.33144E+00    2.64095E-01
    1.85700E+02    1.26190E+00    2.83116E-01
    1.85800E+02    1.19782E+00    3.01852E-01
    1.85900E+02    1.13825E+00    3.20380E-01
    1.86000E+02    1.08279E+00    3.38649E-01
    1.86100E+02    1.03116E+00    3.56594E-01
    1.86200E+02    9.82992E-01    3.74190E-01
    1.86300E+02    9.38080E-01    3.91379E-01
    1.86400E+02    8.96144E-01    4.08141E-01
    1.86500E+02    8.56946E-01    4.24456E-01
    1.86600E+02    8.20232E-01    4.40329E-01
    1.86700E+02    7.85887E-01    4.55715E-01
    1.86800E+02    7.53734E-01    4.70606E-01
    1.86900E+02    7.23573E-01    4.85016E-01
    1.87000E+02    6.95291E-01    4.98929E-01
    1.87100E+02    6.69026E-01    5.12207E-01
    1.87200E+02    6.43908E-01    5.25236E-01
    1.87300E+02    6.20088E-01    5.37897E-01
    1.87400E+02    5.97851E-01    5.49992E-01
    1.87500E+02    5.76910E-01    5.61631E-01
    1.87600E+02    5.57197E-01    5.72812E-01
    1.87700E+02    5.38541E-01    5.83599E-01
    1.87800E+02    5.20984E-01    5.93936E-01
    1.87900E+02    5.04689E-01    6.03693E-01
    1.88000E+02    4.88447E-01    6.13578E-01
    1.88100E+02    4.73415E-01    6.22871E-01
    1.88200E+02    4.59205E-01    6.31786E-01
    1.88300E+02    4.45730E-01    6.40356E-01
    1.88400E+02    4.32938E-01    6.48601E-01
    1.88500E+02    4.20761E-01    6.56547E-01
    1.88600E+02    4.09192E-01    6.64187E-01
    1.88700E+02    3.98187E-01    6.71536E-01
    1.88800E+02    3.87745E-01    6.78585E-01
    1.88900E+02    3.77986E-01    6.85240E-01
    1.89000E+02    3.68238E-01    6.91953E-01
    1.89100E+02    3.59118E-01    6.98292E-01
    1.89200E+02    3.50415E-01    7.04396E-01
    1.89300E+02    3.42139E-01    7.10250E-01
    1.89400E+02    3.34170E-01    7.15932E-01
    1.89500E+02    3.26582E-01    7.21385E-01
    1.89600E+02    3.19336E-01    7.26631E-01
    1.89700E+02    3.12383E-01    7.31702E-01
    1.89800E+02    3.05712E-01    7.36599E-01
    1.89900E+02    2.99328E-01    7.41316E-01
    1.90000E+02    2.93206E-01    7.45868E-01
    1.90100E+02    2.87329E-01    7.50265E-01
    1.90200E+02    2.81693E-01    7.54505E-01
    1.90300E+02    2.76306E-01    7.58580E-01
    1.90400E+02    2.71118E-01    7.62526E-01
    1.90500E+02    2.66237E-01    7.66257E-01
    1.90600E+02    2.61690E-01    7.69750E-01
    1.90700E+02    2.56721E-01    7.73584E-01
    1.90800E+02    2.52217E-01    7.77076E-01
    1.90900E+02    2.47903E-01    7.80436E-01
    1.91000E+02    2.43764E-01    7.83673E-01
    1.91100E+02    2.39784E-01    7.86798E-01
    1.91200E+02    2.35946E-01    7.89823E-01
    1.91300E+02    2.32247E-01    7.92750E-01
    1.91400E+02    2.28686E-01    7.95578E-01
    1.91500E+02    2.25251E-01    7.98316E-01
    1.91600E+02    2.21940E-01    8.00963E-01
    1.91700E+02    2.18757E-01    8.03517E-01
    1.91800E+02    2.15795E-01    8.05901E-01
    1.91900E+02    2.12698E-01    8.08400E-01
    1.92000E+02    2.09803E-01    8.10744E-01
    1.92100E+02    2.07026E-01    8.12999E-01
    1.92200E+02    2.04372E-01    8.15159E-01
    1.92300E+02    2.01808E-01    8.17252E-01
    1.92400E+02    1.99282E-01    8.19319E-01
    1.92500E+02    1.96872E-01    8.21296E-01
    1.92600E+02    1.94568E-01    8.23190E-01
    1.92700E+02    1.92377E-01    8.24996E-01
    1.92800E+02    1.90242E-01    8.26759E-01
    1.92900E+02    1.88251E-01    8.28407E-01
    1.93000E+02    1.86408E-01    8.29935E-01
    1.93100E+02    1.84852E-01    8.31228E-01
    1.93200E+02    1.83914E-01    8.32007E-01
    1.93300E+02    1.86426E-01    8.29920E-01
    1.93400E+02    1.84900E-01    8.31187E-01
    1.93500E+02    1.78619E-01    8.36424E-01
    1.93600E+02    1.75928E-01    8.38678E-01
    1.93700E+02    1.73911E-01    8.40372E-01
    1.93800E+02    1.72135E-01    8.41866E-01
    1.93900E+02    1.70476E-01    8.43263E-01
    1.94000E+02    1.68882E-01    8.44608E-01
    1.94100E+02    1.67322E-01    8.45927E-01
    1.94200E+02    1.65805E-01    8.47211E-01
    1.94300E+02    1.64336E-01    8.48457E-01
    1.94400E+02    1.62903E-01    8.49673E-01
    1.94500E+02    1.61543E-01    8.50830E-01
    1.94600E+02    1.60259E-01    8.51923E-01
    1.94700E+02    1.59069E-01    8.52938E-01
    1.94800E+02    1.58005E-01    8.53845E-01
    1.94900E+02    1.57133E-01    8.54591E-01
    1.95000E+02    1.56579E-01    8.55064E-01
    1.95100E+02    1.56635E-01    8.55016E-01
    1.95200E+02    1.58139E-01    8.53731E-01
    1.95300E+02    1.64284E-01    8.48501E-01
    1.95400E+02    2.02028E-01    8.17072E-01
    1.95500E+02    1.76285E-01    8.38379E-01
    1.95600E+02    1.59512E-01    8.52560E-01
    1.95700E+02    1.63639E-01    8.49048E-01
    1.95800E+02    1.52650E-01    8.58430E-01
    1.95900E+02    1.47710E-01    8.62681E-01
    1.96000E+02    1.45309E-01    8.64755E-01
    1.96100E+02    1.43632E-01    8.66206E-01
    1.96200E+02    1.42283E-01    8.67376E-01
    1.96300E+02    1.41088E-01    8.68413E-01
    1.96400E+02    1.40048E-01    8.69317E-01
    1.96500E+02    1.39002E-01    8.70226E-01
    1.96600E+02    1.38049E-01    8.71056E-01
    1.96700E+02    1.37151E-01    8.71839E-01
    1.96800E+02    1.36293E-01    8.72587E-01
    1.96900E+02    1.35473E-01    8.73303E-01
    1.97000E+02    1.34671E-01    8.74003E-01
    1.97100E+02    1.33908E-01    8.74670E-01
    1.97200E+02    1.33164E-01    8.75321E-01
    1.97300E+02    1.32442E-01    8.75954E-01
    1.97400E+02    1.31757E-01    8.76554E-01
    1.97500E+02    1.31152E-01    8.77084E-01
    1.97600E+02    1.30530E-01    8.77630E-01
    1.97700E+02    1.29819E-01    8.78255E-01
    1.97800E+02    1.29165E-01    8.78829E-01
    1.97900E+02    1.28567E-01    8.79355E-01
    1.98000E+02    1.28210E-01    8.79668E-01
    1.98100E+02    1.27402E-01    8.80380E-01
    1.98200E+02    1.26822E-01    8.80890E-01
    1.98300E+02    1.26274E-01    8.81373E-01
    1.98400E+02    1.25749E-01    8.81836E-01
    1.98500E+02    1.25240E-01    8.82285E-01
    1.98600E+02    1.24754E-01    8.82714E-01
    1.98700E+02    1.24282E-01    8.83130E-01
    1.98800E+02    1.23839E-01    8.83522E-01
    1.98900E+02    1.23425E-01    8.83888E-01
    1.99000E+02    1.23071E-01    8.84201E-01
    1.99100E+02    1.22838E-01    8.84407E-01
    1.99200E+02    1.23294E-01    8.84004E-01
    1.99300E+02    1.23648E-01    8.83691E-01
    1.99400E+02    1.27212E-01    8.80547E-01
    1.99500E+02    1.21977E-01    8.85169E-01
    1.99600E+02    1.20941E-01    8.86086E-01
    1.99700E+02    1.20329E-01    8.86629E-01
    1.99800E+02    1.19873E-01    8.87033E-01
    1.99900E+02    1.19481E-01    8.87381E-01
    2.00000E+02    1.19129E-01    8.87693E-01
    2.00100E+02    1.18795E-01    8.87990E-01
    2.00200E+02    1.18485E-01    8.88265E-01
    2.00300E+02    1.18196E-01    8.88522E-01
    2.00400E+02    1.17923E-01    8.88765E-01
    2.00500E+02    1.17668E-01    8.88991E-01
    2.00600E+02    1.17431E-01    8.89202E-01
    2.00700E+02    1.17211E-01    8.89398E-01
    2.00800E+02    1.17012E-01    8.89575E-01
    2.00900E+02    1.16829E-01    8.89737E-01
    2.01000E+02    1.16669E-01    8.89880E-01
    2.01100E+02    1.16528E-01    8.90006E-01
    2.01200E+02    1.16409E-01    8.90111E-01
    2.01300E+02    1.16319E-01    8.90191E-01
    2.01400E+02    1.16285E-01    8.90222E-01
    2.01500E+02    1.16259E-01    8.90245E-01
    2.01600E+02    1.16189E-01    8.90307E-01
    2.01700E+02    1.16195E-01    8.90302E-01
    2.01800E+02    1.16240E-01    8.90262E-01
    2.01900E+02    1.16322E-01    8.90188E-01
    2.02000E+02    1.16442E-01    8.90082E-01
    2.02100E+02    1.16601E-01    8.89940E-01
    2.02200E+02    1.16808E-01    8.89756E-01
    2.02300E+02    1.17042E-01    8.89548E-01
    2.02400E+02    1.17324E-01    8.89297E-01
    2.02500E+02    1.17639E-01    8.89017E-01
    2.02600E+02    1.17998E-01    8.88698E-01
    2.02700E+02    1.18383E-01    8.88356E-01
    2.02800E+02    1.18790E-01    8.87994E-01
    2.02900E+02    1.19202E-01    8.87629E-01
    2.03000E+02    1.19598E-01    8.87277E-01
    2.03100E+02    1.19963E-01    8.86954E-01
    2.03200E+02    1.20267E-01    8.86683E-01
    2.03300E+02    1.20514E-01    8.86464E-01
    2.03400E+02    1.20945E-01    8.86082E-01
    2.03500E+02    1.20727E-01    8.86275E-01
    2.03600E+02    1.19719E-01    8.87170E-01
    2.03700E+02    1.19005E-01    8.87803E-01
    2.03800E+02    1.18276E-01    8.88451E-01
    2.03900E+02    1.17516E-01    8.89126E-01
    2.04000E+02    1.16776E-01    8.89785E-01
    2.04100E+02    1.15939E-01    8.90529E-01
    2.04200E+02    1.15168E-01    8.91217E-01
    2.04300E+02    1.14427E-01    8.91877E-01
    2.04400E+02    1.13720E-01    8.92507E-01
    2.04500E+02    1.13050E-01    8.93106E-01
    2.04600E+02    1.12421E-01    8.93668E-01
    2.04700E+02    1.11830E-01    8.94197E-01
    2.04800E+02    1.11283E-01    8.94686E-01
    2.04900E+02    1.10777E-01    8.95139E-01
    2.05000E+02    1.10295E-01    8.95570E-01
    2.05100E+02    1.09872E-01    8.95948E-01
    2.05200E+02    1.09662E-01    8.96137E-01
    2.05300E+02    1.09095E-01    8.96645E-01
    2.05400E+02    1.08719E-01    8.96983E-01
    2.05500E+02    1.08427E-01    8.97245E-01
    2.05600E+02    1.08142E-01    8.97500E-01
    2.05700E+02    1.07883E-01    8.97732E-01
    2.05800E+02    1.07715E-01    8.97883E-01
    2.05900E+02    1.07713E-01    8.97885E-01
    2.06000E+02    1.08209E-01    8.97440E-01
    2.06100E+02    1.12157E-01    8.93904E-01
    2.06200E+02    1.09331E-01    8.96434E-01
    2.06300E+02    1.07192E-01    8.98353E-01
    2.06400E+02    1.06512E-01    8.98964E-01
    2.06500E+02    1.06489E-01    8.98985E-01
    2.06600E+02    1.05839E-01    8.99569E-01
    2.06700E+02    1.05586E-01    8.99797E-01
    2.06800E+02    1.05383E-01    8.99980E-01
    2.06900E+02    1.05211E-01    9.00135E-01
    2.07000E+02    1.05053E-01    9.00277E-01
    2.07100E+02    1.04913E-01    9.00403E-01
    2.07200E+02    1.04790E-01    9.00514E-01
    2.07300E+02    1.04687E-01    9.00607E-01
    2.07400E+02    1.04631E-01    9.00656E-01
    2.07500E+02    1.04780E-01    9.00522E-01
    2.07600E+02    1.04440E-01    9.00829E-01
    2.07700E+02    1.04361E-01    9.00900E-01
    2.07800E+02    1.04326E-01    9.00932E-01
    2.07900E+02    1.04337E-01    9.00922E-01
    2.08000E+02    1.04408E-01    9.00858E-01
    2.08100E+02    1.04575E-01    9.00708E-01
    2.08200E+02    1.04903E-01    9.00411E-01
    2.08300E+02    1.05568E-01    8.99814E-01
    2.08400E+02    1.07025E-01    8.98503E-01
    2.08500E+02    1.10974E-01    8.94962E-01
    2.08600E+02    1.29445E-01    8.78582E-01
    2.08700E+02    1.23577E-01    8.83754E-01
    2.08800E+02    1.09796E-01    8.96017E-01
    2.08900E+02    1.06311E-01    8.99145E-01
    2.09000E+02    1.04871E-01    9.00440E-01
    2.09100E+02    1.04119E-01    9.01118E-01
    2.09200E+02    1.03662E-01    9.01530E-01
    2.09300E+02    1.03370E-01    9.01793E-01
    2.09400E+02    1.03209E-01    9.01938E-01
    2.09500E+02    1.03395E-01    9.01771E-01
    2.09600E+02    1.03000E-01    9.02127E-01
    2.09700E+02    1.02771E-01    9.02334E-01
    2.09800E+02    1.02669E-01    9.02426E-01
    2.09900E+02    1.02612E-01    9.02477E-01
    2.10000E+02    1.02609E-01    9.02480E-01
    2.10100E+02    1.02689E-01    9.02407E-01
    2.10200E+02    1.03482E-01    9.01692E-01
    2.10300E+02    1.03192E-01    9.01954E-01
    2.10400E+02    1.05382E-01    8.99981E-01
    2.10500E+02    1.04018E-01    9.01209E-01
    2.10600E+02    1.04222E-01    9.01026E-01
    2.10700E+02    1.06886E-01    8.98628E-01
    2.10800E+02    1.26719E-01    8.80981E-01
    2.10900E+02    1.06376E-01    8.99087E-01
    2.11000E+02    1.03670E-01    9.01523E-01
    2.11100E+02    1.02777E-01    9.02328E-01
    2.11200E+02    1.02353E-01    9.02711E-01
    2.11300E+02    1.02089E-01    9.02949E-01
    2.11400E+02    1.01926E-01    9.03096E-01
    2.11500E+02    1.01812E-01    9.03199E-01
    2.11600E+02    1.01725E-01    9.03278E-01
    2.11700E+02    1.01656E-01    9.03341E-01
    2.11800E+02    1.01600E-01    9.03391E-01
    2.11900E+02    1.01550E-01    9.03436E-01
    2.12000E+02    1.01511E-01    9.03471E-01
    2.12100E+02    1.01482E-01    9.03497E-01
    2.12200E+02    1.01450E-01    9.03526E-01
    2.12300E+02    1.01423E-01    9.03551E-01
    2.12400E+02    1.01402E-01    9.03569E-01
    2.12500E+02    1.01388E-01    9.03582E-01
    2.12600E+02    1.01383E-01    9.03587E-01
    2.12700E+02    1.01385E-01    9.03585E-01
    2.12800E+02    1.01389E-01    9.03581E-01
    2.12900E+02    1.01406E-01    9.03566E-01
    2.13000E+02    1.01347E-01    9.03619E-01
    2.13100E+02    1.01334E-01    9.03631E-01
    2.13200E+02    1.01331E-01    9.03634E-01
    2.13300E+02    1.01335E-01    9.03630E-01
    2.13400E+02    1.01342E-01    9.03624E-01
    2.13500E+02    1.01353E-01    9.03614E-01
    2.13600E+02    1.01370E-01    9.03599E-01
    2.13700E+02    1.01391E-01    9.03579E-01
    2.13800E+02    1.01426E-01    9.03548E-01
    2.13900E+02    1.01466E-01    9.03512E-01
    2.14000E+02    1.01520E-01    9.03463E-01
    2.14100E+02    1.01592E-01    9.03399E-01
    2.14200E+02    1.01691E-01    9.03309E-01
    2.14300E+02    1.01830E-01    9.03183E-01
    2.14400E+02    1.02036E-01    9.02997E-01
    2.14500E+02    1.02365E-01    9.02700E-01
    2.14600E+02    1.02932E-01    9.02189E-01
    2.14700E+02    1.04057E-01    9.01173E-01
    2.14800E+02    1.06888E-01    8.98626E-01
    2.14900E+02    1.18596E-01    8.88167E-01
    2.15000E+02    1.22225E-01    8.84949E-01
    2.15100E+02    1.07499E-01    8.98077E-01
    2.15200E+02    1.04317E-01    9.00940E-01
    2.15300E+02    1.03096E-01    9.02040E-01
    2.15400E+02    1.02509E-01    9.02570E-01
    2.15500E+02    1.02182E-01    9.02865E-01
    2.15600E+02    1.01988E-01    9.03040E-01
    2.15700E+02    1.01870E-01    9.03147E-01
    2.15800E+02    1.01794E-01    9.03216E-01
    2.15900E+02    1.01773E-01    9.03234E-01
    2.16000E+02    1.02074E-01    9.02963E-01
    2.16100E+02    1.01833E-01    9.03180E-01
    2.16200E+02    1.01690E-01    9.03310E-01
    2.16300E+02    1.01653E-01    9.03343E-01
    2.16400E+02    1.01654E-01    9.03342E-01
    2.16500E+02    1.01634E-01    9.03360E-01
    2.16600E+02    1.01635E-01    9.03359E-01
    2.16700E+02    1.01643E-01    9.03352E-01
    2.16800E+02    1.01661E-01    9.03335E-01
    2.16900E+02    1.01704E-01    9.03297E-01
    2.17000E+02    1.01690E-01    9.03310E-01
    2.17100E+02    1.01705E-01    9.03296E-01
    2.17200E+02    1.01731E-01    9.03272E-01
    2.17300E+02    1.01761E-01    9.03245E-01
    2.17400E+02    1.01812E-01    9.03199E-01
    2.17500E+02    1.02054E-01    9.02981E-01
    2.17600E+02    1.01876E-01    9.03142E-01
    2.17700E+02    1.01875E-01    9.03143E-01
    2.17800E+02    1.01904E-01    9.03116E-01
    2.17900E+02    1.01959E-01    9.03067E-01
    2.18000E+02    1.02070E-01    9.02966E-01
    2.18100E+02    1.02784E-01    9.02322E-01
    2.18200E+02    1.02227E-01    9.02825E-01
    2.18300E+02    1.02093E-01    9.02946E-01
    2.18400E+02    1.02080E-01    9.02957E-01
    2.18500E+02    1.02098E-01    9.02941E-01
    2.18600E+02    1.02129E-01    9.02913E-01
    2.18700E+02    1.02151E-01    9.02893E-01
    2.18800E+02    1.02183E-01    9.02864E-01
    2.18900E+02    1.02218E-01    9.02833E-01
    2.19000E+02    1.02264E-01    9.02792E-01
    2.19100E+02    1.02348E-01    9.02715E-01
    2.19200E+02    1.02389E-01    9.02678E-01
    2.19300E+02    1.02591E-01    9.02496E-01
    2.19400E+02    1.02476E-01    9.02600E-01
    2.19500E+02    1.02465E-01    9.02610E-01
    2.19600E+02    1.02499E-01    9.02579E-01
    2.19700E+02    1.02538E-01    9.02544E-01
    2.19800E+02    1.02592E-01    9.02495E-01
    2.19900E+02    1.02707E-01    9.02392E-01
    2.20000E+02    1.02746E-01    9.02356E-01
    2.20100E+02    1.02717E-01    9.02382E-01
    2.20200E+02    1.02748E-01    9.02355E-01
    2.20300E+02    1.02791E-01    9.02316E-01
    2.20400E+02    1.02835E-01    9.02276E-01
    2.20500E+02    1.02885E-01    9.02231E-01
    2.20600E+02    1.02946E-01    9.02176E-01
    2.20700E+02    1.03118E-01    9.02020E-01
    2.20800E+02    1.03071E-01    9.02063E-01
    2.20900E+02    1.03083E-01    9.02052E-01
    2.21000E+02    1.03129E-01    9.02011E-01
    2.21100E+02    1.03179E-01    9.01966E-01
    2.21200E+02    1.03242E-01    9.01909E-01
    2.21300E+02    1.03399E-01    9.01767E-01
    2.21400E+02    1.03368E-01    9.01795E-01
    2.21500E+02    1.03395E-01    9.01771E-01
    2.21600E+02    1.03443E-01    9.01727E-01
    2.21700E+02    1.03498E-01    9.01678E-01
    2.21800E+02    1.03555E-01    9.01627E-01
    2.21900E+02    1.03612E-01    9.01575E-01
    2.22000E+02    1.03672E-01    9.01521E-01
    2.22100E+02    1.03734E-01    9.01465E-01
    2.22200E+02    1.03798E-01    9.01407E-01
    2.22300E+02    1.03869E-01    9.01344E-01
    2.22400E+02    1.03986E-01    9.01238E-01
    2.22500E+02    1.04020E-01    9.01208E-01
    2.22600E+02    1.04063E-01    9.01168E-01
    2.22700E+02    1.04129E-01    9.01109E-01
    2.22800E+02    1.04198E-01    9.01046E-01
    2.22900E+02    1.04274E-01    9.00978E-01
    2.23000E+02    1.04369E-01    9.00893E-01
    2.23100E+02    1.04459E-01    9.00812E-01
    2.23200E+02    1.04593E-01    9.00691E-01
    2.23300E+02    1.04695E-01    9.00599E-01
    2.23400E+02    1.04743E-01    9.00556E-01
    2.23500E+02    1.04774E-01    9.00528E-01
    2.23600E+02    1.04855E-01    9.00455E-01
    2.23700E+02    1.04952E-01    9.00368E-01
    2.23800E+02    1.05068E-01    9.00264E-01
    2.23900E+02    1.05477E-01    8.99895E-01
    2.24000E+02    1.05268E-01    9.00084E-01
    2.24100E+02    1.05350E-01    9.00009E-01
    2.24200E+02    1.05457E-01    8.99913E-01
    2.24300E+02    1.05571E-01    8.99811E-01
    2.24400E+02    1.05696E-01    8.99698E-01
    2.24500E+02    1.05830E-01    8.99577E-01
    2.24600E+02    1.05990E-01    8.99433E-01
    2.24700E+02    1.06222E-01    8.99225E-01
    2.24800E+02    1.06603E-01    8.98883E-01
    2.24900E+02    1.06697E-01    8.98798E-01
    2.25000E+02    1.06666E-01    8.98826E-01
    2.25100E+02    1.06741E-01    8.98759E-01
    2.25200E+02    1.06901E-01    8.98615E-01
    2.25300E+02    1.07051E-01    8.98480E-01
    2.25400E+02    1.07244E-01    8.98307E-01
    2.25500E+02    1.07472E-01    8.98102E-01
    2.25600E+02    1.07755E-01    8.97848E-01
    2.25700E+02    1.08158E-01    8.97485E-01
    2.25800E+02    1.08901E-01    8.96819E-01
    2.25900E+02    1.10403E-01    8.95473E-01
    2.26000E+02    1.16151E-01    8.90341E-01
    2.26100E+02    1.17223E-01    8.89386E-01
    2.26200E+02    1.10491E-01    8.95395E-01
    2.26300E+02    1.09022E-01    8.96711E-01
    2.26400E+02    1.08455E-01    8.97219E-01
    2.26500E+02    1.08176E-01    8.97470E-01
    2.26600E+02    1.08013E-01    8.97616E-01
    2.26700E+02    1.07915E-01    8.97704E-01
    2.26800E+02    1.07854E-01    8.97759E-01
    2.26900E+02    1.07824E-01    8.97786E-01
    2.27000E+02    1.07771E-01    8.97834E-01
    2.27100E+02    1.07751E-01    8.97851E-01
    2.27200E+02    1.07742E-01    8.97860E-01
    2.27300E+02    1.07746E-01    8.97855E-01
    2.27400E+02    1.07755E-01    8.97848E-01
    2.27500E+02    1.07770E-01    8.97834E-01
    2.27600E+02    1.07794E-01    8.97812E-01
    2.27700E+02    1.07829E-01    8.97781E-01
    2.27800E+02    1.07872E-01    8.97743E-01
    2.27900E+02    1.07910E-01    8.97709E-01
    2.28000E+02    1.07947E-01    8.97675E-01
    2.28100E+02    1.07993E-01    8.97633E-01
    2.28200E+02    1.08048E-01    8.97585E-01
    2.28300E+02    1.08115E-01    8.97524E-01
    2.28400E+02    1.08175E-01    8.97471E-01
    2.28500E+02    1.08259E-01    8.97395E-01
    2.28600E+02    1.08335E-01    8.97327E-01
    2.28700E+02    1.08425E-01    8.97246E-01
    2.28800E+02    1.08524E-01    8.97157E-01
    2.28900E+02    1.08636E-01    8.97057E-01
    2.29000E+02    1.08770E-01    8.96937E-01
    2.29100E+02    1.08950E-01    8.96776E-01
    2.29200E+02    1.09155E-01    8.96592E-01
    2.29300E+02    1.09505E-01    8.96277E-01
    2.29400E+02    1.10227E-01    8.95631E-01
    2.29500E+02    1.12647E-01    8.93466E-01
    2.29600E+02    1.17951E-01    8.88739E-01
    2.29700E+02    1.11289E-01    8.94680E-01
    2.29800E+02    1.10313E-01    8.95554E-01
    2.29900E+02    1.10071E-01    8.95770E-01
    2.30000E+02    1.10063E-01    8.95778E-01
    2.30100E+02    1.10121E-01    8.95726E-01
    2.30200E+02    1.10243E-01    8.95617E-01
    2.30300E+02    1.10431E-01    8.95448E-01
    2.30400E+02    1.10657E-01    8.95246E-01
    2.30500E+02    1.10944E-01    8.94989E-01
    2.30600E+02    1.11325E-01    8.94648E-01
    2.30700E+02    1.11846E-01    8.94182E-01
    2.30800E+02    1.12604E-01    8.93504E-01
    2.30900E+02    1.13813E-01    8.92425E-01
    2.31000E+02    1.16038E-01    8.90441E-01
    2.31100E+02    1.21080E-01    8.85963E-01
    2.31200E+02    1.38010E-01    8.71090E-01
    2.31300E+02    1.92824E-01    8.24627E-01
    2.31400E+02    1.29037E-01    8.78941E-01
    2.31500E+02    1.19314E-01    8.87529E-01
    2.31600E+02    1.16060E-01    8.90422E-01
    2.31700E+02    1.14656E-01    8.91673E-01
    2.31800E+02    1.13992E-01    8.92265E-01
    2.31900E+02    1.13706E-01    8.92521E-01
    2.32000E+02    1.13806E-01    8.92431E-01
    2.32100E+02    1.13603E-01    8.92612E-01
    2.32200E+02    1.13695E-01    8.92530E-01
    2.32300E+02    1.13874E-01    8.92370E-01
    2.32400E+02    1.14149E-01    8.92125E-01
    2.32500E+02    1.14631E-01    8.91695E-01
    2.32600E+02    1.14874E-01    8.91479E-01
    2.32700E+02    1.15422E-01    8.90990E-01
    2.32800E+02    1.15748E-01    8.90700E-01
    2.32900E+02    1.16274E-01    8.90231E-01
    2.33000E+02    1.17055E-01    8.89536E-01
    2.33100E+02    1.17660E-01    8.88998E-01
    2.33200E+02    1.18560E-01    8.88199E-01
    2.33300E+02    1.19722E-01    8.87167E-01
    2.33400E+02    1.21022E-01    8.86014E-01
    2.33500E+02    1.22535E-01    8.84675E-01
    2.33600E+02    1.24599E-01    8.82850E-01
    2.33700E+02    1.27441E-01    8.80345E-01
    2.33800E+02    1.31745E-01    8.76564E-01
    2.33900E+02    1.40522E-01    8.68904E-01
    2.34000E+02    1.39686E-01    8.69631E-01
    2.34100E+02    1.31922E-01    8.76410E-01
    2.34200E+02    1.28117E-01    8.79750E-01
    2.34300E+02    1.25593E-01    8.81974E-01
    2.34400E+02    1.23775E-01    8.83579E-01
    2.34500E+02    1.22438E-01    8.84761E-01
    2.34600E+02    1.21412E-01    8.85669E-01
    2.34700E+02    1.20633E-01    8.86359E-01
    2.34800E+02    1.20070E-01    8.86858E-01
    2.34900E+02    1.19755E-01    8.87137E-01
    2.35000E+02    1.19689E-01    8.87197E-01
    2.35100E+02    1.20022E-01    8.86901E-01
    2.35200E+02    1.20279E-01    8.86673E-01
    2.35300E+02    1.21313E-01    8.85756E-01
    2.35400E+02    1.23527E-01    8.83798E-01
    2.35500E+02    1.28660E-01    8.79273E-01
    2.35600E+02    1.44371E-01    8.65566E-01
    2.35700E+02    2.66589E-01    7.65988E-01
    2.35800E+02    1.51541E-01    8.59383E-01
    2.35900E+02    1.31028E-01    8.77193E-01
    2.36000E+02    1.24161E-01    8.83238E-01
    2.36100E+02    1.21399E-01    8.85680E-01
    2.36200E+02    1.19992E-01    8.86928E-01
    2.36300E+02    1.19347E-01    8.87500E-01
    2.36400E+02    1.19086E-01    8.87732E-01
    2.36500E+02    1.19186E-01    8.87643E-01
    2.36600E+02    1.19870E-01    8.87036E-01
    2.36700E+02    1.20587E-01    8.86400E-01
    2.36800E+02    1.22407E-01    8.84788E-01
    2.36900E+02    1.26285E-01    8.81363E-01
    2.37000E+02    1.36302E-01    8.72579E-01
    2.37100E+02    1.82133E-01    8.33490E-01
    2.37200E+02    1.74269E-01    8.40070E-01
    2.37300E+02    1.35191E-01    8.73549E-01
    2.37400E+02    1.25847E-01    8.81750E-01
    2.37500E+02    1.22266E-01    8.84913E-01
    2.37600E+02    1.20775E-01    8.86233E-01
    2.37700E+02    1.19575E-01    8.87297E-01
    2.37800E+02    1.19048E-01    8.87765E-01
    2.37900E+02    1.18785E-01    8.87999E-01
    2.38000E+02    1.18704E-01    8.88071E-01
    2.38100E+02    1.18787E-01    8.87997E-01
    2.38200E+02    1.19067E-01    8.87748E-01
    2.38300E+02    1.19740E-01    8.87151E-01
    2.38400E+02    1.22510E-01    8.84697E-01
    2.38500E+02    1.21602E-01    8.85501E-01
    2.38600E+02    1.21469E-01    8.85619E-01
    2.38700E+02    1.22917E-01    8.84337E-01
    2.38800E+02    1.25344E-01    8.82193E-01
    2.38900E+02    1.31371E-01    8.76893E-01
    2.39000E+02    1.50950E-01    8.59891E-01
    2.39100E+02    2.81787E-01    7.54434E-01
    2.39200E+02    1.46925E-01    8.63359E-01
    2.39300E+02    1.31630E-01    8.76666E-01
    2.39400E+02    1.26659E-01    8.81034E-01
    2.39500E+02    1.24648E-01    8.82807E-01
    2.39600E+02    1.24186E-01    8.83215E-01
    2.39700E+02    1.22942E-01    8.84315E-01
    2.39800E+02    1.22962E-01    8.84297E-01
    2.39900E+02    1.23334E-01    8.83968E-01
    2.40000E+02    1.22976E-01    8.84285E-01
    2.40100E+02    1.22440E-01    8.84759E-01
    2.40200E+02    1.22328E-01    8.84858E-01
    2.40300E+02    1.22301E-01    8.84882E-01
    2.40400E+02    1.21889E-01    8.85247E-01
    2.40500E+02    1.21779E-01    8.85344E-01
    2.40600E+02    1.21423E-01    8.85659E-01
    2.40700E+02    1.21469E-01    8.85619E-01
    2.40800E+02    1.21417E-01    8.85665E-01
    2.40900E+02    1.22157E-01    8.85009E-01
    2.41000E+02    1.21564E-01    8.85534E-01
    2.41100E+02    1.21884E-01    8.85251E-01
    2.41200E+02    1.24597E-01    8.82853E-01
    2.41300E+02    1.23379E-01    8.83929E-01
    2.41400E+02    1.22420E-01    8.84777E-01
    2.41500E+02    1.22638E-01    8.84583E-01
    2.41600E+02    1.22861E-01    8.84387E-01
    2.41700E+02    1.23365E-01    8.83941E-01
    2.41800E+02    1.24154E-01    8.83244E-01
    2.41900E+02    1.25432E-01    8.82116E-01
    2.42000E+02    1.27737E-01    8.80084E-01
    2.42100E+02    1.32629E-01    8.75790E-01
    2.42200E+02    1.46549E-01    8.63684E-01
    2.42300E+02    2.34663E-01    7.90837E-01
    2.42400E+02    1.59913E-01    8.52218E-01
    2.42500E+02    1.36480E-01    8.72424E-01
    2.42600E+02    1.29870E-01    8.78209E-01
    2.42700E+02    1.27240E-01    8.80522E-01
    2.42800E+02    1.26129E-01    8.81501E-01
    2.42900E+02    1.25887E-01    8.81714E-01
    2.43000E+02    1.26509E-01    8.81166E-01
    2.43100E+02    1.27746E-01    8.80077E-01
    2.43200E+02    1.30829E-01    8.77368E-01
    2.43300E+02    1.39375E-01    8.69902E-01
    2.43400E+02    1.75873E-01    8.38725E-01
    2.43500E+02    1.81362E-01    8.34133E-01
    2.43600E+02    1.40158E-01    8.69221E-01
    2.43700E+02    1.31053E-01    8.77171E-01
    2.43800E+02    1.27744E-01    8.80078E-01
    2.43900E+02    1.26554E-01    8.81127E-01
    2.44000E+02    1.27034E-01    8.80703E-01
    2.44100E+02    1.32160E-01    8.76201E-01
    2.44200E+02    1.34377E-01    8.74260E-01
    2.44300E+02    1.26253E-01    8.81392E-01
    2.44400E+02    1.24598E-01    8.82852E-01
    2.44500E+02    1.23554E-01    8.83774E-01
    2.44600E+02    1.23159E-01    8.84123E-01
    2.44700E+02    1.22906E-01    8.84347E-01
    2.44800E+02    1.22865E-01    8.84383E-01
    2.44900E+02    1.22800E-01    8.84440E-01
    2.45000E+02    1.22772E-01    8.84466E-01
    2.45100E+02    1.22731E-01    8.84501E-01
    2.45200E+02    1.22726E-01    8.84506E-01
    2.45300E+02    1.22752E-01    8.84483E-01
    2.45400E+02    1.22793E-01    8.84447E-01
    2.45500E+02    1.22851E-01    8.84395E-01
    2.45600E+02    1.22930E-01    8.84326E-01
    2.45700E+02    1.23043E-01    8.84226E-01
    2.45800E+02    1.23489E-01    8.83831E-01
    2.45900E+02    1.23190E-01    8.84095E-01
    2.46000E+02    1.23258E-01    8.84036E-01
    2.46100E+02    1.23363E-01    8.83943E-01
    2.46200E+02    1.23501E-01    8.83821E-01
    2.46300E+02    1.23709E-01    8.83637E-01
    2.46400E+02    1.23978E-01    8.83399E-01
    2.46500E+02    1.25858E-01    8.81740E-01
    2.46600E+02    1.24434E-01    8.82997E-01
    2.46700E+02    1.24285E-01    8.83128E-01
    2.46800E+02    1.24395E-01    8.83031E-01
    2.46900E+02    1.24578E-01    8.82870E-01
    2.47000E+02    1.24816E-01    8.82659E-01
    2.47100E+02    1.25141E-01    8.82372E-01
    2.47200E+02    1.25461E-01    8.82090E-01
    2.47300E+02    1.25941E-01    8.81667E-01
    2.47400E+02    1.26599E-01    8.81087E-01
    2.47500E+02    1.27677E-01    8.80138E-01
    2.47600E+02    1.29817E-01    8.78256E-01
    2.47700E+02    1.36681E-01    8.72249E-01
    2.47800E+02    1.42571E-01    8.67126E-01
    2.47900E+02    1.35822E-01    8.72998E-01
    2.48000E+02    1.40329E-01    8.69072E-01
    2.48100E+02    1.61549E-01    8.50825E-01
    2.48200E+02    2.42524E-01    7.84645E-01
    2.48300E+02    1.50467E-01    8.60306E-01
    2.48400E+02    1.36905E-01    8.72053E-01
    2.48500E+02    1.32386E-01    8.76003E-01
    2.48600E+02    1.30426E-01    8.77722E-01
    2.48700E+02    1.29591E-01    8.78454E-01
    2.48800E+02    1.29063E-01    8.78918E-01
    2.48900E+02    1.28919E-01    8.79045E-01
    2.49000E+02    1.29046E-01    8.78934E-01
    2.49100E+02    1.29383E-01    8.78638E-01
    2.49200E+02    1.29970E-01    8.78122E-01
    2.49300E+02    1.30955E-01    8.77257E-01
    2.49400E+02    1.32608E-01    8.75808E-01
    2.49500E+02    1.35585E-01    8.73205E-01
    2.49600E+02    1.41869E-01    8.67735E-01
    2.49700E+02    1.60327E-01    8.51865E-01
    2.49800E+02    2.41757E-01    7.85247E-01
    2.49900E+02    1.93272E-01    8.24258E-01
    2.50000E+02    2.05098E-01    8.14568E-01
    2.50100E+02    1.51761E-01    8.59194E-01
    2.50200E+02    1.40331E-01    8.69071E-01
    2.50300E+02    1.35863E-01    8.72963E-01
    2.50400E+02    1.32806E-01    8.75635E-01
    2.50500E+02    1.31404E-01    8.76863E-01
    2.50600E+02    1.30501E-01    8.77656E-01
    2.50700E+02    1.30085E-01    8.78021E-01
    2.50800E+02    1.29596E-01    8.78450E-01
    2.50900E+02    1.29286E-01    8.78722E-01
    2.51000E+02    1.29111E-01    8.78877E-01
    2.51100E+02    1.29007E-01    8.78968E-01
    2.51200E+02    1.29063E-01    8.78918E-01
    2.51300E+02    1.28909E-01    8.79054E-01
    2.51400E+02    1.28890E-01    8.79070E-01
    2.51500E+02    1.28901E-01    8.79061E-01
    2.51600E+02    1.28930E-01    8.79036E-01
    2.51700E+02    1.28974E-01    8.78996E-01
    2.51800E+02    1.29029E-01    8.78949E-01
    2.51900E+02    1.29098E-01    8.78888E-01
    2.52000E+02    1.29191E-01    8.78807E-01
    2.52100E+02    1.29474E-01    8.78558E-01
    2.52200E+02    1.29375E-01    8.78644E-01
    2.52300E+02    1.29524E-01    8.78514E-01
    2.52400E+02    1.29638E-01    8.78413E-01
    2.52500E+02    1.29948E-01    8.78141E-01
    2.52600E+02    1.30036E-01    8.78063E-01
    2.52700E+02    1.30660E-01    8.77516E-01
    2.52800E+02    1.30512E-01    8.77646E-01
    2.52900E+02    1.30194E-01    8.77925E-01
    2.53000E+02    1.30233E-01    8.77890E-01
    2.53100E+02    1.30323E-01    8.77811E-01
    2.53200E+02    1.30437E-01    8.77712E-01
    2.53300E+02    1.30623E-01    8.77549E-01
    2.53400E+02    1.31039E-01    8.77184E-01
    2.53500E+02    1.30820E-01    8.77376E-01
    2.53600E+02    1.30962E-01    8.77251E-01
    2.53700E+02    1.31446E-01    8.76827E-01
    2.53800E+02    1.31441E-01    8.76831E-01
    2.53900E+02    1.31444E-01    8.76828E-01
    2.54000E+02    1.31549E-01    8.76736E-01
    2.54100E+02    1.31744E-01    8.76566E-01
    2.54200E+02    1.32129E-01    8.76228E-01
    2.54300E+02    1.33763E-01    8.74798E-01
    2.54400E+02    1.32373E-01    8.76014E-01
    2.54500E+02    1.32340E-01    8.76043E-01
    2.54600E+02    1.32455E-01    8.75942E-01
    2.54700E+02    1.32727E-01    8.75704E-01
    2.54800E+02    1.32774E-01    8.75663E-01
    2.54900E+02    1.33433E-01    8.75086E-01
    2.55000E+02    1.33018E-01    8.75450E-01
    2.55100E+02    1.33089E-01    8.75388E-01
    2.55200E+02    1.33194E-01    8.75296E-01
    2.55300E+02    1.33256E-01    8.75241E-01
    2.55400E+02    1.33328E-01    8.75178E-01
    2.55500E+02    1.33402E-01    8.75114E-01
    2.55600E+02    1.33474E-01    8.75050E-01
    2.55700E+02    1.33550E-01    8.74984E-01
    2.55800E+02    1.33646E-01    8.74899E-01
    2.55900E+02    1.33709E-01    8.74845E-01
    2.56000E+02    1.33813E-01    8.74753E-01
    2.56100E+02    1.33907E-01    8.74671E-01
    2.56200E+02    1.33940E-01    8.74643E-01
    2.56300E+02    1.34028E-01    8.74566E-01
    2.56400E+02    1.34154E-01    8.74456E-01
    2.56500E+02    1.34277E-01    8.74348E-01
    2.56600E+02    1.34385E-01    8.74253E-01
    2.56700E+02    1.34599E-01    8.74066E-01
    2.56800E+02    1.34665E-01    8.74008E-01
    2.56900E+02    1.35186E-01    8.73554E-01
    2.57000E+02    1.34854E-01    8.73844E-01
    2.57100E+02    1.34939E-01    8.73769E-01
    2.57200E+02    1.35082E-01    8.73644E-01
    2.57300E+02    1.35248E-01    8.73499E-01
    2.57400E+02    1.35464E-01    8.73310E-01
    2.57500E+02    1.35686E-01    8.73117E-01
    2.57600E+02    1.35971E-01    8.72868E-01
    2.57700E+02    1.36276E-01    8.72602E-01
    2.57800E+02    1.36736E-01    8.72201E-01
    2.57900E+02    1.37255E-01    8.71748E-01
    2.58000E+02    1.38339E-01    8.70803E-01
    2.58100E+02    1.40876E-01    8.68597E-01
    2.58200E+02    1.62137E-01    8.50325E-01
    2.58300E+02    1.43182E-01    8.66596E-01
    2.58400E+02    1.42809E-01    8.66920E-01
    2.58500E+02    1.46317E-01    8.63884E-01
    2.58600E+02    1.57958E-01    8.53885E-01
    2.58700E+02    2.35800E-01    7.89939E-01
    2.58800E+02    1.67205E-01    8.46026E-01
    2.58900E+02    1.48549E-01    8.61957E-01
    2.59000E+02    1.43083E-01    8.66682E-01
    2.59100E+02    1.40777E-01    8.68683E-01
    2.59200E+02    1.39648E-01    8.69664E-01
    2.59300E+02    1.38990E-01    8.70236E-01
    2.59400E+02    1.38636E-01    8.70544E-01
    2.59500E+02    1.38584E-01    8.70590E-01
    2.59600E+02    1.38264E-01    8.70869E-01
    2.59700E+02    1.38179E-01    8.70943E-01
    2.59800E+02    1.38154E-01    8.70964E-01
    2.59900E+02    1.38175E-01    8.70946E-01
    2.60000E+02    1.38280E-01    8.70854E-01
    2.60100E+02    1.38300E-01    8.70838E-01
    2.60200E+02    1.38313E-01    8.70826E-01
    2.60300E+02    1.38379E-01    8.70768E-01
    2.60400E+02    1.38474E-01    8.70686E-01
    2.60500E+02    1.38601E-01    8.70575E-01
    2.60600E+02    1.38736E-01    8.70458E-01
    2.60700E+02    1.38902E-01    8.70313E-01
    2.60800E+02    1.39714E-01    8.69607E-01
    2.60900E+02    1.39188E-01    8.70064E-01
    2.61000E+02    1.39162E-01    8.70087E-01
    2.61100E+02    1.39310E-01    8.69959E-01
    2.61200E+02    1.39382E-01    8.69896E-01
    2.61300E+02    1.39513E-01    8.69782E-01
    2.61400E+02    1.39649E-01    8.69663E-01
    2.61500E+02    1.39791E-01    8.69540E-01
    2.61600E+02    1.39950E-01    8.69402E-01
    2.61700E+02    1.40138E-01    8.69239E-01
    2.61800E+02    1.40317E-01    8.69083E-01
    2.61900E+02    1.40487E-01    8.68935E-01
    2.62000E+02    1.40708E-01    8.68743E-01
    2.62100E+02    1.40926E-01    8.68554E-01
    2.62200E+02    1.41173E-01    8.68339E-01
    2.62300E+02    1.41492E-01    8.68062E-01
    2.62400E+02    1.41920E-01    8.67691E-01
    2.62500E+02    1.42571E-01    8.67126E-01
    2.62600E+02    1.43412E-01    8.66397E-01
    2.62700E+02    1.45430E-01    8.64651E-01
    2.62800E+02    1.53085E-01    8.58057E-01
    2.62900E+02    1.56863E-01    8.54821E-01
    2.63000E+02    1.47221E-01    8.63103E-01
    2.63100E+02    1.45992E-01    8.64164E-01
    2.63200E+02    1.47840E-01    8.62569E-01
    2.63300E+02    1.47148E-01    8.63167E-01
    2.63400E+02    1.49309E-01    8.61303E-01
    2.63500E+02    1.54793E-01    8.56592E-01
    2.63600E+02    1.72943E-01    8.41185E-01
    2.63700E+02    2.92797E-01    7.46173E-01
    2.63800E+02    1.70035E-01    8.43635E-01
    2.63900E+02    1.60937E-01    8.51346E-01
    2.64000E+02    1.50486E-01    8.60290E-01
    2.64100E+02    1.47779E-01    8.62622E-01
    2.64200E+02    1.46579E-01    8.63657E-01
    2.64300E+02    1.46003E-01    8.64155E-01
    2.64400E+02    1.45741E-01    8.64382E-01
    2.64500E+02    1.45755E-01    8.64370E-01
    2.64600E+02    1.46035E-01    8.64128E-01
    2.64700E+02    1.46706E-01    8.63548E-01
    2.64800E+02    1.48610E-01    8.61905E-01
    2.64900E+02    1.59581E-01    8.52501E-01
    2.65000E+02    1.51601E-01    8.59331E-01
    2.65100E+02    1.47658E-01    8.62726E-01
    2.65200E+02    1.46674E-01    8.63575E-01
    2.65300E+02    1.46339E-01    8.63864E-01
    2.65400E+02    1.46252E-01    8.63940E-01
    2.65500E+02    1.46284E-01    8.63912E-01
    2.65600E+02    1.46394E-01    8.63817E-01
    2.65700E+02    1.46506E-01    8.63721E-01
    2.65800E+02    1.46660E-01    8.63588E-01
    2.65900E+02    1.46824E-01    8.63446E-01
    2.66000E+02    1.46996E-01    8.63297E-01
    2.66100E+02    1.47203E-01    8.63118E-01
    2.66200E+02    1.47445E-01    8.62910E-01
    2.66300E+02    1.47569E-01    8.62803E-01
    2.66400E+02    1.47777E-01    8.62624E-01
    2.66500E+02    1.48039E-01    8.62397E-01
    2.66600E+02    1.48379E-01    8.62104E-01
    2.66700E+02    1.48856E-01    8.61693E-01
    2.66800E+02    1.49570E-01    8.61078E-01
    2.66900E+02    1.50783E-01    8.60034E-01
    2.67000E+02    1.53016E-01    8.58116E-01
    2.67100E+02    1.58400E-01    8.53509E-01
    2.67200E+02    1.78535E-01    8.36495E-01
    2.67300E+02    2.01317E-01    8.17653E-01
    2.67400E+02    1.62204E-01    8.50268E-01
    2.67500E+02    1.54568E-01    8.56785E-01
    2.67600E+02    1.51784E-01    8.59174E-01
    2.67700E+02    1.50476E-01    8.60298E-01
    2.67800E+02    1.49784E-01    8.60894E-01
    2.67900E+02    1.49393E-01    8.61230E-01
    2.68000E+02    1.49173E-01    8.61420E-01
    2.68100E+02    1.49084E-01    8.61497E-01
    2.68200E+02    1.49358E-01    8.61261E-01
    2.68300E+02    1.49018E-01    8.61554E-01
    2.68400E+02    1.49026E-01    8.61547E-01
    2.68500E+02    1.49149E-01    8.61441E-01
    2.68600E+02    1.49622E-01    8.61033E-01
    2.68700E+02    1.50022E-01    8.60689E-01
    2.68800E+02    1.49323E-01    8.61291E-01
    2.68900E+02    1.49285E-01    8.61324E-01
    2.69000E+02    1.49326E-01    8.61288E-01
    2.69100E+02    1.49403E-01    8.61222E-01
    2.69200E+02    1.49487E-01    8.61150E-01
    2.69300E+02    1.49582E-01    8.61068E-01
    2.69400E+02    1.49685E-01    8.60979E-01
    2.69500E+02    1.49809E-01    8.60873E-01
    2.69600E+02    1.49913E-01    8.60783E-01
    2.69700E+02    1.50022E-01    8.60689E-01
    2.69800E+02    1.50147E-01    8.60582E-01
    2.69900E+02    1.50271E-01    8.60474E-01
    2.70000E+02    1.50402E-01    8.60362E-01
    2.70100E+02    1.50558E-01    8.60227E-01
    2.70200E+02    1.50663E-01    8.60138E-01
    2.70300E+02    1.50809E-01    8.60012E-01
    2.70400E+02    1.50983E-01    8.59862E-01
    2.70500E+02    1.51174E-01    8.59698E-01
    2.70600E+02    1.51267E-01    8.59618E-01
    2.70700E+02    1.51512E-01    8.59407E-01
    2.70800E+02    1.51681E-01    8.59262E-01
    2.70900E+02    1.51988E-01    8.58999E-01
    2.71000E+02    1.52296E-01    8.58734E-01
    2.71100E+02    1.54767E-01    8.56615E-01
    2.71200E+02    1.52498E-01    8.58561E-01
    2.71300E+02    1.52559E-01    8.58508E-01
    2.71400E+02    1.52519E-01    8.58543E-01
    2.71500E+02    1.52651E-01    8.58429E-01
    2.71600E+02    1.52826E-01    8.58279E-01
    2.71700E+02    1.53041E-01    8.58095E-01
    2.71800E+02    1.53338E-01    8.57840E-01
    2.71900E+02    1.54229E-01    8.57075E-01
    2.72000E+02    1.53964E-01    8.57303E-01
    2.72100E+02    1.54023E-01    8.57253E-01
    2.72200E+02    1.54298E-01    8.57017E-01
    2.72300E+02    1.54670E-01    8.56698E-01
    2.72400E+02    1.55164E-01    8.56275E-01
    2.72500E+02    1.55841E-01    8.55695E-01
    2.72600E+02    1.56830E-01    8.54850E-01
    2.72700E+02    1.58478E-01    8.53442E-01
    2.72800E+02    1.61581E-01    8.50797E-01
    2.72900E+02    1.69295E-01    8.44260E-01
    2.73000E+02    2.02467E-01    8.16713E-01
    2.73100E+02    2.04130E-01    8.15357E-01
    2.73200E+02    1.70068E-01    8.43608E-01
    2.73300E+02    1.62588E-01    8.49942E-01
    2.73400E+02    1.59715E-01    8.52387E-01
    2.73500E+02    1.58442E-01    8.53473E-01
    2.73600E+02    1.57840E-01    8.53986E-01
    2.73700E+02    1.57580E-01    8.54208E-01
    2.73800E+02    1.57592E-01    8.54199E-01
    2.73900E+02    1.57894E-01    8.53940E-01
    2.74000E+02    1.58229E-01    8.53654E-01
    2.74100E+02    1.58880E-01    8.53098E-01
    2.74200E+02    1.60295E-01    8.51892E-01
    2.74300E+02    1.63616E-01    8.49068E-01
    2.74400E+02    1.75117E-01    8.39359E-01
    2.74500E+02    2.05108E-01    8.14560E-01
    2.74600E+02    1.68260E-01    8.45134E-01
    2.74700E+02    1.62170E-01    8.50297E-01
    2.74800E+02    1.60085E-01    8.52072E-01
    2.74900E+02    1.59187E-01    8.52837E-01
    2.75000E+02    1.58798E-01    8.53169E-01
    2.75100E+02    1.58554E-01    8.53377E-01
    2.75200E+02    1.58542E-01    8.53387E-01
    2.75300E+02    1.58404E-01    8.53505E-01
    2.75400E+02    1.58411E-01    8.53499E-01
    2.75500E+02    1.58448E-01    8.53468E-01
    2.75600E+02    1.58517E-01    8.53409E-01
    2.75700E+02    1.58624E-01    8.53317E-01
    2.75800E+02    1.58746E-01    8.53213E-01
    2.75900E+02    1.58899E-01    8.53083E-01
    2.76000E+02    1.59022E-01    8.52978E-01
    2.76100E+02    1.59196E-01    8.52829E-01
    2.76200E+02    1.59395E-01    8.52660E-01
    2.76300E+02    1.59638E-01    8.52453E-01
    2.76400E+02    1.59930E-01    8.52204E-01
    2.76500E+02    1.60329E-01    8.51863E-01
    2.76600E+02    1.60943E-01    8.51340E-01
    2.76700E+02    1.62098E-01    8.50358E-01
    2.76800E+02    1.65107E-01    8.47803E-01
    2.76900E+02    1.82370E-01    8.33293E-01
    2.77000E+02    1.69302E-01    8.44254E-01
    2.77100E+02    1.63750E-01    8.48954E-01
    2.77200E+02    1.62217E-01    8.50257E-01
    2.77300E+02    1.61678E-01    8.50715E-01
    2.77400E+02    1.61516E-01    8.50853E-01
    2.77500E+02    1.61493E-01    8.50872E-01
    2.77600E+02    1.61480E-01    8.50883E-01
    2.77700E+02    1.61535E-01    8.50837E-01
    2.77800E+02    1.61660E-01    8.50730E-01
    2.77900E+02    1.61925E-01    8.50505E-01
    2.78000E+02    1.61968E-01    8.50468E-01
    2.78100E+02    1.62120E-01    8.50339E-01
    2.78200E+02    1.62205E-01    8.50267E-01
    2.78300E+02    1.62407E-01    8.50095E-01
    2.78400E+02    1.62792E-01    8.49768E-01
    2.78500E+02    1.63945E-01    8.48788E-01
    2.78600E+02    1.63224E-01    8.49401E-01
    2.78700E+02    1.63156E-01    8.49459E-01
    2.78800E+02    1.63315E-01    8.49324E-01
    2.78900E+02    1.63565E-01    8.49111E-01
    2.79000E+02    1.63907E-01    8.48821E-01
    2.79100E+02    1.64400E-01    8.48403E-01
    2.79200E+02    1.65269E-01    8.47666E-01
    2.79300E+02    1.67401E-01    8.45860E-01
    2.79400E+02    1.71315E-01    8.42556E-01
    2.79500E+02    1.89243E-01    8.27585E-01
    2.79600E+02    1.69800E-01    8.43834E-01
    2.79700E+02    1.67429E-01    8.45836E-01
    2.79800E+02    1.67966E-01    8.45383E-01
    2.79900E+02    1.77775E-01    8.37131E-01
    2.80000E+02    1.67266E-01    8.45974E-01
    2.80100E+02    1.66083E-01    8.46976E-01
    2.80200E+02    1.65779E-01    8.47233E-01
    2.80300E+02    1.65712E-01    8.47290E-01
    2.80400E+02    1.65746E-01    8.47261E-01
    2.80500E+02    1.65828E-01    8.47192E-01
    2.80600E+02    1.65949E-01    8.47089E-01
    2.80700E+02    1.66112E-01    8.46951E-01
    2.80800E+02    1.66353E-01    8.46747E-01
    2.80900E+02    1.67000E-01    8.46200E-01
    2.81000E+02    1.69599E-01    8.44003E-01
    2.81100E+02    1.67071E-01    8.46140E-01
    2.81200E+02    1.67140E-01    8.46081E-01
    2.81300E+02    1.67094E-01    8.46120E-01
    2.81400E+02    1.67343E-01    8.45910E-01
    2.81500E+02    1.68148E-01    8.45229E-01
    2.81600E+02    1.67789E-01    8.45532E-01
    2.81700E+02    1.67720E-01    8.45591E-01
    2.81800E+02    1.67874E-01    8.45460E-01
    2.81900E+02    1.68181E-01    8.45201E-01
    2.82000E+02    1.68569E-01    8.44873E-01
    2.82100E+02    1.68526E-01    8.44909E-01
    2.82200E+02    1.68716E-01    8.44749E-01
    2.82300E+02    1.69008E-01    8.44502E-01
    2.82400E+02    1.69225E-01    8.44319E-01
    2.82500E+02    1.69667E-01    8.43946E-01
    2.82600E+02    1.70436E-01    8.43297E-01
    2.82700E+02    1.72261E-01    8.41759E-01
    2.82800E+02    1.80969E-01    8.34461E-01
    2.82900E+02    1.76952E-01    8.37820E-01
    2.83000E+02    1.72164E-01    8.41841E-01
    2.83100E+02    1.71121E-01    8.42720E-01
    2.83200E+02    1.70813E-01    8.42979E-01
    2.83300E+02    1.70728E-01    8.43051E-01
    2.83400E+02    1.70799E-01    8.42991E-01
    2.83500E+02    1.70868E-01    8.42933E-01
    2.83600E+02    1.70986E-01    8.42833E-01
    2.83700E+02    1.71136E-01    8.42707E-01
    2.83800E+02    1.71305E-01    8.42565E-01
    2.83900E+02    1.71487E-01    8.42411E-01
    2.84000E+02    1.71701E-01    8.42231E-01
    2.84100E+02    1.71887E-01    8.42074E-01
    2.84200E+02    1.72099E-01    8.41896E-01
    2.84300E+02    1.72365E-01    8.41672E-01
    2.84400E+02    1.73060E-01    8.41087E-01
    2.84500E+02    1.72847E-01    8.41266E-01
    2.84600E+02    1.73191E-01    8.40977E-01
    2.84700E+02    1.73338E-01    8.40853E-01
    2.84800E+02    1.73664E-01    8.40579E-01
    2.84900E+02    1.73974E-01    8.40319E-01
    2.85000E+02    1.74294E-01    8.40050E-01
    2.85100E+02    1.74701E-01    8.39708E-01
    2.85200E+02    1.75182E-01    8.39304E-01
    2.85300E+02    1.75765E-01    8.38815E-01
    2.85400E+02    1.76498E-01    8.38200E-01
    2.85500E+02    1.77471E-01    8.37385E-01
    2.85600E+02    1.78903E-01    8.36187E-01
    2.85700E+02    1.80881E-01    8.34535E-01
    2.85800E+02    1.84431E-01    8.31578E-01
    2.85900E+02    1.91766E-01    8.25500E-01
    2.86000E+02    2.12813E-01    8.08308E-01
    2.86100E+02    3.06221E-01    7.36224E-01
    2.86200E+02    2.60415E-01    7.70731E-01
    2.86300E+02    2.56256E-01    7.73944E-01
    2.86400E+02    1.97557E-01    8.20733E-01
    2.86500E+02    1.87406E-01    8.29107E-01
    2.86600E+02    1.83364E-01    8.32465E-01
    2.86700E+02    1.81347E-01    8.34145E-01
    2.86800E+02    1.80230E-01    8.35078E-01
    2.86900E+02    1.79600E-01    8.35605E-01
    2.87000E+02    1.79300E-01    8.35855E-01
    2.87100E+02    1.78971E-01    8.36130E-01
    2.87200E+02    1.78852E-01    8.36230E-01
    2.87300E+02    1.78827E-01    8.36250E-01
    2.87400E+02    1.78868E-01    8.36216E-01
    2.87500E+02    1.78962E-01    8.36137E-01
    2.87600E+02    1.79099E-01    8.36023E-01
    2.87700E+02    1.79276E-01    8.35875E-01
    2.87800E+02    1.79498E-01    8.35690E-01
    2.87900E+02    1.79767E-01    8.35465E-01
    2.88000E+02    1.80097E-01    8.35189E-01
    2.88100E+02    1.80502E-01    8.34851E-01
    2.88200E+02    1.81021E-01    8.34418E-01
    2.88300E+02    1.81782E-01    8.33783E-01
    2.88400E+02    1.82618E-01    8.33086E-01
    2.88500E+02    1.83944E-01    8.31983E-01
    2.88600E+02    1.86176E-01    8.30127E-01
    2.88700E+02    1.90449E-01    8.26588E-01
    2.88800E+02    2.00781E-01    8.18091E-01
    2.88900E+02    2.41401E-01    7.85527E-01
    2.89000E+02    2.66112E-01    7.66353E-01
    2.89100E+02    2.05180E-01    8.14501E-01
    2.89200E+02    1.92656E-01    8.24766E-01
    2.89300E+02    1.88012E-01    8.28605E-01
    2.89400E+02    1.85850E-01    8.30398E-01
    2.89500E+02    1.84715E-01    8.31341E-01
    2.89600E+02    1.84087E-01    8.31864E-01
    2.89700E+02    1.83747E-01    8.32146E-01
    2.89800E+02    1.83652E-01    8.32225E-01
    2.89900E+02    1.83636E-01    8.32239E-01
    2.90000E+02    1.83645E-01    8.32231E-01
    2.90100E+02    1.83521E-01    8.32335E-01
    2.90200E+02    1.83574E-01    8.32291E-01
    2.90300E+02    1.83682E-01    8.32200E-01
    2.90400E+02    1.83837E-01    8.32071E-01
    2.90500E+02    1.84060E-01    8.31886E-01
    2.90600E+02    1.84294E-01    8.31692E-01
    2.90700E+02    1.84638E-01    8.31405E-01
    2.90800E+02    1.85281E-01    8.30870E-01
    2.90900E+02    1.87272E-01    8.29219E-01
    2.91000E+02    1.91762E-01    8.25503E-01
    2.91100E+02    1.86502E-01    8.29857E-01
    2.91200E+02    1.85863E-01    8.30388E-01
    2.91300E+02    1.85937E-01    8.30326E-01
    2.91400E+02    1.85979E-01    8.30291E-01
    2.91500E+02    1.86019E-01    8.30258E-01
    2.91600E+02    1.86325E-01    8.30003E-01
    2.91700E+02    1.88920E-01    8.27853E-01
    2.91800E+02    1.86697E-01    8.29695E-01
    2.91900E+02    1.86772E-01    8.29633E-01
    2.92000E+02    1.86978E-01    8.29462E-01
    2.92100E+02    1.87240E-01    8.29245E-01
    2.92200E+02    1.87541E-01    8.28995E-01
    2.92300E+02    1.87887E-01    8.28709E-01
    2.92400E+02    1.88311E-01    8.28357E-01
    2.92500E+02    1.89014E-01    8.27775E-01
    2.92600E+02    1.89519E-01    8.27357E-01
    2.92700E+02    1.90188E-01    8.26803E-01
    2.92800E+02    1.91407E-01    8.25797E-01
    2.92900E+02    1.93585E-01    8.23999E-01
    2.93000E+02    1.98454E-01    8.19998E-01
    2.93100E+02    2.15402E-01    8.06217E-01
    2.93200E+02    2.43070E-01    7.84217E-01
    2.93300E+02    2.04333E-01    8.15191E-01
    2.93400E+02    1.98657E-01    8.19831E-01
    2.93500E+02    2.02542E-01    8.16652E-01
    2.93600E+02    2.00991E-01    8.17919E-01
    2.93700E+02    1.94575E-01    8.23185E-01
    2.93800E+02    1.92977E-01    8.24501E-01
    2.93900E+02    1.92345E-01    8.25022E-01
    2.94000E+02    1.92093E-01    8.25230E-01
    2.94100E+02    1.92019E-01    8.25291E-01
    2.94200E+02    1.92050E-01    8.25266E-01
    2.94300E+02    1.92134E-01    8.25196E-01
    2.94400E+02    1.92263E-01    8.25090E-01
    2.94500E+02    1.92430E-01    8.24952E-01
    2.94600E+02    1.92695E-01    8.24733E-01
    2.94700E+02    1.92786E-01    8.24659E-01
    2.94800E+02    1.92998E-01    8.24483E-01
    2.94900E+02    1.93205E-01    8.24313E-01
    2.95000E+02    1.93427E-01    8.24130E-01
    2.95100E+02    1.93652E-01    8.23945E-01
    2.95200E+02    1.93916E-01    8.23727E-01
    2.95300E+02    1.94315E-01    8.23399E-01
    2.95400E+02    1.94565E-01    8.23193E-01
    2.95500E+02    1.94764E-01    8.23029E-01
    2.95600E+02    1.94910E-01    8.22909E-01
    2.95700E+02    1.95171E-01    8.22694E-01
    2.95800E+02    1.95545E-01    8.22387E-01
    2.95900E+02    1.95741E-01    8.22225E-01
    2.96000E+02    1.96095E-01    8.21934E-01
    2.96100E+02    1.96572E-01    8.21543E-01
    2.96200E+02    1.96637E-01    8.21489E-01
    2.96300E+02    1.96947E-01    8.21234E-01
    2.96400E+02    1.97578E-01    8.20716E-01
    2.96500E+02    1.97607E-01    8.20692E-01
    2.96600E+02    1.97938E-01    8.20421E-01
    2.96700E+02    1.98313E-01    8.20113E-01
    2.96800E+02    1.98758E-01    8.19749E-01
    2.96900E+02    1.99165E-01    8.19414E-01
    2.97000E+02    1.99711E-01    8.18967E-01
    2.97100E+02    2.00718E-01    8.18143E-01
    2.97200E+02    2.02458E-01    8.16721E-01
    2.97300E+02    2.01306E-01    8.17662E-01
    2.97400E+02    2.01793E-01    8.17264E-01
    2.97500E+02    2.02109E-01    8.17006E-01
    2.97600E+02    2.02681E-01    8.16539E-01
    2.97700E+02    2.03371E-01    8.15976E-01
    2.97800E+02    2.04168E-01    8.15325E-01
    2.97900E+02    2.05098E-01    8.14567E-01
    2.98000E+02    2.06202E-01    8.13669E-01
    2.98100E+02    2.07565E-01    8.12561E-01
    2.98200E+02    2.09334E-01    8.11125E-01
    2.98300E+02    2.11998E-01    8.08966E-01
    2.98400E+02    2.16438E-01    8.05383E-01
    2.98500E+02    2.20360E-01    8.02230E-01
    2.98600E+02    2.14899E-01    8.06623E-01
    2.98700E+02    2.11736E-01    8.09179E-01
    2.98800E+02    2.10754E-01    8.09973E-01
    2.98900E+02    2.09474E-01    8.11010E-01
    2.99000E+02    2.08810E-01    8.11550E-01
    2.99100E+02    2.08394E-01    8.11887E-01
    2.99200E+02    2.08149E-01    8.12086E-01
    2.99300E+02    2.08090E-01    8.12134E-01
    2.99400E+02    2.08442E-01    8.11848E-01
    2.99500E+02    2.10956E-01    8.09810E-01
    2.99600E+02    2.08321E-01    8.11947E-01
    2.99700E+02    2.08343E-01    8.11928E-01
    2.99800E+02    2.08202E-01    8.12043E-01
    2.99900E+02    2.08359E-01    8.11915E-01
    3.00000E+02    2.08616E-01    8.11707E-01
    3.00100E+02    2.09041E-01    8.11362E-01
    3.00200E+02    2.09455E-01    8.11026E-01
    3.00300E+02    2.10042E-01    8.10550E-01
    3.00400E+02    2.11041E-01    8.09741E-01
    3.00500E+02    2.13032E-01    8.08130E-01
    3.00600E+02    2.19031E-01    8.03297E-01
    3.00700E+02    2.42326E-01    7.84800E-01
    3.00800E+02    2.17339E-01    8.04657E-01
    3.00900E+02    2.14319E-01    8.07091E-01
    3.01000E+02    2.13756E-01    8.07545E-01
    3.01100E+02    2.13943E-01    8.07394E-01
    3.01200E+02    2.14653E-01    8.06822E-01
    3.01300E+02    2.15963E-01    8.05765E-01
    3.01400E+02    2.18142E-01    8.04011E-01
    3.01500E+02    2.22037E-01    8.00886E-01
    3.01600E+02    2.30249E-01    7.94336E-01
    3.01700E+02    2.53885E-01    7.75781E-01
    3.01800E+02    4.19838E-01    6.57153E-01
    3.01900E+02    2.68683E-01    7.64385E-01
    3.02000E+02    2.35242E-01    7.90380E-01
    3.02100E+02    2.25527E-01    7.98095E-01
    3.02200E+02    2.21571E-01    8.01259E-01
    3.02300E+02    2.19752E-01    8.02718E-01
    3.02400E+02    2.18957E-01    8.03356E-01
    3.02500E+02    2.18832E-01    8.03456E-01
    3.02600E+02    2.19057E-01    8.03276E-01
    3.02700E+02    2.19705E-01    8.02756E-01
    3.02800E+02    2.21094E-01    8.01641E-01
    3.02900E+02    2.23949E-01    7.99356E-01
    3.03000E+02    2.30912E-01    7.93809E-01
    3.03100E+02    2.56364E-01    7.73861E-01
    3.03200E+02    2.81557E-01    7.54608E-01
    3.03300E+02    2.35441E-01    7.90222E-01
    3.03400E+02    2.26479E-01    7.97336E-01
    3.03500E+02    2.23447E-01    7.99757E-01
    3.03600E+02    2.22379E-01    8.00612E-01
    3.03700E+02    2.21415E-01    8.01384E-01
    3.03800E+02    2.21153E-01    8.01594E-01
    3.03900E+02    2.21167E-01    8.01583E-01
    3.04000E+02    2.21278E-01    8.01494E-01
    3.04100E+02    2.21500E-01    8.01316E-01
    3.04200E+02    2.21807E-01    8.01070E-01
    3.04300E+02    2.22181E-01    8.00770E-01
    3.04400E+02    2.22626E-01    8.00414E-01
    3.04500E+02    2.23150E-01    7.99995E-01
    3.04600E+02    2.23788E-01    7.99484E-01
    3.04700E+02    2.24643E-01    7.98802E-01
    3.04800E+02    2.26415E-01    7.97387E-01
    3.04900E+02    2.25714E-01    7.97947E-01
    3.05000E+02    2.25381E-01    7.98212E-01
    3.05100E+02    2.25408E-01    7.98191E-01
    3.05200E+02    2.25492E-01    7.98124E-01
    3.05300E+02    2.25676E-01    7.97976E-01
    3.05400E+02    2.25917E-01    7.97784E-01
    3.05500E+02    2.26195E-01    7.97562E-01
    3.05600E+02    2.26506E-01    7.97315E-01
    3.05700E+02    2.26838E-01    7.97050E-01
    3.05800E+02    2.27190E-01    7.96769E-01
    3.05900E+02    2.27576E-01    7.96462E-01
    3.06000E+02    2.27983E-01    7.96138E-01
    3.06100E+02    2.28349E-01    7.95847E-01
    3.06200E+02    2.28756E-01    7.95523E-01
    3.06300E+02    2.29174E-01    7.95190E-01
    3.06400E+02    2.29612E-01    7.94842E-01
    3.06500E+02    2.30040E-01    7.94502E-01
    3.06600E+02    2.30489E-01    7.94145E-01
    3.06700E+02    2.30951E-01    7.93778E-01
    3.06800E+02    2.31430E-01    7.93398E-01
    3.06900E+02    2.31989E-01    7.92955E-01
    3.07000E+02    2.32422E-01    7.92611E-01
    3.07100E+02    2.32881E-01    7.92248E-01
    3.07200E+02    2.33390E-01    7.91845E-01
    3.07300E+02    2.34077E-01    7.91301E-01
    3.07400E+02    2.34681E-01    7.90823E-01
    3.07500E+02    2.35385E-01    7.90267E-01
    3.07600E+02    2.35703E-01    7.90016E-01
    3.07700E+02    2.36186E-01    7.89634E-01
    3.07800E+02    2.36719E-01    7.89213E-01
    3.07900E+02    2.37277E-01    7.88772E-01
    3.08000E+02    2.37839E-01    7.88330E-01
    3.08100E+02    2.38417E-01    7.87874E-01
    3.08200E+02    2.39016E-01    7.87402E-01
    3.08300E+02    2.39639E-01    7.86912E-01
    3.08400E+02    2.40317E-01    7.86379E-01
    3.08500E+02    2.41259E-01    7.85638E-01
    3.08600E+02    2.42305E-01    7.84816E-01
    3.08700E+02    2.42299E-01    7.84821E-01
    3.08800E+02    2.42981E-01    7.84286E-01
    3.08900E+02    2.43686E-01    7.83733E-01
    3.09000E+02    2.44174E-01    7.83351E-01
    3.09100E+02    2.44850E-01    7.82822E-01
    3.09200E+02    2.45615E-01    7.82223E-01
    3.09300E+02    2.46386E-01    7.81621E-01
    3.09400E+02    2.47305E-01    7.80903E-01
    3.09500E+02    2.47935E-01    7.80411E-01
    3.09600E+02    2.48821E-01    7.79719E-01
    3.09700E+02    2.49878E-01    7.78896E-01
    3.09800E+02    2.51305E-01    7.77785E-01
    3.09900E+02    2.53628E-01    7.75981E-01
    3.10000E+02    2.60573E-01    7.70610E-01
    3.10100E+02    2.66899E-01    7.65751E-01
    3.10200E+02    2.56808E-01    7.73517E-01
    3.10300E+02    2.55565E-01    7.74479E-01
    3.10400E+02    2.55488E-01    7.74538E-01
    3.10500E+02    2.55906E-01    7.74214E-01
    3.10600E+02    2.56490E-01    7.73763E-01
    3.10700E+02    2.57165E-01    7.73241E-01
    3.10800E+02    2.57894E-01    7.72677E-01
    3.10900E+02    2.58661E-01    7.72085E-01
    3.11000E+02    2.59465E-01    7.71464E-01
    3.11100E+02    2.60350E-01    7.70782E-01
    3.11200E+02    2.61156E-01    7.70161E-01
    3.11300E+02    2.61977E-01    7.69529E-01
    3.11400E+02    2.62850E-01    7.68857E-01
    3.11500E+02    2.63763E-01    7.68156E-01
    3.11600E+02    2.64779E-01    7.67376E-01
    3.11700E+02    2.65717E-01    7.66656E-01
    3.11800E+02    2.66617E-01    7.65966E-01
    3.11900E+02    2.67572E-01    7.65235E-01
    3.12000E+02    2.68588E-01    7.64458E-01
    3.12100E+02    2.69634E-01    7.63659E-01
    3.12200E+02    2.70707E-01    7.62840E-01
    3.12300E+02    2.71813E-01    7.61997E-01
    3.12400E+02    2.72954E-01    7.61128E-01
    3.12500E+02    2.74174E-01    7.60200E-01
    3.12600E+02    2.75387E-01    7.59278E-01
    3.12700E+02    2.76529E-01    7.58411E-01
    3.12800E+02    2.77780E-01    7.57463E-01
    3.12900E+02    2.79334E-01    7.56287E-01
    3.13000E+02    2.80369E-01    7.55505E-01
    3.13100E+02    2.81671E-01    7.54522E-01
    3.13200E+02    2.82960E-01    7.53550E-01
    3.13300E+02    2.84337E-01    7.52513E-01
    3.13400E+02    2.85767E-01    7.51437E-01
    3.13500E+02    2.87277E-01    7.50304E-01
    3.13600E+02    2.88951E-01    7.49049E-01
    3.13700E+02    2.90150E-01    7.48151E-01
    3.13800E+02    2.91643E-01    7.47035E-01
    3.13900E+02    2.93234E-01    7.45847E-01
    3.14000E+02    2.95396E-01    7.44237E-01
    3.14100E+02    2.96311E-01    7.43556E-01
    3.14200E+02    2.97862E-01    7.42404E-01
    3.14300E+02    2.99501E-01    7.41188E-01
    3.14400E+02    3.01200E-01    7.39930E-01
    3.14500E+02    3.02957E-01    7.38631E-01
    3.14600E+02    3.04778E-01    7.37287E-01
    3.14700E+02    3.06670E-01    7.35894E-01
    3.14800E+02    3.08641E-01    7.34444E-01
    3.14900E+02    3.10705E-01    7.32930E-01
    3.15000E+02    3.12881E-01    7.31337E-01
    3.15100E+02    3.15223E-01    7.29626E-01
    3.15200E+02    3.17665E-01    7.27846E-01
    3.15300E+02    3.20369E-01    7.25881E-01
    3.15400E+02    3.23446E-01    7.23651E-01
    3.15500E+02    3.27163E-01    7.20966E-01
    3.15600E+02    3.32197E-01    7.17346E-01
    3.15700E+02    3.40794E-01    7.11205E-01
    3.15800E+02    3.65185E-01    6.94068E-01
    3.15900E+02    4.17216E-01    6.58878E-01
    3.16000E+02    3.59345E-01    6.98134E-01
    3.16100E+02    3.56456E-01    7.00153E-01
    3.16200E+02    3.68397E-01    6.91842E-01
    3.16300E+02    4.39750E-01    6.44198E-01
    3.16400E+02    3.92079E-01    6.75651E-01
    3.16500E+02    3.67758E-01    6.92285E-01
    3.16600E+02    3.65021E-01    6.94182E-01
    3.16700E+02    3.72611E-01    6.88933E-01
    3.16800E+02    3.65469E-01    6.93871E-01
    3.16900E+02    3.66966E-01    6.92833E-01
    3.17000E+02    3.70213E-01    6.90587E-01
    3.17100E+02    3.75694E-01    6.86812E-01
    3.17200E+02    3.96396E-01    6.72740E-01
    3.17300E+02    3.82337E-01    6.82265E-01
    3.17400E+02    3.84115E-01    6.81053E-01
    3.17500E+02    3.87530E-01    6.78731E-01
    3.17600E+02    3.91548E-01    6.76009E-01
    3.17700E+02    3.95938E-01    6.73048E-01
    3.17800E+02    4.00591E-01    6.69924E-01
    3.17900E+02    4.05478E-01    6.66658E-01
    3.18000E+02    4.10627E-01    6.63234E-01
    3.18100E+02    4.16081E-01    6.59627E-01
    3.18200E+02    4.21703E-01    6.55929E-01
    3.18300E+02    4.27642E-01    6.52045E-01
    3.18400E+02    4.33878E-01    6.47991E-01
    3.18500E+02    4.40454E-01    6.43744E-01
    3.18600E+02    4.47250E-01    6.39384E-01
    3.18700E+02    4.54455E-01    6.34794E-01
    3.18800E+02    4.62030E-01    6.30004E-01
    3.18900E+02    4.70008E-01    6.24997E-01
    3.19000E+02    4.78411E-01    6.19767E-01
    3.19100E+02    4.87296E-01    6.14285E-01
    3.19200E+02    4.96792E-01    6.08479E-01
    3.19300E+02    5.06771E-01    6.02438E-01
    3.19400E+02    5.17530E-01    5.95991E-01
    3.19500E+02    5.28853E-01    5.89281E-01
    3.19600E+02    5.41391E-01    5.81938E-01
    3.19700E+02    5.55673E-01    5.73686E-01
    3.19800E+02    5.73526E-01    5.63535E-01
    3.19900E+02    6.03482E-01    5.46904E-01
    3.20000E+02    7.53981E-01    4.70490E-01
    3.20100E+02    6.30816E-01    5.32158E-01
    3.20200E+02    6.31758E-01    5.31656E-01
    3.20300E+02    6.43796E-01    5.25295E-01
    3.20400E+02    6.59417E-01    5.17153E-01
    3.20500E+02    6.76837E-01    5.08222E-01
    3.20600E+02    6.95709E-01    4.98721E-01
    3.20700E+02    7.15593E-01    4.88902E-01
    3.20800E+02    7.36423E-01    4.78823E-01
    3.20900E+02    7.57993E-01    4.68606E-01
    3.21000E+02    7.80176E-01    4.58325E-01
    3.21100E+02    8.02879E-01    4.48037E-01
    3.21200E+02    8.25769E-01    4.37898E-01
    3.21300E+02    8.49003E-01    4.27841E-01
    3.21400E+02    8.72844E-01    4.17762E-01
    3.21500E+02    8.97656E-01    4.07524E-01
    3.21600E+02    9.23534E-01    3.97113E-01
    3.21700E+02    9.51083E-01    3.86323E-01
    3.21800E+02    9.80586E-01    3.75091E-01
    3.21900E+02    1.01253E+00    3.63299E-01
    3.22000E+02    1.04945E+00    3.50129E-01
    3.22100E+02    1.08456E+00    3.38049E-01
    3.22200E+02    1.12424E+00    3.24901E-01
    3.22300E+02    1.16746E+00    3.11155E-01
    3.22400E+02    1.21471E+00    2.96797E-01
    3.22500E+02    1.26604E+00    2.81945E-01
    3.22600E+02    1.32177E+00    2.66662E-01
    3.22700E+02    1.38246E+00    2.50960E-01
    3.22800E+02    1.44796E+00    2.35050E-01
    3.22900E+02    1.51931E+00    2.18862E-01
    3.23000E+02    1.59682E+00    2.02539E-01
    3.23100E+02    1.68100E+00    1.86188E-01
    3.23200E+02    1.77240E+00    1.69925E-01
    3.23300E+02    1.87155E+00    1.53884E-01
    3.23400E+02    1.97908E+00    1.38196E-01
    3.23500E+02    2.09558E+00    1.22999E-01
    3.23600E+02    2.22176E+00    1.08418E-01
    3.23700E+02    2.36300E+00    9.41377E-02
    3.23800E+02    2.50332E+00    8.18127E-02
    3.23900E+02    2.65900E+00    7.00182E-02
    3.24000E+02    2.82525E+00    5.92936E-02
    3.24100E+02    3.00143E+00    4.97157E-02
    3.24200E+02    3.18692E+00    4.12989E-02
    3.24300E+02    3.37963E+00    3.40600E-02
    3.24400E+02    3.57754E+00    2.79444E-02
    3.24500E+02    3.77739E+00    2.28824E-02
    3.24600E+02    3.97487E+00    1.87817E-02
    3.24700E+02    4.16419E+00    1.55424E-02
    3.24800E+02    4.33817E+00    1.30604E-02
    3.24900E+02    4.48852E+00    1.12372E-02
    3.25000E+02    4.60501E+00    1.00016E-02
    3.25100E+02    4.67618E+00    9.31451E-03
    3.25200E+02    4.68098E+00    9.26992E-03
    3.25300E+02    4.61781E+00    9.87439E-03
    3.25400E+02    4.50853E+00    1.10146E-02
    3.25500E+02    4.36415E+00    1.27255E-02
    3.25600E+02    4.19526E+00    1.50668E-02
    3.25700E+02    4.00983E+00    1.81365E-02
    3.25800E+02    3.81567E+00    2.20231E-02
    3.25900E+02    3.61822E+00    2.68305E-02
    3.26000E+02    3.42214E+00    3.26426E-02
    3.26100E+02    3.23063E+00    3.95327E-02
    3.26200E+02    3.04607E+00    4.75453E-02
    3.26300E+02    2.87060E+00    5.66648E-02
    3.26400E+02    2.70599E+00    6.68038E-02
    3.26500E+02    2.55299E+00    7.78488E-02
    3.26600E+02    2.40780E+00    9.00130E-02
    3.26700E+02    2.28032E+00    1.02252E-01
    3.26800E+02    2.18310E+00    1.12692E-01
    3.26900E+02    2.33608E+00    9.67062E-02
    3.27000E+02    1.95665E+00    1.41331E-01
    3.27100E+02    1.82462E+00    1.61278E-01
    3.27200E+02    1.72124E+00    1.78844E-01
    3.27300E+02    1.63048E+00    1.95836E-01
    3.27400E+02    1.54841E+00    2.12585E-01
    3.27500E+02    1.47355E+00    2.29111E-01
    3.27600E+02    1.40534E+00    2.45285E-01
    3.27700E+02    1.34490E+00    2.60565E-01
    3.27800E+02    1.29843E+00    2.72961E-01
    3.27900E+02    1.24049E+00    2.89242E-01
    3.28000E+02    1.17900E+00    3.07586E-01
    3.28100E+02    1.12930E+00    3.23261E-01
    3.28200E+02    1.08455E+00    3.38054E-01
    3.28300E+02    1.04333E+00    3.52281E-01
    3.28400E+02    1.00512E+00    3.66002E-01
    3.28500E+02    9.69678E-01    3.79205E-01
    3.28600E+02    9.36500E-01    3.91997E-01
    3.28700E+02    9.05560E-01    4.04315E-01
    3.28800E+02    8.76709E-01    4.16150E-01
    3.28900E+02    8.49679E-01    4.27552E-01
    3.29000E+02    8.24395E-01    4.38500E-01
    3.29100E+02    8.00751E-01    4.48992E-01
    3.29200E+02    7.78419E-01    4.59132E-01
    3.29300E+02    7.57597E-01    4.68791E-01
    3.29400E+02    7.37767E-01    4.78181E-01
    3.29500E+02    7.19229E-01    4.87128E-01
    3.29600E+02    7.01884E-01    4.95651E-01
    3.29700E+02    6.85477E-01    5.03850E-01
    3.29800E+02    6.70804E-01    5.11297E-01
    3.29900E+02    6.55120E-01    5.19380E-01
    3.30000E+02    6.41101E-01    5.26712E-01
    3.30100E+02    6.27931E-01    5.33695E-01
    3.30200E+02    6.15484E-01    5.40379E-01
    3.30300E+02    6.03688E-01    5.46791E-01
    3.30400E+02    5.92518E-01    5.52933E-01
    3.30500E+02    5.81899E-01    5.58836E-01
    3.30600E+02    5.71850E-01    5.64480E-01
    3.30700E+02    5.62300E-01    5.69897E-01
    3.30800E+02    5.53207E-01    5.75103E-01
    3.30900E+02    5.44587E-01    5.80082E-01
    3.31000E+02    5.36425E-01    5.84835E-01
    3.31100E+02    5.28626E-01    5.89414E-01
    3.31200E+02    5.21168E-01    5.93826E-01
    3.31300E+02    5.14107E-01    5.98034E-01
    3.31400E+02    5.07399E-01    6.02060E-01
    3.31500E+02    5.01057E-01    6.05890E-01
    3.31600E+02    4.95046E-01    6.09543E-01
    3.31700E+02    4.89416E-01    6.12984E-01
    3.31800E+02    4.84757E-01    6.15847E-01
    3.31900E+02    4.78952E-01    6.19432E-01
    3.32000E+02    4.74209E-01    6.22377E-01
    3.32100E+02    4.70133E-01    6.24919E-01
    3.32200E+02    4.66350E-01    6.27287E-01
    3.32300E+02    4.63628E-01    6.28997E-01
    3.32400E+02    4.62632E-01    6.29624E-01
    3.32500E+02    4.65686E-01    6.27704E-01
    3.32600E+02    4.82816E-01    6.17044E-01
    3.32700E+02    6.51116E-01    5.21463E-01
    3.32800E+02    4.94219E-01    6.10047E-01
    3.32900E+02    5.04870E-01    6.03584E-01
    3.33000E+02    4.51181E-01    6.36876E-01
    3.33100E+02    4.37911E-01    6.45383E-01
    3.33200E+02    4.30659E-01    6.50080E-01
    3.33300E+02    4.25493E-01    6.53448E-01
    3.33400E+02    4.21331E-01    6.56173E-01
    3.33500E+02    4.17694E-01    6.58563E-01
    3.33600E+02    4.14466E-01    6.60693E-01
    3.33700E+02    4.11488E-01    6.62664E-01
    3.33800E+02    4.08750E-01    6.64480E-01
    3.33900E+02    4.06253E-01    6.66142E-01
    3.34000E+02    4.03875E-01    6.67728E-01
    3.34100E+02    4.01378E-01    6.69397E-01
    3.34200E+02    3.99134E-01    6.70901E-01
    3.34300E+02    3.97049E-01    6.72301E-01
    3.34400E+02    3.95042E-01    6.73652E-01
    3.34500E+02    3.93171E-01    6.74913E-01
    3.34600E+02    3.91401E-01    6.76109E-01
    3.34700E+02    3.89765E-01    6.77216E-01
    3.34800E+02    3.88255E-01    6.78240E-01
    3.34900E+02    3.86986E-01    6.79100E-01
    3.35000E+02    3.86140E-01    6.79676E-01
    3.35100E+02    3.86438E-01    6.79473E-01
    3.35200E+02    3.91527E-01    6.76024E-01
    3.35300E+02    4.01283E-01    6.69461E-01
    3.35400E+02    3.83730E-01    6.81315E-01
    3.35500E+02    3.79579E-01    6.84149E-01
    3.35600E+02    3.77389E-01    6.85649E-01
    3.35700E+02    3.76073E-01    6.86553E-01
    3.35800E+02    3.74113E-01    6.87899E-01
    3.35900E+02    3.73183E-01    6.88539E-01
    3.36000E+02    3.71473E-01    6.89717E-01
    3.36100E+02    3.70233E-01    6.90573E-01
    3.36200E+02    3.69482E-01    6.91092E-01
    3.36300E+02    3.67984E-01    6.92128E-01
    3.36400E+02    3.66893E-01    6.92884E-01
    3.36500E+02    3.65879E-01    6.93586E-01
    3.36600E+02    3.64926E-01    6.94248E-01
    3.36700E+02    3.64005E-01    6.94888E-01
    3.36800E+02    3.63133E-01    6.95494E-01
    3.36900E+02    3.62313E-01    6.96065E-01
    3.37000E+02    3.61511E-01    6.96623E-01
    3.37100E+02    3.60877E-01    6.97064E-01
    3.37200E+02    3.60145E-01    6.97575E-01
    3.37300E+02    3.59405E-01    6.98091E-01
    3.37400E+02    3.58734E-01    6.98560E-01
    3.37500E+02    3.58234E-01    6.98909E-01
    3.37600E+02    3.57961E-01    6.99100E-01
    3.37700E+02    3.57125E-01    6.99685E-01
    3.37800E+02    3.56331E-01    7.00241E-01
    3.37900E+02    3.55741E-01    7.00654E-01
    3.38000E+02    3.55215E-01    7.01023E-01
    3.38100E+02    3.54743E-01    7.01354E-01
    3.38200E+02    3.54286E-01    7.01674E-01
    3.38300E+02    3.53929E-01    7.01925E-01
    3.38400E+02    3.53520E-01    7.02212E-01
    3.38500E+02    3.53137E-01    7.02481E-01
    3.38600E+02    3.52933E-01    7.02624E-01
    3.38700E+02    3.53958E-01    7.01904E-01
    3.38800E+02    3.52484E-01    7.02940E-01
    3.38900E+02    3.51856E-01    7.03381E-01
    3.39000E+02    3.51438E-01    7.03676E-01
    3.39100E+02    3.51119E-01    7.03900E-01
    3.39200E+02    3.50844E-01    7.04093E-01
    3.39300E+02    3.50593E-01    7.04270E-01
    3.39400E+02    3.50365E-01    7.04431E-01
    3.39500E+02    3.50155E-01    7.04579E-01
    3.39600E+02    3.49965E-01    7.04713E-01
    3.39700E+02    3.49792E-01    7.04835E-01
    3.39800E+02    3.49650E-01    7.04934E-01
    3.39900E+02    3.49534E-01    7.05017E-01
    3.40000E+02    3.49375E-01    7.05128E-01
    3.40100E+02    3.49259E-01    7.05211E-01
    3.40200E+02    3.49162E-01    7.05279E-01
    3.40300E+02    3.49081E-01    7.05336E-01
    3.40400E+02    3.49019E-01    7.05380E-01
    3.40500E+02    3.48985E-01    7.05404E-01
    3.40600E+02    3.49043E-01    7.05363E-01
    3.40700E+02    3.49329E-01    7.05161E-01
    3.40800E+02    3.48930E-01    7.05442E-01
    3.40900E+02    3.48881E-01    7.05477E-01
    3.41000E+02    3.48876E-01    7.05481E-01
    3.41100E+02    3.48892E-01    7.05469E-01
    3.41200E+02    3.48926E-01    7.05445E-01
    3.41300E+02    3.48974E-01    7.05412E-01
    3.41400E+02    3.49036E-01    7.05368E-01
    3.41500E+02    3.49115E-01    7.05312E-01
    3.41600E+02    3.49208E-01    7.05246E-01
    3.41700E+02    3.49324E-01    7.05165E-01
    3.41800E+02    3.49487E-01    7.05050E-01
    3.41900E+02    3.49825E-01    7.04811E-01
    3.42000E+02    3.49826E-01    7.04811E-01
    3.42100E+02    3.50463E-01    7.04362E-01
    3.42200E+02    3.50170E-01    7.04569E-01
    3.42300E+02    3.50370E-01    7.04428E-01
    3.42400E+02    3.50624E-01    7.04248E-01
    3.42500E+02    3.50971E-01    7.04004E-01
    3.42600E+02    3.51300E-01    7.03773E-01
    3.42700E+02    3.51799E-01    7.03422E-01
    3.42800E+02    3.52525E-01    7.02911E-01
    3.42900E+02    3.53660E-01    7.02114E-01
    3.43000E+02    3.55940E-01    7.00515E-01
    3.43100E+02    3.62472E-01    6.95954E-01
    3.43200E+02    3.89666E-01    6.77283E-01
    3.43300E+02    3.71019E-01    6.90031E-01
    3.43400E+02    3.60954E-01    6.97011E-01
    3.43500E+02    3.70784E-01    6.90193E-01
    3.43600E+02    3.57521E-01    6.99408E-01
    3.43700E+02    3.55355E-01    7.00925E-01
    3.43800E+02    3.54701E-01    7.01383E-01
    3.43900E+02    3.54522E-01    7.01509E-01
    3.44000E+02    3.54490E-01    7.01531E-01
    3.44100E+02    3.54584E-01    7.01466E-01
    3.44200E+02    3.54741E-01    7.01355E-01
    3.44300E+02    3.54944E-01    7.01213E-01
    3.44400E+02    3.55186E-01    7.01043E-01
    3.44500E+02    3.55457E-01    7.00853E-01
    3.44600E+02    3.55773E-01    7.00631E-01
    3.44700E+02    3.56075E-01    7.00420E-01
    3.44800E+02    3.56444E-01    7.00162E-01
    3.44900E+02    3.56786E-01    6.99922E-01
    3.45000E+02    3.57062E-01    6.99729E-01
    3.45100E+02    3.57401E-01    6.99492E-01
    3.45200E+02    3.57762E-01    6.99239E-01
    3.45300E+02    3.58132E-01    6.98981E-01
    3.45400E+02    3.58518E-01    6.98711E-01
    3.45500E+02    3.58911E-01    6.98437E-01
    3.45600E+02    3.59316E-01    6.98154E-01
    3.45700E+02    3.59728E-01    6.97866E-01
    3.45800E+02    3.60148E-01    6.97573E-01
    3.45900E+02    3.60581E-01    6.97271E-01
    3.46000E+02    3.61020E-01    6.96965E-01
    3.46100E+02    3.61483E-01    6.96642E-01
    3.46200E+02    3.61941E-01    6.96323E-01
    3.46300E+02    3.62387E-01    6.96013E-01
    3.46400E+02    3.62867E-01    6.95679E-01
    3.46500E+02    3.63331E-01    6.95357E-01
    3.46600E+02    3.63841E-01    6.95002E-01
    3.46700E+02    3.64329E-01    6.94662E-01
    3.46800E+02    3.64875E-01    6.94284E-01
    3.46900E+02    3.65453E-01    6.93882E-01
    3.47000E+02    3.65892E-01    6.93578E-01
    3.47100E+02    3.66449E-01    6.93192E-01
    3.47200E+02    3.67217E-01    6.92660E-01
    3.47300E+02    3.67584E-01    6.92405E-01
    3.47400E+02    3.68030E-01    6.92096E-01
    3.47500E+02    3.68563E-01    6.91727E-01
    3.47600E+02    3.69142E-01    6.91327E-01
    3.47700E+02    3.69766E-01    6.90896E-01
    3.47800E+02    3.70722E-01    6.90236E-01
    3.47900E+02    3.70950E-01    6.90078E-01
    3.48000E+02    3.71583E-01    6.89642E-01
    3.48100E+02    3.72104E-01    6.89282E-01
    3.48200E+02    3.72708E-01    6.88866E-01
    3.48300E+02    3.73313E-01    6.88450E-01
    3.48400E+02    3.73952E-01    6.88010E-01
    3.48500E+02    3.74615E-01    6.87554E-01
    3.48600E+02    3.75350E-01    6.87049E-01
    3.48700E+02    3.75905E-01    6.86668E-01
    3.48800E+02    3.76581E-01    6.86204E-01
    3.48900E+02    3.77263E-01    6.85736E-01
    3.49000E+02    3.78225E-01    6.85076E-01
    3.49100E+02    3.78660E-01    6.84779E-01
    3.49200E+02    3.79372E-01    6.84291E-01
    3.49300E+02    3.80124E-01    6.83776E-01
    3.49400E+02    3.80958E-01    6.83207E-01
    3.49500E+02    3.82019E-01    6.82482E-01
    3.49600E+02    3.83120E-01    6.81731E-01
    3.49700E+02    3.85616E-01    6.80031E-01
    3.49800E+02    3.85906E-01    6.79835E-01
    3.49900E+02    3.85188E-01    6.80323E-01
