    1.49900E+02    7.25163E-02    9.30051E-01
    1.50000E+02    7.26623E-02    9.29915E-01
    1.50100E+02    7.28055E-02    9.29782E-01
    1.50200E+02    7.28981E-02    9.29696E-01
    1.50300E+02    7.30375E-02    9.29566E-01
    1.50400E+02    7.31503E-02    9.29461E-01
    1.50500E+02    7.32795E-02    9.29341E-01
    1.50600E+02    7.34131E-02    9.29217E-01
    1.50700E+02    7.35517E-02    9.29088E-01
    1.50800E+02    7.36892E-02    9.28960E-01
    1.50900E+02    7.38285E-02    9.28831E-01
    1.51000E+02    7.39687E-02    9.28701E-01
    1.51100E+02    7.41151E-02    9.28565E-01
    1.51200E+02    7.42552E-02    9.28435E-01
    1.51300E+02    7.44008E-02    9.28300E-01
    1.51400E+02    7.45441E-02    9.28167E-01
    1.51500E+02    7.46880E-02    9.28033E-01
    1.51600E+02    7.48353E-02    9.27896E-01
    1.51700E+02    7.49785E-02    9.27763E-01
    1.51800E+02    7.51219E-02    9.27630E-01
    1.51900E+02    7.52693E-02    9.27494E-01
    1.52000E+02    7.54140E-02    9.27360E-01
    1.52100E+02    7.55626E-02    9.27222E-01
    1.52200E+02    7.57045E-02    9.27090E-01
    1.52300E+02    7.58559E-02    9.26950E-01
    1.52400E+02    7.60066E-02    9.26810E-01
    1.52500E+02    7.61639E-02    9.26664E-01
    1.52600E+02    7.63169E-02    9.26523E-01
    1.52700E+02    7.64772E-02    9.26374E-01
    1.52800E+02    7.66386E-02    9.26225E-01
    1.52900E+02    7.68077E-02    9.26068E-01
    1.53000E+02    7.69848E-02    9.25904E-01
    1.53100E+02    7.71661E-02    9.25736E-01
    1.53200E+02    7.73514E-02    9.25565E-01
    1.53300E+02    7.75568E-02    9.25374E-01
    1.53400E+02    7.77905E-02    9.25158E-01
    1.53500E+02    7.80827E-02    9.24888E-01
    1.53600E+02    7.84962E-02    9.24506E-01
    1.53700E+02    7.97193E-02    9.23376E-01
    1.53800E+02    7.98177E-02    9.23285E-01
    1.53900E+02    8.17317E-02    9.21519E-01
    1.54000E+02    8.56347E-02    9.17929E-01
    1.54100E+02    8.38367E-02    9.19581E-01
    1.54200E+02    8.06091E-02    9.22554E-01
    1.54300E+02    7.99240E-02    9.23187E-01
    1.54400E+02    7.97291E-02    9.23366E-01
    1.54500E+02    7.97183E-02    9.23376E-01
    1.54600E+02    7.97909E-02    9.23309E-01
    1.54700E+02    7.99427E-02    9.23169E-01
    1.54800E+02    8.00778E-02    9.23045E-01
    1.54900E+02    8.02229E-02    9.22911E-01
    1.55000E+02    8.03849E-02    9.22761E-01
    1.55100E+02    8.05511E-02    9.22608E-01
    1.55200E+02    8.07232E-02    9.22449E-01
    1.55300E+02    8.08974E-02    9.22288E-01
    1.55400E+02    8.10794E-02    9.22121E-01
    1.55500E+02    8.12665E-02    9.21948E-01
    1.55600E+02    8.14582E-02    9.21771E-01
    1.55700E+02    8.16593E-02    9.21586E-01
    1.55800E+02    8.18724E-02    9.21390E-01
    1.55900E+02    8.21338E-02    9.21149E-01
    1.56000E+02    8.24812E-02    9.20829E-01
    1.56100E+02    8.42783E-02    9.19175E-01
    1.56200E+02    8.29159E-02    9.20429E-01
    1.56300E+02    8.29170E-02    9.20428E-01
    1.56400E+02    8.30797E-02    9.20278E-01
    1.56500E+02    8.33735E-02    9.20007E-01
    1.56600E+02    8.34516E-02    9.19936E-01
    1.56700E+02    8.36461E-02    9.19757E-01
    1.56800E+02    8.38346E-02    9.19583E-01
    1.56900E+02    8.40373E-02    9.19397E-01
    1.57000E+02    8.42627E-02    9.19190E-01
    1.57100E+02    8.44674E-02    9.19002E-01
    1.57200E+02    8.47037E-02    9.18784E-01
    1.57300E+02    8.49944E-02    9.18517E-01
    1.57400E+02    8.51258E-02    9.18397E-01
    1.57500E+02    8.53347E-02    9.18205E-01
    1.57600E+02    8.55553E-02    9.18002E-01
    1.57700E+02    8.57810E-02    9.17795E-01
    1.57800E+02    8.60078E-02    9.17587E-01
    1.57900E+02    8.62385E-02    9.17375E-01
    1.58000E+02    8.64729E-02    9.17160E-01
    1.58100E+02    8.67113E-02    9.16942E-01
    1.58200E+02    8.69487E-02    9.16724E-01
    1.58300E+02    8.71959E-02    9.16498E-01
    1.58400E+02    8.74503E-02    9.16264E-01
    1.58500E+02    8.77858E-02    9.15957E-01
    1.58600E+02    8.80010E-02    9.15760E-01
    1.58700E+02    8.81821E-02    9.15594E-01
    1.58800E+02    8.84267E-02    9.15370E-01
    1.58900E+02    8.86752E-02    9.15143E-01
    1.59000E+02    8.89287E-02    9.14911E-01
    1.59100E+02    8.91974E-02    9.14665E-01
    1.59200E+02    8.94689E-02    9.14417E-01
    1.59300E+02    8.97234E-02    9.14184E-01
    1.59400E+02    8.99825E-02    9.13947E-01
    1.59500E+02    9.02723E-02    9.13682E-01
    1.59600E+02    9.05272E-02    9.13450E-01
    1.59700E+02    9.07862E-02    9.13213E-01
    1.59800E+02    9.10670E-02    9.12957E-01
    1.59900E+02    9.13593E-02    9.12690E-01
    1.60000E+02    9.16383E-02    9.12435E-01
    1.60100E+02    9.19156E-02    9.12182E-01
    1.60200E+02    9.22036E-02    9.11920E-01
    1.60300E+02    9.24855E-02    9.11662E-01
    1.60400E+02    9.27942E-02    9.11381E-01
    1.60500E+02    9.30829E-02    9.11118E-01
    1.60600E+02    9.33773E-02    9.10850E-01
    1.60700E+02    9.36816E-02    9.10573E-01
    1.60800E+02    9.39845E-02    9.10297E-01
    1.60900E+02    9.42937E-02    9.10015E-01
    1.61000E+02    9.46098E-02    9.09728E-01
    1.61100E+02    9.49298E-02    9.09437E-01
    1.61200E+02    9.52560E-02    9.09140E-01
    1.61300E+02    9.55876E-02    9.08839E-01
    1.61400E+02    9.59037E-02    9.08551E-01
    1.61500E+02    9.62334E-02    9.08252E-01
    1.61600E+02    9.65675E-02    9.07949E-01
    1.61700E+02    9.69114E-02    9.07636E-01
    1.61800E+02    9.72528E-02    9.07327E-01
    1.61900E+02    9.76041E-02    9.07008E-01
    1.62000E+02    9.79551E-02    9.06690E-01
    1.62100E+02    9.83125E-02    9.06366E-01
    1.62200E+02    9.86741E-02    9.06038E-01
    1.62300E+02    9.90476E-02    9.05700E-01
    1.62400E+02    9.94100E-02    9.05371E-01
    1.62500E+02    9.97867E-02    9.05030E-01
    1.62600E+02    1.00168E-01    9.04685E-01
    1.62700E+02    1.00553E-01    9.04338E-01
    1.62800E+02    1.00945E-01    9.03983E-01
    1.62900E+02    1.01343E-01    9.03623E-01
    1.63000E+02    1.01750E-01    9.03255E-01
    1.63100E+02    1.02169E-01    9.02877E-01
    1.63200E+02    1.02623E-01    9.02467E-01
    1.63300E+02    1.03061E-01    9.02072E-01
    1.63400E+02    1.03437E-01    9.01732E-01
    1.63500E+02    1.03865E-01    9.01347E-01
    1.63600E+02    1.04311E-01    9.00945E-01
    1.63700E+02    1.04761E-01    9.00540E-01
    1.63800E+02    1.05226E-01    9.00121E-01
    1.63900E+02    1.05705E-01    8.99690E-01
    1.64000E+02    1.06203E-01    8.99242E-01
    1.64100E+02    1.06708E-01    8.98788E-01
    1.64200E+02    1.07245E-01    8.98306E-01
    1.64300E+02    1.07815E-01    8.97794E-01
    1.64400E+02    1.08434E-01    8.97238E-01
    1.64500E+02    1.09136E-01    8.96608E-01
    1.64600E+02    1.09996E-01    8.95837E-01
    1.64700E+02    1.11242E-01    8.94722E-01
    1.64800E+02    1.13524E-01    8.92683E-01
    1.64900E+02    1.20543E-01    8.86439E-01
    1.65000E+02    1.21655E-01    8.85454E-01
    1.65100E+02    1.15350E-01    8.91054E-01
    1.65200E+02    1.14549E-01    8.91768E-01
    1.65300E+02    1.14895E-01    8.91460E-01
    1.65400E+02    1.15843E-01    8.90615E-01
    1.65500E+02    1.17616E-01    8.89038E-01
    1.65600E+02    1.21307E-01    8.85762E-01
    1.65700E+02    1.32777E-01    8.75660E-01
    1.65800E+02    1.75550E-01    8.38995E-01
    1.65900E+02    1.28600E-01    8.79326E-01
    1.66000E+02    1.22105E-01    8.85055E-01
    1.66100E+02    1.20290E-01    8.86663E-01
    1.66200E+02    1.20059E-01    8.86868E-01
    1.66300E+02    1.19755E-01    8.87138E-01
    1.66400E+02    1.19959E-01    8.86957E-01
    1.66500E+02    1.20366E-01    8.86596E-01
    1.66600E+02    1.20996E-01    8.86038E-01
    1.66700E+02    1.21361E-01    8.85714E-01
    1.66800E+02    1.21921E-01    8.85218E-01
    1.66900E+02    1.22536E-01    8.84674E-01
    1.67000E+02    1.23191E-01    8.84094E-01
    1.67100E+02    1.23896E-01    8.83472E-01
    1.67200E+02    1.24643E-01    8.82812E-01
    1.67300E+02    1.25480E-01    8.82073E-01
    1.67400E+02    1.26512E-01    8.81163E-01
    1.67500E+02    1.28421E-01    8.79483E-01
    1.67600E+02    1.31306E-01    8.76950E-01
    1.67700E+02    1.29080E-01    8.78903E-01
    1.67800E+02    1.29317E-01    8.78695E-01
    1.67900E+02    1.29916E-01    8.78169E-01
    1.68000E+02    1.30636E-01    8.77537E-01
    1.68100E+02    1.31414E-01    8.76855E-01
    1.68200E+02    1.32224E-01    8.76144E-01
    1.68300E+02    1.33067E-01    8.75406E-01
    1.68400E+02    1.33934E-01    8.74647E-01
    1.68500E+02    1.34824E-01    8.73869E-01
    1.68600E+02    1.35740E-01    8.73070E-01
    1.68700E+02    1.36681E-01    8.72248E-01
    1.68800E+02    1.37666E-01    8.71390E-01
    1.68900E+02    1.38815E-01    8.70389E-01
    1.69000E+02    1.40072E-01    8.69295E-01
    1.69100E+02    1.40683E-01    8.68765E-01
    1.69200E+02    1.41629E-01    8.67943E-01
    1.69300E+02    1.42657E-01    8.67051E-01
    1.69400E+02    1.43714E-01    8.66136E-01
    1.69500E+02    1.44804E-01    8.65192E-01
    1.69600E+02    1.45931E-01    8.64217E-01
    1.69700E+02    1.47073E-01    8.63231E-01
    1.69800E+02    1.48279E-01    8.62190E-01
    1.69900E+02    1.49483E-01    8.61153E-01
    1.70000E+02    1.50759E-01    8.60055E-01
    1.70100E+02    1.51872E-01    8.59099E-01
    1.70200E+02    1.53132E-01    8.58017E-01
    1.70300E+02    1.54544E-01    8.56806E-01
    1.70400E+02    1.55737E-01    8.55784E-01
    1.70500E+02    1.57082E-01    8.54634E-01
    1.70600E+02    1.58459E-01    8.53458E-01
    1.70700E+02    1.59875E-01    8.52250E-01
    1.70800E+02    1.61323E-01    8.51017E-01
    1.70900E+02    1.62812E-01    8.49751E-01
    1.71000E+02    1.64345E-01    8.48449E-01
    1.71100E+02    1.65922E-01    8.47112E-01
    1.71200E+02    1.67547E-01    8.45737E-01
    1.71300E+02    1.69280E-01    8.44273E-01
    1.71400E+02    1.71893E-01    8.42069E-01
    1.71500E+02    1.72675E-01    8.41411E-01
    1.71600E+02    1.74259E-01    8.40079E-01
    1.71700E+02    1.75983E-01    8.38632E-01
    1.71800E+02    1.77791E-01    8.37117E-01
    1.71900E+02    1.79658E-01    8.35556E-01
    1.72000E+02    1.81575E-01    8.33956E-01
    1.72100E+02    1.83541E-01    8.32318E-01
    1.72200E+02    1.85563E-01    8.30636E-01
    1.72300E+02    1.87635E-01    8.28917E-01
    1.72400E+02    1.89766E-01    8.27153E-01
    1.72500E+02    1.91955E-01    8.25344E-01
    1.72600E+02    1.94204E-01    8.23490E-01
    1.72700E+02    1.96520E-01    8.21585E-01
    1.72800E+02    1.98917E-01    8.19618E-01
    1.72900E+02    2.01350E-01    8.17626E-01
    1.73000E+02    2.03877E-01    8.15563E-01
    1.73100E+02    2.06498E-01    8.13428E-01
    1.73200E+02    2.09244E-01    8.11198E-01
    1.73300E+02    2.12266E-01    8.08750E-01
    1.73400E+02    2.15718E-01    8.05963E-01
    1.73500E+02    2.21546E-01    8.01279E-01
    1.73600E+02    2.21211E-01    8.01547E-01
    1.73700E+02    2.23774E-01    7.99496E-01
    1.73800E+02    2.26752E-01    7.97119E-01
    1.73900E+02    2.29917E-01    7.94600E-01
    1.74000E+02    2.33224E-01    7.91976E-01
    1.74100E+02    2.36644E-01    7.89273E-01
    1.74200E+02    2.40195E-01    7.86474E-01
    1.74300E+02    2.43855E-01    7.83602E-01
    1.74400E+02    2.47645E-01    7.80637E-01
    1.74500E+02    2.51582E-01    7.77570E-01
    1.74600E+02    2.55640E-01    7.74421E-01
    1.74700E+02    2.59847E-01    7.71169E-01
    1.74800E+02    2.64240E-01    7.67789E-01
    1.74900E+02    2.68853E-01    7.64256E-01
    1.75000E+02    2.73803E-01    7.60482E-01
    1.75100E+02    2.79655E-01    7.56044E-01
    1.75200E+02    2.89338E-01    7.48759E-01
    1.75300E+02    2.90421E-01    7.47949E-01
    1.75400E+02    2.98943E-01    7.41602E-01
    1.75500E+02    3.03463E-01    7.38257E-01
    1.75600E+02    3.05794E-01    7.36539E-01
    1.75700E+02    3.10868E-01    7.32810E-01
    1.75800E+02    3.16634E-01    7.28597E-01
    1.75900E+02    3.22807E-01    7.24114E-01
    1.76000E+02    3.29282E-01    7.19440E-01
    1.76100E+02    3.36056E-01    7.14583E-01
    1.76200E+02    3.43133E-01    7.09544E-01
    1.76300E+02    3.50507E-01    7.04331E-01
    1.76400E+02    3.58365E-01    6.98818E-01
    1.76500E+02    3.66164E-01    6.93389E-01
    1.76600E+02    3.74471E-01    6.87653E-01
    1.76700E+02    3.83131E-01    6.81723E-01
    1.76800E+02    3.92193E-01    6.75574E-01
    1.76900E+02    4.01642E-01    6.69220E-01
    1.77000E+02    4.11513E-01    6.62647E-01
    1.77100E+02    4.21817E-01    6.55854E-01
    1.77200E+02    4.32577E-01    6.48835E-01
    1.77300E+02    4.43821E-01    6.41580E-01
    1.77400E+02    4.55612E-01    6.34060E-01
    1.77500E+02    4.67926E-01    6.26300E-01
    1.77600E+02    4.80848E-01    6.18259E-01
    1.77700E+02    4.94398E-01    6.09938E-01
    1.77800E+02    5.08610E-01    6.01331E-01
    1.77900E+02    5.23518E-01    5.92433E-01
    1.78000E+02    5.39181E-01    5.83226E-01
    1.78100E+02    5.55658E-01    5.73695E-01
    1.78200E+02    5.72978E-01    5.63844E-01
    1.78300E+02    5.91201E-01    5.53662E-01
    1.78400E+02    6.10425E-01    5.43120E-01
    1.78500E+02    6.30753E-01    5.32191E-01
    1.78600E+02    6.52328E-01    5.20832E-01
    1.78700E+02    6.74668E-01    5.09326E-01
    1.78800E+02    6.98418E-01    4.97372E-01
    1.78900E+02    7.23608E-01    4.84999E-01
    1.79000E+02    7.50281E-01    4.72234E-01
    1.79100E+02    7.78540E-01    4.59076E-01
    1.79200E+02    8.08505E-01    4.45524E-01
    1.79300E+02    8.40328E-01    4.31569E-01
    1.79400E+02    8.74093E-01    4.17240E-01
    1.79500E+02    9.10043E-01    4.02507E-01
    1.79600E+02    9.48271E-01    3.87410E-01
    1.79700E+02    9.89013E-01    3.71944E-01
    1.79800E+02    1.03244E+00    3.56139E-01
    1.79900E+02    1.07885E+00    3.39987E-01
    1.80000E+02    1.12945E+00    3.23212E-01
    1.80100E+02    1.18125E+00    3.06896E-01
    1.80200E+02    1.23776E+00    2.90032E-01
    1.80300E+02    1.29835E+00    2.72981E-01
    1.80400E+02    1.36333E+00    2.55808E-01
    1.80500E+02    1.43303E+00    2.38585E-01
    1.80600E+02    1.50788E+00    2.21380E-01
    1.80700E+02    1.58829E+00    2.04275E-01
    1.80800E+02    1.67471E+00    1.87363E-01
    1.80900E+02    1.76768E+00    1.70728E-01
    1.81000E+02    1.86776E+00    1.54470E-01
    1.81100E+02    1.97541E+00    1.38704E-01
    1.81200E+02    2.09132E+00    1.23524E-01
    1.81300E+02    2.21608E+00    1.09036E-01
    1.81400E+02    2.35036E+00    9.53352E-02
    1.81500E+02    2.49472E+00    8.25197E-02
    1.81600E+02    2.64979E+00    7.06663E-02
    1.81700E+02    2.81614E+00    5.98366E-02
    1.81800E+02    2.99427E+00    5.00729E-02
    1.81900E+02    3.18438E+00    4.14041E-02
    1.82000E+02    3.38691E+00    3.38131E-02
    1.82100E+02    3.60149E+00    2.72829E-02
    1.82200E+02    3.82839E+00    2.17447E-02
    1.82300E+02    4.06474E+00    1.71674E-02
    1.82400E+02    4.31057E+00    1.34259E-02
    1.82500E+02    4.56295E+00    1.04312E-02
    1.82600E+02    4.81897E+00    8.07510E-03
    1.82700E+02    5.07380E+00    6.25858E-03
    1.82800E+02    5.32177E+00    4.88412E-03
    1.82900E+02    5.55568E+00    3.86544E-03
    1.83000E+02    5.76628E+00    3.13139E-03
    1.83100E+02    5.94310E+00    2.62388E-03
    1.83200E+02    6.07329E+00    2.30358E-03
    1.83300E+02    6.13741E+00    2.16051E-03
    1.83400E+02    6.10438E+00    2.23306E-03
    1.83500E+02    5.99872E+00    2.48194E-03
    1.83600E+02    5.84226E+00    2.90227E-03
    1.83700E+02    5.64851E+00    3.52277E-03
    1.83800E+02    5.42897E+00    4.38762E-03
    1.83900E+02    5.19236E+00    5.55886E-03
    1.84000E+02    4.94645E+00    7.10858E-03
    1.84100E+02    4.69792E+00    9.11425E-03
    1.84200E+02    4.45307E+00    1.16428E-02
    1.84300E+02    4.22148E+00    1.46769E-02
    1.84400E+02    4.01483E+00    1.80460E-02
    1.84500E+02    3.75376E+00    2.34295E-02
    1.84600E+02    3.53388E+00    2.91914E-02
    1.84700E+02    3.33295E+00    3.56877E-02
    1.84800E+02    3.14007E+00    4.32798E-02
    1.84900E+02    2.95484E+00    5.20870E-02
    1.85000E+02    2.78495E+00    6.17322E-02
    1.85100E+02    2.62689E+00    7.23031E-02
    1.85200E+02    2.47967E+00    8.37711E-02
    1.85300E+02    2.34272E+00    9.60658E-02
    1.85400E+02    2.21522E+00    1.09130E-01
    1.85500E+02    2.09716E+00    1.22804E-01
    1.85600E+02    1.98705E+00    1.37100E-01
    1.85700E+02    1.88353E+00    1.52053E-01
    1.85800E+02    1.78783E+00    1.67322E-01
    1.85900E+02    1.69883E+00    1.82897E-01
    1.86000E+02    1.61596E+00    1.98700E-01
    1.86100E+02    1.53879E+00    2.14641E-01
    1.86200E+02    1.46680E+00    2.30663E-01
    1.86300E+02    1.39966E+00    2.46680E-01
    1.86400E+02    1.33697E+00    2.62640E-01
    1.86500E+02    1.27837E+00    2.78490E-01
    1.86600E+02    1.22351E+00    2.94196E-01
    1.86700E+02    1.17217E+00    3.09694E-01
    1.86800E+02    1.12410E+00    3.24944E-01
    1.86900E+02    1.07901E+00    3.39933E-01
    1.87000E+02    1.03670E+00    3.54623E-01
    1.87100E+02    9.97263E-01    3.68888E-01
    1.87200E+02    9.59765E-01    3.82983E-01
    1.87300E+02    9.24288E-01    3.96814E-01
    1.87400E+02    8.91067E-01    4.10218E-01
    1.87500E+02    8.59765E-01    4.23261E-01
    1.87600E+02    8.30277E-01    4.35929E-01
    1.87700E+02    8.02389E-01    4.48257E-01
    1.87800E+02    7.76105E-01    4.60195E-01
    1.87900E+02    7.51549E-01    4.71635E-01
    1.88000E+02    7.27492E-01    4.83119E-01
    1.88100E+02    7.05050E-01    4.94084E-01
    1.88200E+02    6.83816E-01    5.04687E-01
    1.88300E+02    6.63675E-01    5.14955E-01
    1.88400E+02    6.44553E-01    5.24897E-01
    1.88500E+02    6.26352E-01    5.34538E-01
    1.88600E+02    6.09057E-01    5.43863E-01
    1.88700E+02    5.92604E-01    5.52886E-01
    1.88800E+02    5.76980E-01    5.61592E-01
    1.88900E+02    5.62268E-01    5.69915E-01
    1.89000E+02    5.47803E-01    5.78219E-01
    1.89100E+02    5.34186E-01    5.86146E-01
    1.89200E+02    5.21183E-01    5.93818E-01
    1.89300E+02    5.08806E-01    6.01213E-01
    1.89400E+02    4.96904E-01    6.08412E-01
    1.89500E+02    4.85562E-01    6.15351E-01
    1.89600E+02    4.74730E-01    6.22053E-01
    1.89700E+02    4.64329E-01    6.28557E-01
    1.89800E+02    4.54359E-01    6.34855E-01
    1.89900E+02    4.44816E-01    6.40942E-01
    1.90000E+02    4.35664E-01    6.46835E-01
    1.90100E+02    4.26875E-01    6.52545E-01
    1.90200E+02    4.18447E-01    6.58068E-01
    1.90300E+02    4.10387E-01    6.63394E-01
    1.90400E+02    4.02615E-01    6.68569E-01
    1.90500E+02    3.95259E-01    6.73505E-01
    1.90600E+02    3.88327E-01    6.78190E-01
    1.90700E+02    3.81073E-01    6.83128E-01
    1.90800E+02    3.74363E-01    6.87727E-01
    1.90900E+02    3.67921E-01    6.92172E-01
    1.91000E+02    3.61735E-01    6.96467E-01
    1.91100E+02    3.55784E-01    7.00624E-01
    1.91200E+02    3.50046E-01    7.04656E-01
    1.91300E+02    3.44514E-01    7.08564E-01
    1.91400E+02    3.39188E-01    7.12349E-01
    1.91500E+02    3.34048E-01    7.16019E-01
    1.91600E+02    3.29093E-01    7.19576E-01
    1.91700E+02    3.24323E-01    7.23017E-01
    1.91800E+02    3.19828E-01    7.26274E-01
    1.91900E+02    3.15252E-01    7.29605E-01
    1.92000E+02    3.10927E-01    7.32767E-01
    1.92100E+02    3.06770E-01    7.35820E-01
    1.92200E+02    3.02784E-01    7.38758E-01
    1.92300E+02    2.98932E-01    7.41610E-01
    1.92400E+02    2.95161E-01    7.44412E-01
    1.92500E+02    2.91549E-01    7.47105E-01
    1.92600E+02    2.88084E-01    7.49698E-01
    1.92700E+02    2.84771E-01    7.52187E-01
    1.92800E+02    2.81551E-01    7.54612E-01
    1.92900E+02    2.78512E-01    7.56910E-01
    1.93000E+02    2.75656E-01    7.59074E-01
    1.93100E+02    2.73122E-01    7.61000E-01
    1.93200E+02    2.71237E-01    7.62436E-01
    1.93300E+02    2.72833E-01    7.61220E-01
    1.93400E+02    2.70420E-01    7.63059E-01
    1.93500E+02    2.63278E-01    7.68528E-01
    1.93600E+02    2.59750E-01    7.71245E-01
    1.93700E+02    2.56917E-01    7.73433E-01
    1.93800E+02    2.54343E-01    7.75426E-01
    1.93900E+02    2.51901E-01    7.77321E-01
    1.94000E+02    2.49532E-01    7.79165E-01
    1.94100E+02    2.47197E-01    7.80986E-01
    1.94200E+02    2.44915E-01    7.82771E-01
    1.94300E+02    2.42690E-01    7.84514E-01
    1.94400E+02    2.40516E-01    7.86222E-01
    1.94500E+02    2.38428E-01    7.87865E-01
    1.94600E+02    2.36434E-01    7.89438E-01
    1.94700E+02    2.34550E-01    7.90927E-01
    1.94800E+02    2.32809E-01    7.92305E-01
    1.94900E+02    2.31277E-01    7.93519E-01
    1.95000E+02    2.30083E-01    7.94468E-01
    1.95100E+02    2.29516E-01    7.94919E-01
    1.95200E+02    2.30413E-01    7.94205E-01
    1.95300E+02    2.35969E-01    7.89805E-01
    1.95400E+02    2.73141E-01    7.60985E-01
    1.95500E+02    2.46841E-01    7.81265E-01
    1.95600E+02    2.29528E-01    7.94909E-01
    1.95700E+02    2.33131E-01    7.92050E-01
    1.95800E+02    2.21630E-01    8.01212E-01
    1.95900E+02    2.16194E-01    8.05579E-01
    1.96000E+02    2.13309E-01    8.07906E-01
    1.96100E+02    2.11161E-01    8.09643E-01
    1.96200E+02    2.09354E-01    8.11108E-01
    1.96300E+02    2.07715E-01    8.12439E-01
    1.96400E+02    2.06240E-01    8.13638E-01
    1.96500E+02    2.04772E-01    8.14833E-01
    1.96600E+02    2.03407E-01    8.15946E-01
    1.96700E+02    2.02108E-01    8.17006E-01
    1.96800E+02    2.00860E-01    8.18027E-01
    1.96900E+02    1.99659E-01    8.19010E-01
    1.97000E+02    1.98486E-01    8.19971E-01
    1.97100E+02    1.97362E-01    8.20894E-01
    1.97200E+02    1.96265E-01    8.21794E-01
    1.97300E+02    1.95198E-01    8.22672E-01
    1.97400E+02    1.94179E-01    8.23510E-01
    1.97500E+02    1.93247E-01    8.24278E-01
    1.97600E+02    1.92307E-01    8.25054E-01
    1.97700E+02    1.91285E-01    8.25897E-01
    1.97800E+02    1.90328E-01    8.26688E-01
    1.97900E+02    1.89435E-01    8.27426E-01
    1.98000E+02    1.88791E-01    8.27959E-01
    1.98100E+02    1.87701E-01    8.28862E-01
    1.98200E+02    1.86849E-01    8.29569E-01
    1.98300E+02    1.86034E-01    8.30245E-01
    1.98400E+02    1.85250E-01    8.30897E-01
    1.98500E+02    1.84488E-01    8.31530E-01
    1.98600E+02    1.83756E-01    8.32139E-01
    1.98700E+02    1.83044E-01    8.32731E-01
    1.98800E+02    1.82368E-01    8.33295E-01
    1.98900E+02    1.81727E-01    8.33829E-01
    1.99000E+02    1.81153E-01    8.34308E-01
    1.99100E+02    1.80706E-01    8.34681E-01
    1.99200E+02    1.80953E-01    8.34474E-01
    1.99300E+02    1.81105E-01    8.34348E-01
    1.99400E+02    1.84475E-01    8.31541E-01
    1.99500E+02    1.79050E-01    8.36064E-01
    1.99600E+02    1.77831E-01    8.37084E-01
    1.99700E+02    1.77042E-01    8.37745E-01
    1.99800E+02    1.76416E-01    8.38270E-01
    1.99900E+02    1.75860E-01    8.38736E-01
    2.00000E+02    1.75350E-01    8.39163E-01
    2.00100E+02    1.74865E-01    8.39571E-01
    2.00200E+02    1.74411E-01    8.39951E-01
    2.00300E+02    1.73985E-01    8.40310E-01
    2.00400E+02    1.73582E-01    8.40649E-01
    2.00500E+02    1.73204E-01    8.40966E-01
    2.00600E+02    1.72853E-01    8.41262E-01
    2.00700E+02    1.72526E-01    8.41536E-01
    2.00800E+02    1.72230E-01    8.41786E-01
    2.00900E+02    1.71958E-01    8.42015E-01
    2.01000E+02    1.71719E-01    8.42216E-01
    2.01100E+02    1.71508E-01    8.42394E-01
    2.01200E+02    1.71331E-01    8.42543E-01
    2.01300E+02    1.71193E-01    8.42659E-01
    2.01400E+02    1.71124E-01    8.42717E-01
    2.01500E+02    1.71077E-01    8.42757E-01
    2.01600E+02    1.70998E-01    8.42824E-01
    2.01700E+02    1.71011E-01    8.42812E-01
    2.01800E+02    1.71080E-01    8.42754E-01
    2.01900E+02    1.71203E-01    8.42650E-01
    2.02000E+02    1.71382E-01    8.42500E-01
    2.02100E+02    1.71619E-01    8.42300E-01
    2.02200E+02    1.71922E-01    8.42045E-01
    2.02300E+02    1.72275E-01    8.41748E-01
    2.02400E+02    1.72695E-01    8.41394E-01
    2.02500E+02    1.73167E-01    8.40997E-01
    2.02600E+02    1.73702E-01    8.40547E-01
    2.02700E+02    1.74277E-01    8.40065E-01
    2.02800E+02    1.74882E-01    8.39556E-01
    2.02900E+02    1.75494E-01    8.39042E-01
    2.03000E+02    1.76083E-01    8.38549E-01
    2.03100E+02    1.76617E-01    8.38100E-01
    2.03200E+02    1.77054E-01    8.37735E-01
    2.03300E+02    1.77374E-01    8.37466E-01
    2.03400E+02    1.77790E-01    8.37118E-01
    2.03500E+02    1.77426E-01    8.37423E-01
    2.03600E+02    1.76176E-01    8.38470E-01
    2.03700E+02    1.75159E-01    8.39323E-01
    2.03800E+02    1.74083E-01    8.40227E-01
    2.03900E+02    1.72952E-01    8.41178E-01
    2.04000E+02    1.71827E-01    8.42125E-01
    2.04100E+02    1.70605E-01    8.43154E-01
    2.04200E+02    1.69455E-01    8.44125E-01
    2.04300E+02    1.68347E-01    8.45061E-01
    2.04400E+02    1.67290E-01    8.45954E-01
    2.04500E+02    1.66286E-01    8.46804E-01
    2.04600E+02    1.65343E-01    8.47603E-01
    2.04700E+02    1.64455E-01    8.48356E-01
    2.04800E+02    1.63631E-01    8.49055E-01
    2.04900E+02    1.62868E-01    8.49703E-01
    2.05000E+02    1.62143E-01    8.50319E-01
    2.05100E+02    1.61496E-01    8.50870E-01
    2.05200E+02    1.61073E-01    8.51230E-01
    2.05300E+02    1.60309E-01    8.51881E-01
    2.05400E+02    1.59748E-01    8.52359E-01
    2.05500E+02    1.59284E-01    8.52754E-01
    2.05600E+02    1.58836E-01    8.53136E-01
    2.05700E+02    1.58424E-01    8.53488E-01
    2.05800E+02    1.58113E-01    8.53753E-01
    2.05900E+02    1.57977E-01    8.53869E-01
    2.06000E+02    1.58345E-01    8.53555E-01
    2.06100E+02    1.62173E-01    8.50294E-01
    2.06200E+02    1.59232E-01    8.52798E-01
    2.06300E+02    1.56986E-01    8.54716E-01
    2.06400E+02    1.56204E-01    8.55385E-01
    2.06500E+02    1.56083E-01    8.55488E-01
    2.06600E+02    1.55341E-01    8.56123E-01
    2.06700E+02    1.55000E-01    8.56415E-01
    2.06800E+02    1.54712E-01    8.56662E-01
    2.06900E+02    1.54460E-01    8.56877E-01
    2.07000E+02    1.54225E-01    8.57079E-01
    2.07100E+02    1.54011E-01    8.57263E-01
    2.07200E+02    1.53816E-01    8.57430E-01
    2.07300E+02    1.53644E-01    8.57577E-01
    2.07400E+02    1.53522E-01    8.57682E-01
    2.07500E+02    1.53607E-01    8.57609E-01
    2.07600E+02    1.53204E-01    8.57955E-01
    2.07700E+02    1.53065E-01    8.58074E-01
    2.07800E+02    1.52971E-01    8.58154E-01
    2.07900E+02    1.52926E-01    8.58193E-01
    2.08000E+02    1.52943E-01    8.58178E-01
    2.08100E+02    1.53058E-01    8.58080E-01
    2.08200E+02    1.53336E-01    8.57842E-01
    2.08300E+02    1.53951E-01    8.57314E-01
    2.08400E+02    1.55361E-01    8.56106E-01
    2.08500E+02    1.59264E-01    8.52771E-01
    2.08600E+02    1.77692E-01    8.37200E-01
    2.08700E+02    1.71782E-01    8.42163E-01
    2.08800E+02    1.57959E-01    8.53884E-01
    2.08900E+02    1.54435E-01    8.56899E-01
    2.09000E+02    1.52958E-01    8.58165E-01
    2.09100E+02    1.52169E-01    8.58843E-01
    2.09200E+02    1.51677E-01    8.59266E-01
    2.09300E+02    1.51351E-01    8.59546E-01
    2.09400E+02    1.51156E-01    8.59714E-01
    2.09500E+02    1.51310E-01    8.59581E-01
    2.09600E+02    1.50884E-01    8.59947E-01
    2.09700E+02    1.50627E-01    8.60169E-01
    2.09800E+02    1.50497E-01    8.60281E-01
    2.09900E+02    1.50411E-01    8.60354E-01
    2.10000E+02    1.50382E-01    8.60379E-01
    2.10100E+02    1.50438E-01    8.60331E-01
    2.10200E+02    1.51206E-01    8.59671E-01
    2.10300E+02    1.50892E-01    8.59941E-01
    2.10400E+02    1.53060E-01    8.58078E-01
    2.10500E+02    1.51674E-01    8.59268E-01
    2.10600E+02    1.51858E-01    8.59111E-01
    2.10700E+02    1.54501E-01    8.56843E-01
    2.10800E+02    1.74315E-01    8.40032E-01
    2.10900E+02    1.53954E-01    8.57312E-01
    2.11000E+02    1.51230E-01    8.59650E-01
    2.11100E+02    1.50320E-01    8.60433E-01
    2.11200E+02    1.49880E-01    8.60812E-01
    2.11300E+02    1.49601E-01    8.61052E-01
    2.11400E+02    1.49423E-01    8.61205E-01
    2.11500E+02    1.49296E-01    8.61314E-01
    2.11600E+02    1.49196E-01    8.61400E-01
    2.11700E+02    1.49114E-01    8.61471E-01
    2.11800E+02    1.49046E-01    8.61529E-01
    2.11900E+02    1.48984E-01    8.61583E-01
    2.12000E+02    1.48935E-01    8.61626E-01
    2.12100E+02    1.48896E-01    8.61659E-01
    2.12200E+02    1.48855E-01    8.61694E-01
    2.12300E+02    1.48819E-01    8.61725E-01
    2.12400E+02    1.48790E-01    8.61750E-01
    2.12500E+02    1.48769E-01    8.61768E-01
    2.12600E+02    1.48756E-01    8.61779E-01
    2.12700E+02    1.48752E-01    8.61783E-01
    2.12800E+02    1.48751E-01    8.61784E-01
    2.12900E+02    1.48762E-01    8.61774E-01
    2.13000E+02    1.48699E-01    8.61829E-01
    2.13100E+02    1.48681E-01    8.61844E-01
    2.13200E+02    1.48673E-01    8.61851E-01
    2.13300E+02    1.48674E-01    8.61850E-01
    2.13400E+02    1.48679E-01    8.61845E-01
    2.13500E+02    1.48688E-01    8.61838E-01
    2.13600E+02    1.48703E-01    8.61825E-01
    2.13700E+02    1.48722E-01    8.61808E-01
    2.13800E+02    1.48758E-01    8.61778E-01
    2.13900E+02    1.48797E-01    8.61744E-01
    2.14000E+02    1.48851E-01    8.61697E-01
    2.14100E+02    1.48923E-01    8.61636E-01
    2.14200E+02    1.49024E-01    8.61549E-01
    2.14300E+02    1.49164E-01    8.61427E-01
    2.14400E+02    1.49372E-01    8.61249E-01
    2.14500E+02    1.49704E-01    8.60963E-01
    2.14600E+02    1.50273E-01    8.60473E-01
    2.14700E+02    1.51402E-01    8.59502E-01
    2.14800E+02    1.54235E-01    8.57070E-01
    2.14900E+02    1.65947E-01    8.47091E-01
    2.15000E+02    1.69582E-01    8.44018E-01
    2.15100E+02    1.54860E-01    8.56535E-01
    2.15200E+02    1.51683E-01    8.59261E-01
    2.15300E+02    1.50468E-01    8.60305E-01
    2.15400E+02    1.49888E-01    8.60805E-01
    2.15500E+02    1.49566E-01    8.61081E-01
    2.15600E+02    1.49379E-01    8.61243E-01
    2.15700E+02    1.49269E-01    8.61338E-01
    2.15800E+02    1.49200E-01    8.61397E-01
    2.15900E+02    1.49186E-01    8.61409E-01
    2.16000E+02    1.49496E-01    8.61142E-01
    2.16100E+02    1.49263E-01    8.61342E-01
    2.16200E+02    1.49129E-01    8.61458E-01
    2.16300E+02    1.49102E-01    8.61481E-01
    2.16400E+02    1.49112E-01    8.61473E-01
    2.16500E+02    1.49102E-01    8.61481E-01
    2.16600E+02    1.49114E-01    8.61471E-01
    2.16700E+02    1.49132E-01    8.61455E-01
    2.16800E+02    1.49162E-01    8.61430E-01
    2.16900E+02    1.49216E-01    8.61383E-01
    2.17000E+02    1.49213E-01    8.61386E-01
    2.17100E+02    1.49240E-01    8.61363E-01
    2.17200E+02    1.49279E-01    8.61328E-01
    2.17300E+02    1.49321E-01    8.61293E-01
    2.17400E+02    1.49385E-01    8.61237E-01
    2.17500E+02    1.49639E-01    8.61019E-01
    2.17600E+02    1.49476E-01    8.61159E-01
    2.17700E+02    1.49488E-01    8.61149E-01
    2.17800E+02    1.49532E-01    8.61111E-01
    2.17900E+02    1.49601E-01    8.61052E-01
    2.18000E+02    1.49727E-01    8.60943E-01
    2.18100E+02    1.50456E-01    8.60316E-01
    2.18200E+02    1.49914E-01    8.60782E-01
    2.18300E+02    1.49796E-01    8.60883E-01
    2.18400E+02    1.49798E-01    8.60882E-01
    2.18500E+02    1.49833E-01    8.60852E-01
    2.18600E+02    1.49880E-01    8.60811E-01
    2.18700E+02    1.49919E-01    8.60777E-01
    2.18800E+02    1.49970E-01    8.60734E-01
    2.18900E+02    1.50020E-01    8.60691E-01
    2.19000E+02    1.50084E-01    8.60635E-01
    2.19100E+02    1.50187E-01    8.60547E-01
    2.19200E+02    1.50246E-01    8.60496E-01
    2.19300E+02    1.50467E-01    8.60306E-01
    2.19400E+02    1.50371E-01    8.60388E-01
    2.19500E+02    1.50379E-01    8.60382E-01
    2.19600E+02    1.50432E-01    8.60336E-01
    2.19700E+02    1.50491E-01    8.60285E-01
    2.19800E+02    1.50566E-01    8.60221E-01
    2.19900E+02    1.50701E-01    8.60105E-01
    2.20000E+02    1.50760E-01    8.60054E-01
    2.20100E+02    1.50753E-01    8.60060E-01
    2.20200E+02    1.50804E-01    8.60016E-01
    2.20300E+02    1.50870E-01    8.59960E-01
    2.20400E+02    1.50935E-01    8.59903E-01
    2.20500E+02    1.51008E-01    8.59841E-01
    2.20600E+02    1.51091E-01    8.59769E-01
    2.20700E+02    1.51286E-01    8.59602E-01
    2.20800E+02    1.51262E-01    8.59622E-01
    2.20900E+02    1.51299E-01    8.59591E-01
    2.21000E+02    1.51368E-01    8.59531E-01
    2.21100E+02    1.51442E-01    8.59468E-01
    2.21200E+02    1.51529E-01    8.59393E-01
    2.21300E+02    1.51712E-01    8.59235E-01
    2.21400E+02    1.51707E-01    8.59240E-01
    2.21500E+02    1.51759E-01    8.59195E-01
    2.21600E+02    1.51834E-01    8.59131E-01
    2.21700E+02    1.51915E-01    8.59061E-01
    2.21800E+02    1.52000E-01    8.58988E-01
    2.21900E+02    1.52084E-01    8.58916E-01
    2.22000E+02    1.52172E-01    8.58840E-01
    2.22100E+02    1.52263E-01    8.58762E-01
    2.22200E+02    1.52356E-01    8.58682E-01
    2.22300E+02    1.52456E-01    8.58597E-01
    2.22400E+02    1.52604E-01    8.58470E-01
    2.22500E+02    1.52669E-01    8.58414E-01
    2.22600E+02    1.52743E-01    8.58350E-01
    2.22700E+02    1.52841E-01    8.58267E-01
    2.22800E+02    1.52943E-01    8.58179E-01
    2.22900E+02    1.53053E-01    8.58085E-01
    2.23000E+02    1.53182E-01    8.57973E-01
    2.23100E+02    1.53308E-01    8.57865E-01
    2.23200E+02    1.53478E-01    8.57719E-01
    2.23300E+02    1.53618E-01    8.57600E-01
    2.23400E+02    1.53703E-01    8.57526E-01
    2.23500E+02    1.53774E-01    8.57466E-01
    2.23600E+02    1.53895E-01    8.57362E-01
    2.23700E+02    1.54034E-01    8.57243E-01
    2.23800E+02    1.54193E-01    8.57107E-01
    2.23900E+02    1.54647E-01    8.56718E-01
    2.24000E+02    1.54483E-01    8.56858E-01
    2.24100E+02    1.54613E-01    8.56746E-01
    2.24200E+02    1.54771E-01    8.56611E-01
    2.24300E+02    1.54936E-01    8.56470E-01
    2.24400E+02    1.55115E-01    8.56317E-01
    2.24500E+02    1.55303E-01    8.56156E-01
    2.24600E+02    1.55521E-01    8.55969E-01
    2.24700E+02    1.55812E-01    8.55720E-01
    2.24800E+02    1.56253E-01    8.55343E-01
    2.24900E+02    1.56410E-01    8.55208E-01
    2.25000E+02    1.56444E-01    8.55179E-01
    2.25100E+02    1.56583E-01    8.55060E-01
    2.25200E+02    1.56809E-01    8.54867E-01
    2.25300E+02    1.57025E-01    8.54683E-01
    2.25400E+02    1.57283E-01    8.54463E-01
    2.25500E+02    1.57574E-01    8.54213E-01
    2.25600E+02    1.57915E-01    8.53922E-01
    2.25700E+02    1.58372E-01    8.53532E-01
    2.25800E+02    1.59163E-01    8.52857E-01
    2.25900E+02    1.60701E-01    8.51546E-01
    2.26000E+02    1.66472E-01    8.46647E-01
    2.26100E+02    1.67557E-01    8.45729E-01
    2.26200E+02    1.60829E-01    8.51437E-01
    2.26300E+02    1.59361E-01    8.52688E-01
    2.26400E+02    1.58791E-01    8.53175E-01
    2.26500E+02    1.58508E-01    8.53416E-01
    2.26600E+02    1.58339E-01    8.53561E-01
    2.26700E+02    1.58235E-01    8.53649E-01
    2.26800E+02    1.58167E-01    8.53707E-01
    2.26900E+02    1.58133E-01    8.53736E-01
    2.27000E+02    1.58077E-01    8.53784E-01
    2.27100E+02    1.58056E-01    8.53802E-01
    2.27200E+02    1.58046E-01    8.53811E-01
    2.27300E+02    1.58054E-01    8.53804E-01
    2.27400E+02    1.58066E-01    8.53793E-01
    2.27500E+02    1.58087E-01    8.53776E-01
    2.27600E+02    1.58120E-01    8.53748E-01
    2.27700E+02    1.58164E-01    8.53710E-01
    2.27800E+02    1.58218E-01    8.53664E-01
    2.27900E+02    1.58269E-01    8.53620E-01
    2.28000E+02    1.58320E-01    8.53576E-01
    2.28100E+02    1.58382E-01    8.53523E-01
    2.28200E+02    1.58454E-01    8.53462E-01
    2.28300E+02    1.58539E-01    8.53389E-01
    2.28400E+02    1.58618E-01    8.53322E-01
    2.28500E+02    1.58724E-01    8.53232E-01
    2.28600E+02    1.58820E-01    8.53150E-01
    2.28700E+02    1.58932E-01    8.53054E-01
    2.28800E+02    1.59055E-01    8.52949E-01
    2.28900E+02    1.59192E-01    8.52833E-01
    2.29000E+02    1.59349E-01    8.52698E-01
    2.29100E+02    1.59556E-01    8.52522E-01
    2.29200E+02    1.59787E-01    8.52326E-01
    2.29300E+02    1.60164E-01    8.52004E-01
    2.29400E+02    1.60912E-01    8.51367E-01
    2.29500E+02    1.63361E-01    8.49284E-01
    2.29600E+02    1.68694E-01    8.44768E-01
    2.29700E+02    1.62061E-01    8.50389E-01
    2.29800E+02    1.61114E-01    8.51195E-01
    2.29900E+02    1.60902E-01    8.51375E-01
    2.30000E+02    1.60924E-01    8.51357E-01
    2.30100E+02    1.61013E-01    8.51281E-01
    2.30200E+02    1.61165E-01    8.51151E-01
    2.30300E+02    1.61385E-01    8.50964E-01
    2.30400E+02    1.61643E-01    8.50745E-01
    2.30500E+02    1.61963E-01    8.50473E-01
    2.30600E+02    1.62375E-01    8.50122E-01
    2.30700E+02    1.62929E-01    8.49652E-01
    2.30800E+02    1.63720E-01    8.48980E-01
    2.30900E+02    1.64962E-01    8.47926E-01
    2.31000E+02    1.67222E-01    8.46012E-01
    2.31100E+02    1.72297E-01    8.41730E-01
    2.31200E+02    1.89260E-01    8.27571E-01
    2.31300E+02    2.44109E-01    7.83402E-01
    2.31400E+02    1.80356E-01    8.34973E-01
    2.31500E+02    1.70668E-01    8.43101E-01
    2.31600E+02    1.67449E-01    8.45820E-01
    2.31700E+02    1.66080E-01    8.46978E-01
    2.31800E+02    1.65451E-01    8.47511E-01
    2.31900E+02    1.65200E-01    8.47724E-01
    2.32000E+02    1.65336E-01    8.47609E-01
    2.32100E+02    1.65169E-01    8.47751E-01
    2.32200E+02    1.65297E-01    8.47642E-01
    2.32300E+02    1.65512E-01    8.47460E-01
    2.32400E+02    1.65824E-01    8.47195E-01
    2.32500E+02    1.66342E-01    8.46757E-01
    2.32600E+02    1.66621E-01    8.46520E-01
    2.32700E+02    1.67208E-01    8.46024E-01
    2.32800E+02    1.67570E-01    8.45717E-01
    2.32900E+02    1.68132E-01    8.45242E-01
    2.33000E+02    1.68951E-01    8.44551E-01
    2.33100E+02    1.69593E-01    8.44008E-01
    2.33200E+02    1.70531E-01    8.43217E-01
    2.33300E+02    1.71731E-01    8.42206E-01
    2.33400E+02    1.73069E-01    8.41080E-01
    2.33500E+02    1.74618E-01    8.39777E-01
    2.33600E+02    1.76721E-01    8.38014E-01
    2.33700E+02    1.79601E-01    8.35604E-01
    2.33800E+02    1.83943E-01    8.31983E-01
    2.33900E+02    1.92758E-01    8.24681E-01
    2.34000E+02    1.91961E-01    8.25339E-01
    2.34100E+02    1.84236E-01    8.31740E-01
    2.34200E+02    1.80469E-01    8.34878E-01
    2.34300E+02    1.77984E-01    8.36956E-01
    2.34400E+02    1.76206E-01    8.38446E-01
    2.34500E+02    1.74908E-01    8.39535E-01
    2.34600E+02    1.73921E-01    8.40363E-01
    2.34700E+02    1.73183E-01    8.40984E-01
    2.34800E+02    1.72659E-01    8.41425E-01
    2.34900E+02    1.72384E-01    8.41656E-01
    2.35000E+02    1.72357E-01    8.41679E-01
    2.35100E+02    1.72731E-01    8.41364E-01
    2.35200E+02    1.73028E-01    8.41114E-01
    2.35300E+02    1.74103E-01    8.40210E-01
    2.35400E+02    1.76359E-01    8.38317E-01
    2.35500E+02    1.81532E-01    8.33992E-01
    2.35600E+02    1.97285E-01    8.20957E-01
    2.35700E+02    3.19544E-01    7.26481E-01
    2.35800E+02    2.04538E-01    8.15024E-01
    2.35900E+02    1.84066E-01    8.31881E-01
    2.36000E+02    1.77241E-01    8.37578E-01
    2.36100E+02    1.74522E-01    8.39859E-01
    2.36200E+02    1.73157E-01    8.41006E-01
    2.36300E+02    1.72554E-01    8.41513E-01
    2.36400E+02    1.72336E-01    8.41696E-01
    2.36500E+02    1.72478E-01    8.41577E-01
    2.36600E+02    1.73206E-01    8.40964E-01
    2.36700E+02    1.73965E-01    8.40326E-01
    2.36800E+02    1.75829E-01    8.38761E-01
    2.36900E+02    1.79752E-01    8.35477E-01
    2.37000E+02    1.89812E-01    8.27114E-01
    2.37100E+02    2.35689E-01    7.90027E-01
    2.37200E+02    2.27869E-01    7.96229E-01
    2.37300E+02    1.88836E-01    8.27922E-01
    2.37400E+02    1.79537E-01    8.35657E-01
    2.37500E+02    1.76001E-01    8.38618E-01
    2.37600E+02    1.74557E-01    8.39829E-01
    2.37700E+02    1.73403E-01    8.40798E-01
    2.37800E+02    1.72922E-01    8.41203E-01
    2.37900E+02    1.72706E-01    8.41385E-01
    2.38000E+02    1.72672E-01    8.41413E-01
    2.38100E+02    1.72804E-01    8.41302E-01
    2.38200E+02    1.73133E-01    8.41026E-01
    2.38300E+02    1.73855E-01    8.40419E-01
    2.38400E+02    1.76674E-01    8.38053E-01
    2.38500E+02    1.75816E-01    8.38772E-01
    2.38600E+02    1.75734E-01    8.38841E-01
    2.38700E+02    1.77233E-01    8.37585E-01
    2.38800E+02    1.79712E-01    8.35510E-01
    2.38900E+02    1.85793E-01    8.30446E-01
    2.39000E+02    2.05426E-01    8.14301E-01
    2.39100E+02    3.36318E-01    7.14396E-01
    2.39200E+02    2.01511E-01    8.17494E-01
    2.39300E+02    1.86272E-01    8.30047E-01
    2.39400E+02    1.81361E-01    8.34134E-01
    2.39500E+02    1.79409E-01    8.35764E-01
    2.39600E+02    1.79008E-01    8.36099E-01
    2.39700E+02    1.77825E-01    8.37089E-01
    2.39800E+02    1.77908E-01    8.37019E-01
    2.39900E+02    1.78346E-01    8.36653E-01
    2.40000E+02    1.78055E-01    8.36897E-01
    2.40100E+02    1.77587E-01    8.37288E-01
    2.40200E+02    1.77545E-01    8.37323E-01
    2.40300E+02    1.77590E-01    8.37285E-01
    2.40400E+02    1.77251E-01    8.37569E-01
    2.40500E+02    1.77217E-01    8.37598E-01
    2.40600E+02    1.76939E-01    8.37831E-01
    2.40700E+02    1.77062E-01    8.37727E-01
    2.40800E+02    1.77089E-01    8.37705E-01
    2.40900E+02    1.77910E-01    8.37017E-01
    2.41000E+02    1.77396E-01    8.37448E-01
    2.41100E+02    1.77795E-01    8.37114E-01
    2.41200E+02    1.80586E-01    8.34781E-01
    2.41300E+02    1.79441E-01    8.35737E-01
    2.41400E+02    1.78551E-01    8.36482E-01
    2.41500E+02    1.78832E-01    8.36247E-01
    2.41600E+02    1.79105E-01    8.36018E-01
    2.41700E+02    1.79650E-01    8.35563E-01
    2.41800E+02    1.80470E-01    8.34877E-01
    2.41900E+02    1.81775E-01    8.33789E-01
    2.42000E+02    1.84101E-01    8.31852E-01
    2.42100E+02    1.89008E-01    8.27780E-01
    2.42200E+02    2.02942E-01    8.16325E-01
    2.42300E+02    2.91068E-01    7.47465E-01
    2.42400E+02    2.16329E-01    8.05471E-01
    2.42500E+02    1.92908E-01    8.24558E-01
    2.42600E+02    1.86310E-01    8.30017E-01
    2.42700E+02    1.83693E-01    8.32191E-01
    2.42800E+02    1.82596E-01    8.33105E-01
    2.42900E+02    1.82369E-01    8.33294E-01
    2.43000E+02    1.83009E-01    8.32761E-01
    2.43100E+02    1.84264E-01    8.31716E-01
    2.43200E+02    1.87367E-01    8.29139E-01
    2.43300E+02    1.95936E-01    8.22065E-01
    2.43400E+02    2.32457E-01    7.92584E-01
    2.43500E+02    2.37971E-01    7.88225E-01
    2.43600E+02    1.96794E-01    8.21360E-01
    2.43700E+02    1.87717E-01    8.28849E-01
    2.43800E+02    1.84438E-01    8.31572E-01
    2.43900E+02    1.83280E-01    8.32535E-01
    2.44000E+02    1.83792E-01    8.32109E-01
    2.44100E+02    1.88948E-01    8.27830E-01
    2.44200E+02    1.91201E-01    8.25967E-01
    2.44300E+02    1.83111E-01    8.32676E-01
    2.44400E+02    1.81493E-01    8.34024E-01
    2.44500E+02    1.80486E-01    8.34864E-01
    2.44600E+02    1.80127E-01    8.35164E-01
    2.44700E+02    1.79914E-01    8.35342E-01
    2.44800E+02    1.79911E-01    8.35344E-01
    2.44900E+02    1.79887E-01    8.35365E-01
    2.45000E+02    1.79898E-01    8.35355E-01
    2.45100E+02    1.79900E-01    8.35354E-01
    2.45200E+02    1.79935E-01    8.35325E-01
    2.45300E+02    1.80003E-01    8.35268E-01
    2.45400E+02    1.80086E-01    8.35199E-01
    2.45500E+02    1.80187E-01    8.35114E-01
    2.45600E+02    1.80309E-01    8.35013E-01
    2.45700E+02    1.80465E-01    8.34882E-01
    2.45800E+02    1.80956E-01    8.34472E-01
    2.45900E+02    1.80700E-01    8.34685E-01
    2.46000E+02    1.80812E-01    8.34592E-01
    2.46100E+02    1.80962E-01    8.34467E-01
    2.46200E+02    1.81146E-01    8.34314E-01
    2.46300E+02    1.81399E-01    8.34103E-01
    2.46400E+02    1.81713E-01    8.33840E-01
    2.46500E+02    1.83639E-01    8.32236E-01
    2.46600E+02    1.82261E-01    8.33384E-01
    2.46700E+02    1.82158E-01    8.33469E-01
    2.46800E+02    1.82315E-01    8.33338E-01
    2.46900E+02    1.82544E-01    8.33148E-01
    2.47000E+02    1.82830E-01    8.32910E-01
    2.47100E+02    1.83202E-01    8.32600E-01
    2.47200E+02    1.83569E-01    8.32295E-01
    2.47300E+02    1.84096E-01    8.31856E-01
    2.47400E+02    1.84802E-01    8.31269E-01
    2.47500E+02    1.85928E-01    8.30333E-01
    2.47600E+02    1.88117E-01    8.28518E-01
    2.47700E+02    1.95027E-01    8.22812E-01
    2.47800E+02    2.00967E-01    8.17939E-01
    2.47900E+02    1.94266E-01    8.23439E-01
    2.48000E+02    1.98822E-01    8.19696E-01
    2.48100E+02    2.20090E-01    8.02446E-01
    2.48200E+02    3.01114E-01    7.39993E-01
    2.48300E+02    2.09107E-01    8.11308E-01
    2.48400E+02    1.95594E-01    8.22346E-01
    2.48500E+02    1.91124E-01    8.26030E-01
    2.48600E+02    1.89214E-01    8.27609E-01
    2.48700E+02    1.88430E-01    8.28259E-01
    2.48800E+02    1.87951E-01    8.28656E-01
    2.48900E+02    1.87857E-01    8.28733E-01
    2.49000E+02    1.88033E-01    8.28587E-01
    2.49100E+02    1.88422E-01    8.28265E-01
    2.49200E+02    1.89059E-01    8.27738E-01
    2.49300E+02    1.90095E-01    8.26881E-01
    2.49400E+02    1.91799E-01    8.25473E-01
    2.49500E+02    1.94826E-01    8.22978E-01
    2.49600E+02    2.01162E-01    8.17780E-01
    2.49700E+02    2.19672E-01    8.02782E-01
    2.49800E+02    3.01153E-01    7.39964E-01
    2.49900E+02    2.52720E-01    7.76686E-01
    2.50000E+02    2.64597E-01    7.67515E-01
    2.50100E+02    2.11313E-01    8.09521E-01
    2.50200E+02    1.99934E-01    8.18785E-01
    2.50300E+02    1.95518E-01    8.22408E-01
    2.50400E+02    1.92514E-01    8.24882E-01
    2.50500E+02    1.91166E-01    8.25996E-01
    2.50600E+02    1.90316E-01    8.26698E-01
    2.50700E+02    1.89953E-01    8.26998E-01
    2.50800E+02    1.89518E-01    8.27358E-01
    2.50900E+02    1.89262E-01    8.27569E-01
    2.51000E+02    1.89141E-01    8.27670E-01
    2.51100E+02    1.89091E-01    8.27711E-01
    2.51200E+02    1.89201E-01    8.27620E-01
    2.51300E+02    1.89102E-01    8.27702E-01
    2.51400E+02    1.89140E-01    8.27671E-01
    2.51500E+02    1.89206E-01    8.27616E-01
    2.51600E+02    1.89291E-01    8.27546E-01
    2.51700E+02    1.89392E-01    8.27462E-01
    2.51800E+02    1.89502E-01    8.27371E-01
    2.51900E+02    1.89628E-01    8.27267E-01
    2.52000E+02    1.89779E-01    8.27142E-01
    2.52100E+02    1.90120E-01    8.26860E-01
    2.52200E+02    1.90080E-01    8.26893E-01
    2.52300E+02    1.90288E-01    8.26721E-01
    2.52400E+02    1.90462E-01    8.26577E-01
    2.52500E+02    1.90832E-01    8.26272E-01
    2.52600E+02    1.90982E-01    8.26148E-01
    2.52700E+02    1.91668E-01    8.25581E-01
    2.52800E+02    1.91582E-01    8.25652E-01
    2.52900E+02    1.91327E-01    8.25862E-01
    2.53000E+02    1.91432E-01    8.25776E-01
    2.53100E+02    1.91587E-01    8.25648E-01
    2.53200E+02    1.91766E-01    8.25500E-01
    2.53300E+02    1.92021E-01    8.25290E-01
    2.53400E+02    1.92505E-01    8.24890E-01
    2.53500E+02    1.92349E-01    8.25019E-01
    2.53600E+02    1.92563E-01    8.24843E-01
    2.53700E+02    1.93119E-01    8.24384E-01
    2.53800E+02    1.93188E-01    8.24327E-01
    2.53900E+02    1.93265E-01    8.24263E-01
    2.54000E+02    1.93446E-01    8.24114E-01
    2.54100E+02    1.93717E-01    8.23891E-01
    2.54200E+02    1.94181E-01    8.23509E-01
    2.54300E+02    1.95892E-01    8.22101E-01
    2.54400E+02    1.94580E-01    8.23180E-01
    2.54500E+02    1.94624E-01    8.23144E-01
    2.54600E+02    1.94817E-01    8.22985E-01
    2.54700E+02    1.95163E-01    8.22701E-01
    2.54800E+02    1.95281E-01    8.22604E-01
    2.54900E+02    1.96007E-01    8.22007E-01
    2.55000E+02    1.95655E-01    8.22296E-01
    2.55100E+02    1.95780E-01    8.22193E-01
    2.55200E+02    1.95932E-01    8.22068E-01
    2.55300E+02    1.96036E-01    8.21983E-01
    2.55400E+02    1.96146E-01    8.21892E-01
    2.55500E+02    1.96254E-01    8.21803E-01
    2.55600E+02    1.96359E-01    8.21717E-01
    2.55700E+02    1.96467E-01    8.21628E-01
    2.55800E+02    1.96595E-01    8.21524E-01
    2.55900E+02    1.96687E-01    8.21448E-01
    2.56000E+02    1.96824E-01    8.21335E-01
    2.56100E+02    1.96949E-01    8.21232E-01
    2.56200E+02    1.97015E-01    8.21178E-01
    2.56300E+02    1.97137E-01    8.21078E-01
    2.56400E+02    1.97298E-01    8.20946E-01
    2.56500E+02    1.97458E-01    8.20815E-01
    2.56600E+02    1.97604E-01    8.20695E-01
    2.56700E+02    1.97857E-01    8.20487E-01
    2.56800E+02    1.97964E-01    8.20400E-01
    2.56900E+02    1.98524E-01    8.19940E-01
    2.57000E+02    1.98235E-01    8.20177E-01
    2.57100E+02    1.98364E-01    8.20071E-01
    2.57200E+02    1.98552E-01    8.19917E-01
    2.57300E+02    1.98763E-01    8.19744E-01
    2.57400E+02    1.99025E-01    8.19530E-01
    2.57500E+02    1.99293E-01    8.19310E-01
    2.57600E+02    1.99626E-01    8.19037E-01
    2.57700E+02    1.99979E-01    8.18748E-01
    2.57800E+02    2.00488E-01    8.18331E-01
    2.57900E+02    2.01056E-01    8.17866E-01
    2.58000E+02    2.02192E-01    8.16938E-01
    2.58100E+02    2.04779E-01    8.14828E-01
    2.58200E+02    2.26090E-01    7.97646E-01
    2.58300E+02    2.07187E-01    8.12867E-01
    2.58400E+02    2.06866E-01    8.13129E-01
    2.58500E+02    2.10427E-01    8.10238E-01
    2.58600E+02    2.22122E-01    8.00818E-01
    2.58700E+02    3.00016E-01    7.40807E-01
    2.58800E+02    2.31475E-01    7.93362E-01
    2.58900E+02    2.12874E-01    8.08258E-01
    2.59000E+02    2.07461E-01    8.12645E-01
    2.59100E+02    2.05211E-01    8.14476E-01
    2.59200E+02    2.04136E-01    8.15351E-01
    2.59300E+02    2.03534E-01    8.15843E-01
    2.59400E+02    2.03235E-01    8.16086E-01
    2.59500E+02    2.03240E-01    8.16083E-01
    2.59600E+02    2.02974E-01    8.16299E-01
    2.59700E+02    2.02945E-01    8.16323E-01
    2.59800E+02    2.02978E-01    8.16296E-01
    2.59900E+02    2.03055E-01    8.16233E-01
    2.60000E+02    2.03218E-01    8.16100E-01
    2.60100E+02    2.03295E-01    8.16038E-01
    2.60200E+02    2.03366E-01    8.15980E-01
    2.60300E+02    2.03489E-01    8.15879E-01
    2.60400E+02    2.03641E-01    8.15755E-01
    2.60500E+02    2.03827E-01    8.15603E-01
    2.60600E+02    2.04020E-01    8.15446E-01
    2.60700E+02    2.04245E-01    8.15262E-01
    2.60800E+02    2.05116E-01    8.14553E-01
    2.60900E+02    2.04650E-01    8.14933E-01
    2.61000E+02    2.04682E-01    8.14906E-01
    2.61100E+02    2.04889E-01    8.14738E-01
    2.61200E+02    2.05022E-01    8.14630E-01
    2.61300E+02    2.05213E-01    8.14474E-01
    2.61400E+02    2.05409E-01    8.14314E-01
    2.61500E+02    2.05611E-01    8.14150E-01
    2.61600E+02    2.05831E-01    8.13970E-01
    2.61700E+02    2.06080E-01    8.13768E-01
    2.61800E+02    2.06320E-01    8.13573E-01
    2.61900E+02    2.06552E-01    8.13384E-01
    2.62000E+02    2.06835E-01    8.13154E-01
    2.62100E+02    2.07115E-01    8.12926E-01
    2.62200E+02    2.07425E-01    8.12674E-01
    2.62300E+02    2.07806E-01    8.12364E-01
    2.62400E+02    2.08298E-01    8.11965E-01
    2.62500E+02    2.09013E-01    8.11385E-01
    2.62600E+02    2.09919E-01    8.10650E-01
    2.62700E+02    2.12000E-01    8.08964E-01
    2.62800E+02    2.19721E-01    8.02743E-01
    2.62900E+02    2.23564E-01    7.99664E-01
    2.63000E+02    2.13988E-01    8.07358E-01
    2.63100E+02    2.12826E-01    8.08297E-01
    2.63200E+02    2.14741E-01    8.06751E-01
    2.63300E+02    2.14116E-01    8.07255E-01
    2.63400E+02    2.16346E-01    8.05457E-01
    2.63500E+02    2.21901E-01    8.00995E-01
    2.63600E+02    2.40120E-01    7.86533E-01
    2.63700E+02    3.60045E-01    6.97645E-01
    2.63800E+02    2.37355E-01    7.88711E-01
    2.63900E+02    2.28329E-01    7.95862E-01
    2.64000E+02    2.17952E-01    8.04164E-01
    2.64100E+02    2.15321E-01    8.06282E-01
    2.64200E+02    2.14197E-01    8.07189E-01
    2.64300E+02    2.13699E-01    8.07592E-01
    2.64400E+02    2.13516E-01    8.07739E-01
    2.64500E+02    2.13610E-01    8.07663E-01
    2.64600E+02    2.13972E-01    8.07371E-01
    2.64700E+02    2.14727E-01    8.06762E-01
    2.64800E+02    2.16716E-01    8.05159E-01
    2.64900E+02    2.27774E-01    7.96304E-01
    2.65000E+02    2.19881E-01    8.02614E-01
    2.65100E+02    2.16028E-01    8.05713E-01
    2.65200E+02    2.15136E-01    8.06432E-01
    2.65300E+02    2.14892E-01    8.06628E-01
    2.65400E+02    2.14897E-01    8.06624E-01
    2.65500E+02    2.15023E-01    8.06523E-01
    2.65600E+02    2.15226E-01    8.06359E-01
    2.65700E+02    2.15428E-01    8.06196E-01
    2.65800E+02    2.15673E-01    8.05999E-01
    2.65900E+02    2.15922E-01    8.05798E-01
    2.66000E+02    2.16176E-01    8.05594E-01
    2.66100E+02    2.16457E-01    8.05367E-01
    2.66200E+02    2.16763E-01    8.05121E-01
    2.66300E+02    2.16940E-01    8.04978E-01
    2.66400E+02    2.17193E-01    8.04775E-01
    2.66500E+02    2.17496E-01    8.04531E-01
    2.66600E+02    2.17871E-01    8.04229E-01
    2.66700E+02    2.18382E-01    8.03818E-01
    2.66800E+02    2.19130E-01    8.03218E-01
    2.66900E+02    2.20374E-01    8.02219E-01
    2.67000E+02    2.22638E-01    8.00404E-01
    2.67100E+02    2.28055E-01    7.96080E-01
    2.67200E+02    2.48224E-01    7.80185E-01
    2.67300E+02    2.71041E-01    7.62585E-01
    2.67400E+02    2.31965E-01    7.92974E-01
    2.67500E+02    2.24367E-01    7.99022E-01
    2.67600E+02    2.21622E-01    8.01218E-01
    2.67700E+02    2.20355E-01    8.02234E-01
    2.67800E+02    2.19705E-01    8.02755E-01
    2.67900E+02    2.19358E-01    8.03034E-01
    2.68000E+02    2.19183E-01    8.03175E-01
    2.68100E+02    2.19141E-01    8.03209E-01
    2.68200E+02    2.19463E-01    8.02950E-01
    2.68300E+02    2.19172E-01    8.03184E-01
    2.68400E+02    2.19231E-01    8.03136E-01
    2.68500E+02    2.19406E-01    8.02996E-01
    2.68600E+02    2.19931E-01    8.02574E-01
    2.68700E+02    2.20384E-01    8.02211E-01
    2.68800E+02    2.19741E-01    8.02727E-01
    2.68900E+02    2.19757E-01    8.02714E-01
    2.69000E+02    2.19855E-01    8.02635E-01
    2.69100E+02    2.19988E-01    8.02528E-01
    2.69200E+02    2.20129E-01    8.02415E-01
    2.69300E+02    2.20282E-01    8.02292E-01
    2.69400E+02    2.20444E-01    8.02163E-01
    2.69500E+02    2.20625E-01    8.02017E-01
    2.69600E+02    2.20789E-01    8.01886E-01
    2.69700E+02    2.20958E-01    8.01750E-01
    2.69800E+02    2.21144E-01    8.01601E-01
    2.69900E+02    2.21329E-01    8.01453E-01
    2.70000E+02    2.21521E-01    8.01299E-01
    2.70100E+02    2.21739E-01    8.01124E-01
    2.70200E+02    2.21905E-01    8.00992E-01
    2.70300E+02    2.22114E-01    8.00824E-01
    2.70400E+02    2.22350E-01    8.00635E-01
    2.70500E+02    2.22604E-01    8.00432E-01
    2.70600E+02    2.22760E-01    8.00307E-01
    2.70700E+02    2.23069E-01    8.00060E-01
    2.70800E+02    2.23302E-01    7.99874E-01
    2.70900E+02    2.23671E-01    7.99578E-01
    2.71000E+02    2.24044E-01    7.99280E-01
    2.71100E+02    2.26580E-01    7.97255E-01
    2.71200E+02    2.24375E-01    7.99016E-01
    2.71300E+02    2.24500E-01    7.98916E-01
    2.71400E+02    2.24526E-01    7.98895E-01
    2.71500E+02    2.24723E-01    7.98738E-01
    2.71600E+02    2.24963E-01    7.98546E-01
    2.71700E+02    2.25244E-01    7.98321E-01
    2.71800E+02    2.25607E-01    7.98032E-01
    2.71900E+02    2.26564E-01    7.97268E-01
    2.72000E+02    2.26365E-01    7.97427E-01
    2.72100E+02    2.26490E-01    7.97328E-01
    2.72200E+02    2.26831E-01    7.97055E-01
    2.72300E+02    2.27270E-01    7.96706E-01
    2.72400E+02    2.27832E-01    7.96258E-01
    2.72500E+02    2.28579E-01    7.95664E-01
    2.72600E+02    2.29634E-01    7.94825E-01
    2.72700E+02    2.31350E-01    7.93462E-01
    2.72800E+02    2.34521E-01    7.90950E-01
    2.72900E+02    2.42303E-01    7.84819E-01
    2.73000E+02    2.75542E-01    7.59161E-01
    2.73100E+02    2.77271E-01    7.57849E-01
    2.73200E+02    2.43278E-01    7.84053E-01
    2.73300E+02    2.35866E-01    7.89886E-01
    2.73400E+02    2.33062E-01    7.92105E-01
    2.73500E+02    2.31857E-01    7.93060E-01
    2.73600E+02    2.31324E-01    7.93482E-01
    2.73700E+02    2.31132E-01    7.93635E-01
    2.73800E+02    2.31213E-01    7.93570E-01
    2.73900E+02    2.31584E-01    7.93276E-01
    2.74000E+02    2.31988E-01    7.92955E-01
    2.74100E+02    2.32709E-01    7.92384E-01
    2.74200E+02    2.34193E-01    7.91209E-01
    2.74300E+02    2.37584E-01    7.88531E-01
    2.74400E+02    2.49154E-01    7.79460E-01
    2.74500E+02    2.79214E-01    7.56378E-01
    2.74600E+02    2.42437E-01    7.84713E-01
    2.74700E+02    2.36416E-01    7.89452E-01
    2.74800E+02    2.34401E-01    7.91045E-01
    2.74900E+02    2.33573E-01    7.91699E-01
    2.75000E+02    2.33255E-01    7.91951E-01
    2.75100E+02    2.33082E-01    7.92089E-01
    2.75200E+02    2.33140E-01    7.92043E-01
    2.75300E+02    2.33073E-01    7.92096E-01
    2.75400E+02    2.33151E-01    7.92034E-01
    2.75500E+02    2.33258E-01    7.91949E-01
    2.75600E+02    2.33397E-01    7.91839E-01
    2.75700E+02    2.33576E-01    7.91697E-01
    2.75800E+02    2.33769E-01    7.91544E-01
    2.75900E+02    2.33993E-01    7.91367E-01
    2.76000E+02    2.34188E-01    7.91213E-01
    2.76100E+02    2.34432E-01    7.91020E-01
    2.76200E+02    2.34703E-01    7.90805E-01
    2.76300E+02    2.35019E-01    7.90556E-01
    2.76400E+02    2.35383E-01    7.90268E-01
    2.76500E+02    2.35855E-01    7.89895E-01
    2.76600E+02    2.36541E-01    7.89353E-01
    2.76700E+02    2.37768E-01    7.88386E-01
    2.76800E+02    2.40851E-01    7.85959E-01
    2.76900E+02    2.58186E-01    7.72452E-01
    2.77000E+02    2.45189E-01    7.82557E-01
    2.77100E+02    2.39711E-01    7.86855E-01
    2.77200E+02    2.38250E-01    7.88005E-01
    2.77300E+02    2.37785E-01    7.88372E-01
    2.77400E+02    2.37696E-01    7.88442E-01
    2.77500E+02    2.37747E-01    7.88402E-01
    2.77600E+02    2.37807E-01    7.88355E-01
    2.77700E+02    2.37937E-01    7.88253E-01
    2.77800E+02    2.38135E-01    7.88096E-01
    2.77900E+02    2.38474E-01    7.87829E-01
    2.78000E+02    2.38591E-01    7.87737E-01
    2.78100E+02    2.38818E-01    7.87558E-01
    2.78200E+02    2.38977E-01    7.87433E-01
    2.78300E+02    2.39254E-01    7.87215E-01
    2.78400E+02    2.39713E-01    7.86854E-01
    2.78500E+02    2.40941E-01    7.85888E-01
    2.78600E+02    2.40294E-01    7.86396E-01
    2.78700E+02    2.40302E-01    7.86391E-01
    2.78800E+02    2.40535E-01    7.86207E-01
    2.78900E+02    2.40861E-01    7.85951E-01
    2.79000E+02    2.41279E-01    7.85623E-01
    2.79100E+02    2.41847E-01    7.85177E-01
    2.79200E+02    2.42792E-01    7.84435E-01
    2.79300E+02    2.45000E-01    7.82705E-01
    2.79400E+02    2.48989E-01    7.79589E-01
    2.79500E+02    2.66993E-01    7.65678E-01
    2.79600E+02    2.47627E-01    7.80651E-01
    2.79700E+02    2.45332E-01    7.82445E-01
    2.79800E+02    2.45944E-01    7.81966E-01
    2.79900E+02    2.55830E-01    7.74273E-01
    2.80000E+02    2.45400E-01    7.82391E-01
    2.80100E+02    2.44292E-01    7.83259E-01
    2.80200E+02    2.44065E-01    7.83436E-01
    2.80300E+02    2.44076E-01    7.83428E-01
    2.80400E+02    2.44188E-01    7.83340E-01
    2.80500E+02    2.44346E-01    7.83217E-01
    2.80600E+02    2.44545E-01    7.83061E-01
    2.80700E+02    2.44786E-01    7.82872E-01
    2.80800E+02    2.45106E-01    7.82622E-01
    2.80900E+02    2.45829E-01    7.82056E-01
    2.81000E+02    2.48507E-01    7.79964E-01
    2.81100E+02    2.46057E-01    7.81878E-01
    2.81200E+02    2.46206E-01    7.81761E-01
    2.81300E+02    2.46239E-01    7.81736E-01
    2.81400E+02    2.46565E-01    7.81481E-01
    2.81500E+02    2.47450E-01    7.80789E-01
    2.81600E+02    2.47169E-01    7.81009E-01
    2.81700E+02    2.47179E-01    7.81001E-01
    2.81800E+02    2.47413E-01    7.80818E-01
    2.81900E+02    2.47800E-01    7.80516E-01
    2.82000E+02    2.48267E-01    7.80152E-01
    2.82100E+02    2.48304E-01    7.80122E-01
    2.82200E+02    2.48574E-01    7.79913E-01
    2.82300E+02    2.48947E-01    7.79621E-01
    2.82400E+02    2.49244E-01    7.79390E-01
    2.82500E+02    2.49767E-01    7.78982E-01
    2.82600E+02    2.50615E-01    7.78322E-01
    2.82700E+02    2.52522E-01    7.76839E-01
    2.82800E+02    2.61310E-01    7.70042E-01
    2.82900E+02    2.57375E-01    7.73078E-01
    2.83000E+02    2.52668E-01    7.76726E-01
    2.83100E+02    2.51706E-01    7.77473E-01
    2.83200E+02    2.51480E-01    7.77649E-01
    2.83300E+02    2.51476E-01    7.77652E-01
    2.83400E+02    2.51630E-01    7.77533E-01
    2.83500E+02    2.51781E-01    7.77415E-01
    2.83600E+02    2.51981E-01    7.77260E-01
    2.83700E+02    2.52213E-01    7.77079E-01
    2.83800E+02    2.52465E-01    7.76883E-01
    2.83900E+02    2.52730E-01    7.76678E-01
    2.84000E+02    2.53027E-01    7.76447E-01
    2.84100E+02    2.53296E-01    7.76238E-01
    2.84200E+02    2.53591E-01    7.76009E-01
    2.84300E+02    2.53941E-01    7.75738E-01
    2.84400E+02    2.54719E-01    7.75134E-01
    2.84500E+02    2.54591E-01    7.75233E-01
    2.84600E+02    2.55018E-01    7.74902E-01
    2.84700E+02    2.55249E-01    7.74724E-01
    2.84800E+02    2.55660E-01    7.74405E-01
    2.84900E+02    2.56055E-01    7.74100E-01
    2.85000E+02    2.56459E-01    7.73787E-01
    2.85100E+02    2.56950E-01    7.73407E-01
    2.85200E+02    2.57517E-01    7.72968E-01
    2.85300E+02    2.58185E-01    7.72452E-01
    2.85400E+02    2.59005E-01    7.71819E-01
    2.85500E+02    2.60063E-01    7.71003E-01
    2.85600E+02    2.61581E-01    7.69834E-01
    2.85700E+02    2.63644E-01    7.68247E-01
    2.85800E+02    2.67280E-01    7.65459E-01
    2.85900E+02    2.74702E-01    7.59799E-01
    2.86000E+02    2.95835E-01    7.43910E-01
    2.86100E+02    3.89330E-01    6.77510E-01
    2.86200E+02    3.43612E-01    7.09204E-01
    2.86300E+02    3.39540E-01    7.12098E-01
    2.86400E+02    2.80928E-01    7.55083E-01
    2.86500E+02    2.70864E-01    7.62720E-01
    2.86600E+02    2.66910E-01    7.65742E-01
    2.86700E+02    2.64982E-01    7.67219E-01
    2.86800E+02    2.63953E-01    7.68010E-01
    2.86900E+02    2.63411E-01    7.68426E-01
    2.87000E+02    2.63200E-01    7.68588E-01
    2.87100E+02    2.62960E-01    7.68773E-01
    2.87200E+02    2.62929E-01    7.68796E-01
    2.87300E+02    2.62994E-01    7.68746E-01
    2.87400E+02    2.63124E-01    7.68646E-01
    2.87500E+02    2.63309E-01    7.68505E-01
    2.87600E+02    2.63535E-01    7.68331E-01
    2.87700E+02    2.63802E-01    7.68126E-01
    2.87800E+02    2.64114E-01    7.67886E-01
    2.87900E+02    2.64474E-01    7.67609E-01
    2.88000E+02    2.64896E-01    7.67286E-01
    2.88100E+02    2.65391E-01    7.66906E-01
    2.88200E+02    2.66002E-01    7.66438E-01
    2.88300E+02    2.66855E-01    7.65784E-01
    2.88400E+02    2.67782E-01    7.65075E-01
    2.88500E+02    2.69199E-01    7.63991E-01
    2.88600E+02    2.71525E-01    7.62217E-01
    2.88700E+02    2.75889E-01    7.58897E-01
    2.88800E+02    2.86314E-01    7.51026E-01
    2.88900E+02    3.27027E-01    7.21065E-01
    2.89000E+02    3.51832E-01    7.03398E-01
    2.89100E+02    2.90993E-01    7.47521E-01
    2.89200E+02    2.78562E-01    7.56871E-01
    2.89300E+02    2.74011E-01    7.60324E-01
    2.89400E+02    2.71943E-01    7.61898E-01
    2.89500E+02    2.70904E-01    7.62689E-01
    2.89600E+02    2.70370E-01    7.63097E-01
    2.89700E+02    2.70126E-01    7.63284E-01
    2.89800E+02    2.70126E-01    7.63283E-01
    2.89900E+02    2.70206E-01    7.63223E-01
    2.90000E+02    2.70309E-01    7.63143E-01
    2.90100E+02    2.70282E-01    7.63164E-01
    2.90200E+02    2.70430E-01    7.63051E-01
    2.90300E+02    2.70635E-01    7.62895E-01
    2.90400E+02    2.70887E-01    7.62703E-01
    2.90500E+02    2.71207E-01    7.62459E-01
    2.90600E+02    2.71539E-01    7.62206E-01
    2.90700E+02    2.71980E-01    7.61870E-01
    2.90800E+02    2.72721E-01    7.61305E-01
    2.90900E+02    2.74810E-01    7.59717E-01
    2.91000E+02    2.79399E-01    7.56238E-01
    2.91100E+02    2.74238E-01    7.60151E-01
    2.91200E+02    2.73698E-01    7.60562E-01
    2.91300E+02    2.73872E-01    7.60429E-01
    2.91400E+02    2.74012E-01    7.60323E-01
    2.91500E+02    2.74152E-01    7.60217E-01
    2.91600E+02    2.74558E-01    7.59908E-01
    2.91700E+02    2.77254E-01    7.57862E-01
    2.91800E+02    2.75131E-01    7.59472E-01
    2.91900E+02    2.75308E-01    7.59338E-01
    2.92000E+02    2.75615E-01    7.59105E-01
    2.92100E+02    2.75979E-01    7.58829E-01
    2.92200E+02    2.76383E-01    7.58522E-01
    2.92300E+02    2.76830E-01    7.58183E-01
    2.92400E+02    2.77358E-01    7.57783E-01
    2.92500E+02    2.78163E-01    7.57174E-01
    2.92600E+02    2.78773E-01    7.56712E-01
    2.92700E+02    2.79545E-01    7.56128E-01
    2.92800E+02    2.80867E-01    7.55129E-01
    2.92900E+02    2.83151E-01    7.53406E-01
    2.93000E+02    2.88125E-01    7.49668E-01
    2.93100E+02    3.05178E-01    7.36992E-01
    2.93200E+02    3.32951E-01    7.16805E-01
    2.93300E+02    2.94321E-01    7.45037E-01
    2.93400E+02    2.88751E-01    7.49199E-01
    2.93500E+02    2.92742E-01    7.46214E-01
    2.93600E+02    2.91299E-01    7.47292E-01
    2.93700E+02    2.84990E-01    7.52021E-01
    2.93800E+02    2.83499E-01    7.53144E-01
    2.93900E+02    2.82976E-01    7.53538E-01
    2.94000E+02    2.82833E-01    7.53646E-01
    2.94100E+02    2.82867E-01    7.53620E-01
    2.94200E+02    2.83007E-01    7.53514E-01
    2.94300E+02    2.83201E-01    7.53368E-01
    2.94400E+02    2.83441E-01    7.53188E-01
    2.94500E+02    2.83718E-01    7.52979E-01
    2.94600E+02    2.84095E-01    7.52695E-01
    2.94700E+02    2.84297E-01    7.52543E-01
    2.94800E+02    2.84621E-01    7.52299E-01
    2.94900E+02    2.84940E-01    7.52060E-01
    2.95000E+02    2.85274E-01    7.51808E-01
    2.95100E+02    2.85612E-01    7.51554E-01
    2.95200E+02    2.85990E-01    7.51270E-01
    2.95300E+02    2.86502E-01    7.50885E-01
    2.95400E+02    2.86867E-01    7.50612E-01
    2.95500E+02    2.87181E-01    7.50376E-01
    2.95600E+02    2.87441E-01    7.50181E-01
    2.95700E+02    2.87818E-01    7.49898E-01
    2.95800E+02    2.88308E-01    7.49531E-01
    2.95900E+02    2.88620E-01    7.49297E-01
    2.96000E+02    2.89092E-01    7.48943E-01
    2.96100E+02    2.89686E-01    7.48498E-01
    2.96200E+02    2.89869E-01    7.48361E-01
    2.96300E+02    2.90298E-01    7.48040E-01
    2.96400E+02    2.91048E-01    7.47480E-01
    2.96500E+02    2.91197E-01    7.47368E-01
    2.96600E+02    2.91647E-01    7.47032E-01
    2.96700E+02    2.92143E-01    7.46662E-01
    2.96800E+02    2.92708E-01    7.46240E-01
    2.96900E+02    2.93238E-01    7.45844E-01
    2.97000E+02    2.93905E-01    7.45347E-01
    2.97100E+02    2.95035E-01    7.44506E-01
    2.97200E+02    2.96899E-01    7.43119E-01
    2.97300E+02    2.95872E-01    7.43883E-01
    2.97400E+02    2.96482E-01    7.43429E-01
    2.97500E+02    2.96923E-01    7.43101E-01
    2.97600E+02    2.97621E-01    7.42583E-01
    2.97700E+02    2.98436E-01    7.41977E-01
    2.97800E+02    2.99361E-01    7.41292E-01
    2.97900E+02    3.00419E-01    7.40508E-01
    2.98000E+02    3.01650E-01    7.39597E-01
    2.98100E+02    3.03142E-01    7.38494E-01
    2.98200E+02    3.05039E-01    7.37094E-01
    2.98300E+02    3.07839E-01    7.35033E-01
    2.98400E+02    3.12411E-01    7.31680E-01
    2.98500E+02    3.16464E-01    7.28721E-01
    2.98600E+02    3.11134E-01    7.32616E-01
    2.98700E+02    3.08105E-01    7.34838E-01
    2.98800E+02    3.07256E-01    7.35462E-01
    2.98900E+02    3.06109E-01    7.36307E-01
    2.99000E+02    3.05579E-01    7.36697E-01
    2.99100E+02    3.05299E-01    7.36903E-01
    2.99200E+02    3.05189E-01    7.36984E-01
    2.99300E+02    3.05267E-01    7.36927E-01
    2.99400E+02    3.05757E-01    7.36566E-01
    2.99500E+02    3.08409E-01    7.34615E-01
    2.99600E+02    3.05913E-01    7.36451E-01
    2.99700E+02    3.06075E-01    7.36331E-01
    2.99800E+02    3.06073E-01    7.36333E-01
    2.99900E+02    3.06373E-01    7.36112E-01
    3.00000E+02    3.06771E-01    7.35819E-01
    3.00100E+02    3.07340E-01    7.35401E-01
    3.00200E+02    3.07897E-01    7.34991E-01
    3.00300E+02    3.08629E-01    7.34453E-01
    3.00400E+02    3.09773E-01    7.33613E-01
    3.00500E+02    3.11910E-01    7.32047E-01
    3.00600E+02    3.18056E-01    7.27562E-01
    3.00700E+02    3.41499E-01    7.10704E-01
    3.00800E+02    3.16661E-01    7.28578E-01
    3.00900E+02    3.13792E-01    7.30671E-01
    3.01000E+02    3.13379E-01    7.30973E-01
    3.01100E+02    3.13718E-01    7.30725E-01
    3.01200E+02    3.14580E-01    7.30095E-01
    3.01300E+02    3.16045E-01    7.29027E-01
    3.01400E+02    3.18378E-01    7.27328E-01
    3.01500E+02    3.22429E-01    7.24388E-01
    3.01600E+02    3.30797E-01    7.18351E-01
    3.01700E+02    3.54591E-01    7.01460E-01
    3.01800E+02    5.20704E-01    5.94102E-01
    3.01900E+02    3.69709E-01    6.90935E-01
    3.02000E+02    3.36429E-01    7.14316E-01
    3.02100E+02    3.26877E-01    7.21172E-01
    3.02200E+02    3.23084E-01    7.23913E-01
    3.02300E+02    3.21430E-01    7.25111E-01
    3.02400E+02    3.20801E-01    7.25568E-01
    3.02500E+02    3.20842E-01    7.25538E-01
    3.02600E+02    3.21236E-01    7.25252E-01
    3.02700E+02    3.22054E-01    7.24659E-01
    3.02800E+02    3.23613E-01    7.23530E-01
    3.02900E+02    3.26640E-01    7.21343E-01
    3.03000E+02    3.33778E-01    7.16213E-01
    3.03100E+02    3.59404E-01    6.98092E-01
    3.03200E+02    3.84774E-01    6.80605E-01
    3.03300E+02    3.38836E-01    7.12600E-01
    3.03400E+02    3.30053E-01    7.18885E-01
    3.03500E+02    3.27202E-01    7.20938E-01
    3.03600E+02    3.26317E-01    7.21577E-01
    3.03700E+02    3.25535E-01    7.22141E-01
    3.03800E+02    3.25459E-01    7.22196E-01
    3.03900E+02    3.25661E-01    7.22050E-01
    3.04000E+02    3.25961E-01    7.21833E-01
    3.04100E+02    3.26374E-01    7.21535E-01
    3.04200E+02    3.26873E-01    7.21176E-01
    3.04300E+02    3.27441E-01    7.20766E-01
    3.04400E+02    3.28081E-01    7.20305E-01
    3.04500E+02    3.28801E-01    7.19786E-01
    3.04600E+02    3.29637E-01    7.19185E-01
    3.04700E+02    3.30691E-01    7.18427E-01
    3.04800E+02    3.32665E-01    7.17011E-01
    3.04900E+02    3.32167E-01    7.17368E-01
    3.05000E+02    3.32038E-01    7.17460E-01
    3.05100E+02    3.32269E-01    7.17295E-01
    3.05200E+02    3.32559E-01    7.17086E-01
    3.05300E+02    3.32951E-01    7.16805E-01
    3.05400E+02    3.33401E-01    7.16483E-01
    3.05500E+02    3.33890E-01    7.16133E-01
    3.05600E+02    3.34413E-01    7.15758E-01
    3.05700E+02    3.34959E-01    7.15367E-01
    3.05800E+02    3.35528E-01    7.14960E-01
    3.05900E+02    3.36132E-01    7.14529E-01
    3.06000E+02    3.36761E-01    7.14080E-01
    3.06100E+02    3.37349E-01    7.13659E-01
    3.06200E+02    3.37984E-01    7.13207E-01
    3.06300E+02    3.38630E-01    7.12746E-01
    3.06400E+02    3.39299E-01    7.12270E-01
    3.06500E+02    3.39960E-01    7.11798E-01
    3.06600E+02    3.40646E-01    7.11310E-01
    3.06700E+02    3.41347E-01    7.10812E-01
    3.06800E+02    3.42068E-01    7.10300E-01
    3.06900E+02    3.42873E-01    7.09728E-01
    3.07000E+02    3.43554E-01    7.09245E-01
    3.07100E+02    3.44263E-01    7.08742E-01
    3.07200E+02    3.45027E-01    7.08201E-01
    3.07300E+02    3.46034E-01    7.07488E-01
    3.07400E+02    3.46899E-01    7.06877E-01
    3.07500E+02    3.47866E-01    7.06194E-01
    3.07600E+02    3.48451E-01    7.05780E-01
    3.07700E+02    3.49205E-01    7.05248E-01
    3.07800E+02    3.50014E-01    7.04678E-01
    3.07900E+02    3.50850E-01    7.04089E-01
    3.08000E+02    3.51694E-01    7.03495E-01
    3.08100E+02    3.52559E-01    7.02887E-01
    3.08200E+02    3.53449E-01    7.02262E-01
    3.08300E+02    3.54366E-01    7.01618E-01
    3.08400E+02    3.55343E-01    7.00933E-01
    3.08500E+02    3.56589E-01    7.00060E-01
    3.08600E+02    3.57943E-01    6.99113E-01
    3.08700E+02    3.58250E-01    6.98898E-01
    3.08800E+02    3.59249E-01    6.98200E-01
    3.08900E+02    3.60278E-01    6.97483E-01
    3.09000E+02    3.61094E-01    6.96914E-01
    3.09100E+02    3.62103E-01    6.96211E-01
    3.09200E+02    3.63207E-01    6.95443E-01
    3.09300E+02    3.64322E-01    6.94667E-01
    3.09400E+02    3.65591E-01    6.93787E-01
    3.09500E+02    3.66577E-01    6.93103E-01
    3.09600E+02    3.67825E-01    6.92238E-01
    3.09700E+02    3.69249E-01    6.91253E-01
    3.09800E+02    3.71049E-01    6.90010E-01
    3.09900E+02    3.73749E-01    6.88150E-01
    3.10000E+02    3.81077E-01    6.83126E-01
    3.10100E+02    3.87790E-01    6.78555E-01
    3.10200E+02    3.78091E-01    6.85168E-01
    3.10300E+02    3.77243E-01    6.85749E-01
    3.10400E+02    3.77563E-01    6.85530E-01
    3.10500E+02    3.78382E-01    6.84969E-01
    3.10600E+02    3.79364E-01    6.84297E-01
    3.10700E+02    3.80440E-01    6.83561E-01
    3.10800E+02    3.81573E-01    6.82787E-01
    3.10900E+02    3.82746E-01    6.81986E-01
    3.11000E+02    3.83962E-01    6.81158E-01
    3.11100E+02    3.85265E-01    6.80271E-01
    3.11200E+02    3.86496E-01    6.79433E-01
    3.11300E+02    3.87751E-01    6.78581E-01
    3.11400E+02    3.89065E-01    6.77690E-01
    3.11500E+02    3.90429E-01    6.76766E-01
    3.11600E+02    3.91906E-01    6.75767E-01
    3.11700E+02    3.93315E-01    6.74816E-01
    3.11800E+02    3.94697E-01    6.73884E-01
    3.11900E+02    3.96145E-01    6.72909E-01
    3.12000E+02    3.97664E-01    6.71888E-01
    3.12100E+02    3.99226E-01    6.70839E-01
    3.12200E+02    4.00827E-01    6.69766E-01
    3.12300E+02    4.02474E-01    6.68664E-01
    3.12400E+02    4.04166E-01    6.67533E-01
    3.12500E+02    4.05953E-01    6.66342E-01
    3.12600E+02    4.07745E-01    6.65148E-01
    3.12700E+02    4.09479E-01    6.63996E-01
    3.12800E+02    4.11337E-01    6.62764E-01
    3.12900E+02    4.13510E-01    6.61325E-01
    3.13000E+02    4.15178E-01    6.60223E-01
    3.13100E+02    4.17126E-01    6.58938E-01
    3.13200E+02    4.19075E-01    6.57655E-01
    3.13300E+02    4.21124E-01    6.56309E-01
    3.13400E+02    4.23239E-01    6.54922E-01
    3.13500E+02    4.25443E-01    6.53480E-01
    3.13600E+02    4.27822E-01    6.51927E-01
    3.13700E+02    4.29737E-01    6.50680E-01
    3.13800E+02    4.31952E-01    6.49240E-01
    3.13900E+02    4.34274E-01    6.47735E-01
    3.14000E+02    4.37176E-01    6.45858E-01
    3.14100E+02    4.38846E-01    6.44780E-01
    3.14200E+02    4.41166E-01    6.43286E-01
    3.14300E+02    4.43592E-01    6.41727E-01
    3.14400E+02    4.46097E-01    6.40122E-01
    3.14500E+02    4.48679E-01    6.38471E-01
    3.14600E+02    4.51349E-01    6.36769E-01
    3.14700E+02    4.54111E-01    6.35012E-01
    3.14800E+02    4.56979E-01    6.33194E-01
    3.14900E+02    4.59964E-01    6.31307E-01
    3.15000E+02    4.63089E-01    6.29337E-01
    3.15100E+02    4.66408E-01    6.27251E-01
    3.15200E+02    4.69858E-01    6.25091E-01
    3.15300E+02    4.73598E-01    6.22758E-01
    3.15400E+02    4.77744E-01    6.20181E-01
    3.15500E+02    4.82563E-01    6.17199E-01
    3.15600E+02    4.88732E-01    6.13404E-01
    3.15700E+02    4.98501E-01    6.07441E-01
    3.15800E+02    5.24101E-01    5.92087E-01
    3.15900E+02    5.77378E-01    5.61368E-01
    3.16000E+02    5.20793E-01    5.94049E-01
    3.16100E+02    5.19232E-01    5.94978E-01
    3.16200E+02    5.32543E-01    5.87110E-01
    3.16300E+02    6.05318E-01    5.45901E-01
    3.16400E+02    5.59109E-01    5.71718E-01
    3.16500E+02    5.36292E-01    5.84913E-01
    3.16600E+02    5.35118E-01    5.85600E-01
    3.16700E+02    5.44332E-01    5.80229E-01
    3.16800E+02    5.38853E-01    5.83417E-01
    3.16900E+02    5.42082E-01    5.81536E-01
    3.17000E+02    5.47120E-01    5.78614E-01
    3.17100E+02    5.54450E-01    5.74388E-01
    3.17200E+02    5.77057E-01    5.61549E-01
    3.17300E+02    5.64991E-01    5.68365E-01
    3.17400E+02    5.68818E-01    5.66194E-01
    3.17500E+02    5.74363E-01    5.63064E-01
    3.17600E+02    5.80598E-01    5.59564E-01
    3.17700E+02    5.87295E-01    5.55829E-01
    3.17800E+02    5.94345E-01    5.51924E-01
    3.17900E+02    6.01727E-01    5.47865E-01
    3.18000E+02    6.09472E-01    5.43638E-01
    3.18100E+02    6.17642E-01    5.39214E-01
    3.18200E+02    6.26090E-01    5.34678E-01
    3.18300E+02    6.34987E-01    5.29943E-01
    3.18400E+02    6.44310E-01    5.25025E-01
    3.18500E+02    6.54124E-01    5.19897E-01
    3.18600E+02    6.64298E-01    5.14634E-01
    3.18700E+02    6.75052E-01    5.09130E-01
    3.18800E+02    6.86347E-01    5.03411E-01
    3.18900E+02    6.98235E-01    4.97462E-01
    3.19000E+02    7.10740E-01    4.91281E-01
    3.19100E+02    7.23936E-01    4.84840E-01
    3.19200E+02    7.37985E-01    4.78077E-01
    3.19300E+02    7.52745E-01    4.71072E-01
    3.19400E+02    7.68558E-01    4.63681E-01
    3.19500E+02    7.85214E-01    4.56022E-01
    3.19600E+02    8.03377E-01    4.47814E-01
    3.19700E+02    8.23613E-01    4.38843E-01
    3.19800E+02    8.47762E-01    4.28373E-01
    3.19900E+02    8.84384E-01    4.12969E-01
    3.20000E+02    1.04194E+00    3.52770E-01
    3.20100E+02    9.26241E-01    3.96040E-01
    3.20200E+02    9.35072E-01    3.92558E-01
    3.20300E+02    9.55439E-01    3.84643E-01
    3.20400E+02    9.79852E-01    3.75367E-01
    3.20500E+02    1.00650E+00    3.65494E-01
    3.20600E+02    1.03505E+00    3.55207E-01
    3.20700E+02    1.06503E+00    3.44719E-01
    3.20800E+02    1.09633E+00    3.34095E-01
    3.20900E+02    1.12869E+00    3.23457E-01
    3.21000E+02    1.16193E+00    3.12883E-01
    3.21100E+02    1.19589E+00    3.02435E-01
    3.21200E+02    1.23021E+00    2.92232E-01
    3.21300E+02    1.26499E+00    2.82243E-01
    3.21400E+02    1.30066E+00    2.72353E-01
    3.21500E+02    1.33773E+00    2.62440E-01
    3.21600E+02    1.37648E+00    2.52467E-01
    3.21700E+02    1.41766E+00    2.42279E-01
    3.21800E+02    1.46175E+00    2.31830E-01
    3.21900E+02    1.50939E+00    2.21045E-01
    3.22000E+02    1.56327E+00    2.09451E-01
    3.22100E+02    1.61674E+00    1.98545E-01
    3.22200E+02    1.67631E+00    1.87062E-01
    3.22300E+02    1.74115E+00    1.75318E-01
    3.22400E+02    1.81183E+00    1.63355E-01
    3.22500E+02    1.88860E+00    1.51284E-01
    3.22600E+02    1.97191E+00    1.39191E-01
    3.22700E+02    2.06255E+00    1.27129E-01
    3.22800E+02    2.16057E+00    1.15260E-01
    3.22900E+02    2.26725E+00    1.03596E-01
    3.23000E+02    2.38313E+00    9.22615E-02
    3.23100E+02    2.50897E+00    8.13523E-02
    3.23200E+02    2.64560E+00    7.09628E-02
    3.23300E+02    2.79382E+00    6.11873E-02
    3.23400E+02    2.95453E+00    5.21030E-02
    3.23500E+02    3.12862E+00    4.37781E-02
    3.23600E+02    3.31700E+00    3.62614E-02
    3.23700E+02    3.52537E+00    2.94408E-02
    3.23800E+02    3.73788E+00    2.38045E-02
    3.23900E+02    3.97089E+00    1.88567E-02
    3.24000E+02    4.21951E+00    1.47058E-02
    3.24100E+02    4.48292E+00    1.13003E-02
    3.24200E+02    4.76019E+00    8.56397E-03
    3.24300E+02    5.04826E+00    6.42052E-03
    3.24400E+02    5.34419E+00    4.77580E-03
    3.24500E+02    5.64297E+00    3.54234E-03
    3.24600E+02    5.93819E+00    2.63679E-03
    3.24700E+02    6.22120E+00    1.98686E-03
    3.24800E+02    6.48126E+00    1.53188E-03
    3.24900E+02    6.70601E+00    1.22354E-03
    3.25000E+02    6.88017E+00    1.02797E-03
    3.25100E+02    6.98654E+00    9.24240E-04
    3.25200E+02    6.99368E+00    9.17664E-04
    3.25300E+02    6.89920E+00    1.00860E-03
    3.25400E+02    6.73574E+00    1.18770E-03
    3.25500E+02    6.51985E+00    1.47388E-03
    3.25600E+02    6.26730E+00    1.89735E-03
    3.25700E+02    5.98998E+00    2.50371E-03
    3.25800E+02    5.69958E+00    3.34737E-03
    3.25900E+02    5.40421E+00    4.49759E-03
    3.26000E+02    5.11082E+00    6.03116E-03
    3.26100E+02    4.82426E+00    8.03246E-03
    3.26200E+02    4.54804E+00    1.05880E-02
    3.26300E+02    4.28516E+00    1.37715E-02
    3.26400E+02    4.03789E+00    1.76346E-02
    3.26500E+02    3.80708E+00    2.22130E-02
    3.26600E+02    3.58914E+00    2.76221E-02
    3.26700E+02    3.39385E+00    3.35790E-02
    3.26800E+02    3.23363E+00    3.94142E-02
    3.26900E+02    3.32814E+00    3.58596E-02
    3.27000E+02    2.89457E+00    5.53227E-02
    3.27100E+02    2.71245E+00    6.63739E-02
    3.27200E+02    2.56274E+00    7.70932E-02
    3.27300E+02    2.42915E+00    8.81119E-02
    3.27400E+02    2.30749E+00    9.95109E-02
    3.27500E+02    2.19600E+00    1.11247E-01
    3.27600E+02    2.09390E+00    1.23205E-01
    3.27700E+02    2.00211E+00    1.35051E-01
    3.27800E+02    1.92658E+00    1.45646E-01
    3.27900E+02    1.84170E+00    1.58547E-01
    3.28000E+02    1.75521E+00    1.72870E-01
    3.28100E+02    1.68228E+00    1.85949E-01
    3.28200E+02    1.61595E+00    1.98701E-01
    3.28300E+02    1.55464E+00    2.11265E-01
    3.28400E+02    1.49772E+00    2.23640E-01
    3.28500E+02    1.44484E+00    2.35785E-01
    3.28600E+02    1.39537E+00    2.47743E-01
    3.28700E+02    1.34920E+00    2.59447E-01
    3.28800E+02    1.30612E+00    2.70870E-01
    3.28900E+02    1.26576E+00    2.82026E-01
    3.29000E+02    1.22798E+00    2.92883E-01
    3.29100E+02    1.19261E+00    3.03428E-01
    3.29200E+02    1.15928E+00    3.13713E-01
    3.29300E+02    1.12811E+00    3.23646E-01
    3.29400E+02    1.09854E+00    3.33358E-01
    3.29500E+02    1.07084E+00    3.42721E-01
    3.29600E+02    1.04486E+00    3.51741E-01
    3.29700E+02    1.02030E+00    3.60486E-01
    3.29800E+02    9.97934E-01    3.68640E-01
    3.29900E+02    9.74981E-01    3.77200E-01
    3.30000E+02    9.54079E-01    3.85167E-01
    3.30100E+02    9.34404E-01    3.92820E-01
    3.30200E+02    9.15798E-01    4.00197E-01
    3.30300E+02    8.98159E-01    4.07319E-01
    3.30400E+02    8.81454E-01    4.14180E-01
    3.30500E+02    8.65568E-01    4.20812E-01
    3.30600E+02    8.50530E-01    4.27188E-01
    3.30700E+02    8.36237E-01    4.33338E-01
    3.30800E+02    8.22620E-01    4.39279E-01
    3.30900E+02    8.09704E-01    4.44990E-01
    3.31000E+02    7.97456E-01    4.50474E-01
    3.31100E+02    7.85756E-01    4.55775E-01
    3.31200E+02    7.74588E-01    4.60894E-01
    3.31300E+02    7.63984E-01    4.65807E-01
    3.31400E+02    7.53893E-01    4.70531E-01
    3.31500E+02    7.44327E-01    4.75054E-01
    3.31600E+02    7.35229E-01    4.79396E-01
    3.31700E+02    7.26652E-01    4.83525E-01
    3.31800E+02    7.19175E-01    4.87154E-01
    3.31900E+02    7.10681E-01    4.91309E-01
    3.32000E+02    7.03360E-01    4.94920E-01
    3.32100E+02    6.96813E-01    4.98170E-01
    3.32200E+02    6.90670E-01    5.01240E-01
    3.32300E+02    6.85677E-01    5.03749E-01
    3.32400E+02    6.82508E-01    5.05348E-01
    3.32500E+02    6.83490E-01    5.04852E-01
    3.32600E+02    6.98617E-01    4.97273E-01
    3.32700E+02    8.65005E-01    4.21049E-01
    3.32800E+02    7.06275E-01    4.93479E-01
    3.32900E+02    7.15163E-01    4.89112E-01
    3.33000E+02    6.59781E-01    5.16964E-01
    3.33100E+02    6.44888E-01    5.24721E-01
    3.33200E+02    6.36085E-01    5.29361E-01
    3.33300E+02    6.29416E-01    5.32903E-01
    3.33400E+02    6.23822E-01    5.35892E-01
    3.33500E+02    6.18795E-01    5.38593E-01
    3.33600E+02    6.14246E-01    5.41049E-01
    3.33700E+02    6.09989E-01    5.43357E-01
    3.33800E+02    6.06032E-01    5.45511E-01
    3.33900E+02    6.02356E-01    5.47520E-01
    3.34000E+02    5.98840E-01    5.49448E-01
    3.34100E+02    5.95256E-01    5.51421E-01
    3.34200E+02    5.91967E-01    5.53238E-01
    3.34300E+02    5.88887E-01    5.54945E-01
    3.34400E+02    5.85905E-01    5.56602E-01
    3.34500E+02    5.83110E-01    5.58160E-01
    3.34600E+02    5.80448E-01    5.59648E-01
    3.34700E+02    5.77958E-01    5.61043E-01
    3.34800E+02    5.75613E-01    5.62360E-01
    3.34900E+02    5.73549E-01    5.63522E-01
    3.35000E+02    5.71935E-01    5.64432E-01
    3.35100E+02    5.71494E-01    5.64681E-01
    3.35200E+02    5.75869E-01    5.62216E-01
    3.35300E+02    5.84924E-01    5.57148E-01
    3.35400E+02    5.66694E-01    5.67398E-01
    3.35500E+02    5.61888E-01    5.70132E-01
    3.35600E+02    5.59054E-01    5.71750E-01
    3.35700E+02    5.57109E-01    5.72863E-01
    3.35800E+02    5.54546E-01    5.74333E-01
    3.35900E+02    5.53022E-01    5.75209E-01
    3.36000E+02    5.50744E-01    5.76521E-01
    3.36100E+02    5.48956E-01    5.77553E-01
    3.36200E+02    5.47676E-01    5.78292E-01
    3.36300E+02    5.45660E-01    5.79459E-01
    3.36400E+02    5.44080E-01    5.80376E-01
    3.36500E+02    5.42589E-01    5.81241E-01
    3.36600E+02    5.41179E-01    5.82062E-01
    3.36700E+02    5.39813E-01    5.82857E-01
    3.36800E+02    5.38517E-01    5.83613E-01
    3.36900E+02    5.37292E-01    5.84329E-01
    3.37000E+02    5.36099E-01    5.85026E-01
    3.37100E+02    5.35094E-01    5.85614E-01
    3.37200E+02    5.34002E-01    5.86254E-01
    3.37300E+02    5.32922E-01    5.86888E-01
    3.37400E+02    5.31923E-01    5.87474E-01
    3.37500E+02    5.31106E-01    5.87955E-01
    3.37600E+02    5.30526E-01    5.88295E-01
    3.37700E+02    5.29404E-01    5.88956E-01
    3.37800E+02    5.28336E-01    5.89586E-01
    3.37900E+02    5.27480E-01    5.90090E-01
    3.38000E+02    5.26701E-01    5.90550E-01
    3.38100E+02    5.25995E-01    5.90967E-01
    3.38200E+02    5.25306E-01    5.91375E-01
    3.38300E+02    5.24736E-01    5.91712E-01
    3.38400E+02    5.24120E-01    5.92076E-01
    3.38500E+02    5.23541E-01    5.92419E-01
    3.38600E+02    5.23152E-01    5.92650E-01
    3.38700E+02    5.24002E-01    5.92146E-01
    3.38800E+02    5.22361E-01    5.93119E-01
    3.38900E+02    5.21577E-01    5.93584E-01
    3.39000E+02    5.21012E-01    5.93919E-01
    3.39100E+02    5.20554E-01    5.94191E-01
    3.39200E+02    5.20149E-01    5.94432E-01
    3.39300E+02    5.19776E-01    5.94654E-01
    3.39400E+02    5.19435E-01    5.94856E-01
    3.39500E+02    5.19120E-01    5.95044E-01
    3.39600E+02    5.18833E-01    5.95215E-01
    3.39700E+02    5.18570E-01    5.95371E-01
    3.39800E+02    5.18347E-01    5.95504E-01
    3.39900E+02    5.18156E-01    5.95618E-01
    3.40000E+02    5.17929E-01    5.95753E-01
    3.40100E+02    5.17751E-01    5.95859E-01
    3.40200E+02    5.17602E-01    5.95948E-01
    3.40300E+02    5.17473E-01    5.96025E-01
    3.40400E+02    5.17371E-01    5.96086E-01
    3.40500E+02    5.17303E-01    5.96126E-01
    3.40600E+02    5.17334E-01    5.96108E-01
    3.40700E+02    5.17599E-01    5.95950E-01
    3.40800E+02    5.17185E-01    5.96196E-01
    3.40900E+02    5.17127E-01    5.96231E-01
    3.41000E+02    5.17118E-01    5.96237E-01
    3.41100E+02    5.17136E-01    5.96225E-01
    3.41200E+02    5.17178E-01    5.96201E-01
    3.41300E+02    5.17240E-01    5.96164E-01
    3.41400E+02    5.17321E-01    5.96115E-01
    3.41500E+02    5.17425E-01    5.96053E-01
    3.41600E+02    5.17548E-01    5.95980E-01
    3.41700E+02    5.17698E-01    5.95891E-01
    3.41800E+02    5.17903E-01    5.95769E-01
    3.41900E+02    5.18286E-01    5.95540E-01
    3.42000E+02    5.18337E-01    5.95510E-01
    3.42100E+02    5.19029E-01    5.95098E-01
    3.42200E+02    5.18796E-01    5.95237E-01
    3.42300E+02    5.19060E-01    5.95080E-01
    3.42400E+02    5.19385E-01    5.94886E-01
    3.42500E+02    5.19805E-01    5.94636E-01
    3.42600E+02    5.20212E-01    5.94394E-01
    3.42700E+02    5.20795E-01    5.94048E-01
    3.42800E+02    5.21608E-01    5.93565E-01
    3.42900E+02    5.22835E-01    5.92837E-01
    3.43000E+02    5.25212E-01    5.91430E-01
    3.43100E+02    5.31845E-01    5.87520E-01
    3.43200E+02    5.59144E-01    5.71698E-01
    3.43300E+02    5.40606E-01    5.82395E-01
    3.43400E+02    5.30655E-01    5.88220E-01
    3.43500E+02    5.40602E-01    5.82398E-01
    3.43600E+02    5.27461E-01    5.90102E-01
    3.43700E+02    5.25421E-01    5.91306E-01
    3.43800E+02    5.24896E-01    5.91617E-01
    3.43900E+02    5.24851E-01    5.91644E-01
    3.44000E+02    5.24957E-01    5.91581E-01
    3.44100E+02    5.25192E-01    5.91442E-01
    3.44200E+02    5.25496E-01    5.91262E-01
    3.44300E+02    5.25848E-01    5.91054E-01
    3.44400E+02    5.26243E-01    5.90821E-01
    3.44500E+02    5.26671E-01    5.90568E-01
    3.44600E+02    5.27149E-01    5.90285E-01
    3.44700E+02    5.27614E-01    5.90011E-01
    3.44800E+02    5.28153E-01    5.89693E-01
    3.44900E+02    5.28667E-01    5.89390E-01
    3.45000E+02    5.29118E-01    5.89124E-01
    3.45100E+02    5.29636E-01    5.88819E-01
    3.45200E+02    5.30182E-01    5.88498E-01
    3.45300E+02    5.30738E-01    5.88171E-01
    3.45400E+02    5.31314E-01    5.87832E-01
    3.45500E+02    5.31901E-01    5.87487E-01
    3.45600E+02    5.32505E-01    5.87133E-01
    3.45700E+02    5.33118E-01    5.86773E-01
    3.45800E+02    5.33743E-01    5.86406E-01
    3.45900E+02    5.34386E-01    5.86029E-01
    3.46000E+02    5.35036E-01    5.85648E-01
    3.46100E+02    5.35712E-01    5.85253E-01
    3.46200E+02    5.36391E-01    5.84855E-01
    3.46300E+02    5.37059E-01    5.84465E-01
    3.46400E+02    5.37771E-01    5.84048E-01
    3.46500E+02    5.38456E-01    5.83649E-01
    3.46600E+02    5.39209E-01    5.83210E-01
    3.46700E+02    5.39928E-01    5.82790E-01
    3.46800E+02    5.40716E-01    5.82331E-01
    3.46900E+02    5.41535E-01    5.81854E-01
    3.47000E+02    5.42227E-01    5.81452E-01
    3.47100E+02    5.43035E-01    5.80982E-01
    3.47200E+02    5.44055E-01    5.80390E-01
    3.47300E+02    5.44684E-01    5.80025E-01
    3.47400E+02    5.45392E-01    5.79614E-01
    3.47500E+02    5.46186E-01    5.79154E-01
    3.47600E+02    5.47037E-01    5.78662E-01
    3.47700E+02    5.47932E-01    5.78144E-01
    3.47800E+02    5.49171E-01    5.77429E-01
    3.47900E+02    5.49671E-01    5.77140E-01
    3.48000E+02    5.50594E-01    5.76607E-01
    3.48100E+02    5.51398E-01    5.76144E-01
    3.48200E+02    5.52293E-01    5.75628E-01
    3.48300E+02    5.53189E-01    5.75113E-01
    3.48400E+02    5.54131E-01    5.74572E-01
    3.48500E+02    5.55095E-01    5.74018E-01
    3.48600E+02    5.56141E-01    5.73417E-01
    3.48700E+02    5.56998E-01    5.72926E-01
    3.48800E+02    5.57996E-01    5.72355E-01
    3.48900E+02    5.58989E-01    5.71787E-01
    3.49000E+02    5.60273E-01    5.71053E-01
    3.49100E+02    5.61029E-01    5.70622E-01
    3.49200E+02    5.62071E-01    5.70027E-01
    3.49300E+02    5.63156E-01    5.69409E-01
    3.49400E+02    5.64331E-01    5.68741E-01
    3.49500E+02    5.65723E-01    5.67949E-01
    3.49600E+02    5.67177E-01    5.67124E-01
    3.49700E+02    5.70013E-01    5.65518E-01
    3.49800E+02    5.70654E-01    5.65156E-01
    3.49900E+02    5.70298E-01    5.65357E-01
