    1.49900E+02    6.16685E-02    9.40195E-01
    1.50000E+02    6.17906E-02    9.40080E-01
    1.50100E+02    6.19096E-02    9.39968E-01
    1.50200E+02    6.19780E-02    9.39904E-01
    1.50300E+02    6.20930E-02    9.39795E-01
    1.50400E+02    6.21808E-02    9.39713E-01
    1.50500E+02    6.22852E-02    9.39615E-01
    1.50600E+02    6.23939E-02    9.39513E-01
    1.50700E+02    6.25070E-02    9.39406E-01
    1.50800E+02    6.26194E-02    9.39301E-01
    1.50900E+02    6.27334E-02    9.39194E-01
    1.51000E+02    6.28482E-02    9.39086E-01
    1.51100E+02    6.29685E-02    9.38973E-01
    1.51200E+02    6.30831E-02    9.38865E-01
    1.51300E+02    6.32026E-02    9.38753E-01
    1.51400E+02    6.33203E-02    9.38643E-01
    1.51500E+02    6.34385E-02    9.38532E-01
    1.51600E+02    6.35597E-02    9.38418E-01
    1.51700E+02    6.36775E-02    9.38308E-01
    1.51800E+02    6.37956E-02    9.38197E-01
    1.51900E+02    6.39170E-02    9.38083E-01
    1.52000E+02    6.40364E-02    9.37971E-01
    1.52100E+02    6.41591E-02    9.37856E-01
    1.52200E+02    6.42754E-02    9.37747E-01
    1.52300E+02    6.44007E-02    9.37629E-01
    1.52400E+02    6.45257E-02    9.37512E-01
    1.52500E+02    6.46567E-02    9.37389E-01
    1.52600E+02    6.47837E-02    9.37270E-01
    1.52700E+02    6.49172E-02    9.37145E-01
    1.52800E+02    6.50522E-02    9.37019E-01
    1.52900E+02    6.51942E-02    9.36885E-01
    1.53000E+02    6.53446E-02    9.36745E-01
    1.53100E+02    6.54984E-02    9.36601E-01
    1.53200E+02    6.56565E-02    9.36453E-01
    1.53300E+02    6.58341E-02    9.36286E-01
    1.53400E+02    6.60401E-02    9.36093E-01
    1.53500E+02    6.63041E-02    9.35846E-01
    1.53600E+02    6.66890E-02    9.35486E-01
    1.53700E+02    6.78839E-02    9.34369E-01
    1.53800E+02    6.79534E-02    9.34304E-01
    1.53900E+02    6.98389E-02    9.32544E-01
    1.54000E+02    7.37126E-02    9.28939E-01
    1.54100E+02    7.18850E-02    9.30638E-01
    1.54200E+02    6.86282E-02    9.33674E-01
    1.54300E+02    6.79132E-02    9.34342E-01
    1.54400E+02    6.76882E-02    9.34552E-01
    1.54500E+02    6.76475E-02    9.34590E-01
    1.54600E+02    6.76896E-02    9.34550E-01
    1.54700E+02    6.78034E-02    9.34444E-01
    1.54800E+02    6.79075E-02    9.34347E-01
    1.54900E+02    6.80220E-02    9.34240E-01
    1.55000E+02    6.81524E-02    9.34118E-01
    1.55100E+02    6.82870E-02    9.33992E-01
    1.55200E+02    6.84273E-02    9.33861E-01
    1.55300E+02    6.85699E-02    9.33728E-01
    1.55400E+02    6.87196E-02    9.33588E-01
    1.55500E+02    6.88741E-02    9.33444E-01
    1.55600E+02    6.90332E-02    9.33296E-01
    1.55700E+02    6.92012E-02    9.33139E-01
    1.55800E+02    6.93816E-02    9.32971E-01
    1.55900E+02    6.96093E-02    9.32758E-01
    1.56000E+02    6.99231E-02    9.32465E-01
    1.56100E+02    7.16861E-02    9.30823E-01
    1.56200E+02    7.02895E-02    9.32124E-01
    1.56300E+02    7.02565E-02    9.32155E-01
    1.56400E+02    7.03840E-02    9.32036E-01
    1.56500E+02    7.06432E-02    9.31794E-01
    1.56600E+02    7.06861E-02    9.31754E-01
    1.56700E+02    7.08454E-02    9.31606E-01
    1.56800E+02    7.09978E-02    9.31464E-01
    1.56900E+02    7.11649E-02    9.31308E-01
    1.57000E+02    7.13537E-02    9.31133E-01
    1.57100E+02    7.15217E-02    9.30976E-01
    1.57200E+02    7.17212E-02    9.30790E-01
    1.57300E+02    7.19748E-02    9.30554E-01
    1.57400E+02    7.20685E-02    9.30467E-01
    1.57500E+02    7.22396E-02    9.30308E-01
    1.57600E+02    7.24222E-02    9.30138E-01
    1.57700E+02    7.26092E-02    9.29964E-01
    1.57800E+02    7.27973E-02    9.29789E-01
    1.57900E+02    7.29890E-02    9.29611E-01
    1.58000E+02    7.31838E-02    9.29430E-01
    1.58100E+02    7.33820E-02    9.29246E-01
    1.58200E+02    7.35798E-02    9.29062E-01
    1.58300E+02    7.37864E-02    9.28870E-01
    1.58400E+02    7.40003E-02    9.28671E-01
    1.58500E+02    7.42946E-02    9.28398E-01
    1.58600E+02    7.44682E-02    9.28237E-01
    1.58700E+02    7.46077E-02    9.28108E-01
    1.58800E+02    7.48097E-02    9.27920E-01
    1.58900E+02    7.50156E-02    9.27729E-01
    1.59000E+02    7.52266E-02    9.27533E-01
    1.59100E+02    7.54517E-02    9.27325E-01
    1.59200E+02    7.56796E-02    9.27113E-01
    1.59300E+02    7.58901E-02    9.26918E-01
    1.59400E+02    7.61041E-02    9.26720E-01
    1.59500E+02    7.63494E-02    9.26492E-01
    1.59600E+02    7.65587E-02    9.26299E-01
    1.59700E+02    7.67722E-02    9.26101E-01
    1.59800E+02    7.70060E-02    9.25884E-01
    1.59900E+02    7.72518E-02    9.25657E-01
    1.60000E+02    7.74838E-02    9.25442E-01
    1.60100E+02    7.77130E-02    9.25230E-01
    1.60200E+02    7.79530E-02    9.25008E-01
    1.60300E+02    7.81870E-02    9.24792E-01
    1.60400E+02    7.84462E-02    9.24552E-01
    1.60500E+02    7.86854E-02    9.24331E-01
    1.60600E+02    7.89298E-02    9.24105E-01
    1.60700E+02    7.91832E-02    9.23871E-01
    1.60800E+02    7.94356E-02    9.23638E-01
    1.60900E+02    7.96934E-02    9.23399E-01
    1.61000E+02    7.99571E-02    9.23156E-01
    1.61100E+02    8.02242E-02    9.22909E-01
    1.61200E+02    8.04970E-02    9.22658E-01
    1.61300E+02    8.07751E-02    9.22401E-01
    1.61400E+02    8.10369E-02    9.22160E-01
    1.61500E+02    8.13117E-02    9.21906E-01
    1.61600E+02    8.15904E-02    9.21649E-01
    1.61700E+02    8.18774E-02    9.21385E-01
    1.61800E+02    8.21625E-02    9.21122E-01
    1.61900E+02    8.24560E-02    9.20852E-01
    1.62000E+02    8.27492E-02    9.20582E-01
    1.62100E+02    8.30477E-02    9.20307E-01
    1.62200E+02    8.33500E-02    9.20029E-01
    1.62300E+02    8.36632E-02    9.19741E-01
    1.62400E+02    8.39653E-02    9.19463E-01
    1.62500E+02    8.42803E-02    9.19174E-01
    1.62600E+02    8.45996E-02    9.18880E-01
    1.62700E+02    8.49212E-02    9.18585E-01
    1.62800E+02    8.52501E-02    9.18283E-01
    1.62900E+02    8.55835E-02    9.17976E-01
    1.63000E+02    8.59254E-02    9.17663E-01
    1.63100E+02    8.62778E-02    9.17339E-01
    1.63200E+02    8.66656E-02    9.16984E-01
    1.63300E+02    8.70351E-02    9.16645E-01
    1.63400E+02    8.73433E-02    9.16362E-01
    1.63500E+02    8.77017E-02    9.16034E-01
    1.63600E+02    8.80776E-02    9.15690E-01
    1.63700E+02    8.84565E-02    9.15343E-01
    1.63800E+02    8.88497E-02    9.14983E-01
    1.63900E+02    8.92558E-02    9.14612E-01
    1.64000E+02    8.96792E-02    9.14224E-01
    1.64100E+02    9.01099E-02    9.13831E-01
    1.64200E+02    9.05707E-02    9.13410E-01
    1.64300E+02    9.10637E-02    9.12960E-01
    1.64400E+02    9.16054E-02    9.12465E-01
    1.64500E+02    9.22285E-02    9.11897E-01
    1.64600E+02    9.30085E-02    9.11186E-01
    1.64700E+02    9.41731E-02    9.10125E-01
    1.64800E+02    9.63725E-02    9.08126E-01
    1.64900E+02    1.03308E-01    9.01849E-01
    1.65000E+02    1.04336E-01    9.00923E-01
    1.65100E+02    9.79453E-02    9.06698E-01
    1.65200E+02    9.70574E-02    9.07504E-01
    1.65300E+02    9.73146E-02    9.07271E-01
    1.65400E+02    9.81736E-02    9.06492E-01
    1.65500E+02    9.98553E-02    9.04968E-01
    1.65600E+02    1.03455E-01    9.01717E-01
    1.65700E+02    1.14831E-01    8.91517E-01
    1.65800E+02    1.57509E-01    8.54269E-01
    1.65900E+02    1.10462E-01    8.95421E-01
    1.66000E+02    1.03870E-01    9.01343E-01
    1.66100E+02    1.01956E-01    9.03070E-01
    1.66200E+02    1.01623E-01    9.03370E-01
    1.66300E+02    1.01216E-01    9.03738E-01
    1.66400E+02    1.01317E-01    9.03647E-01
    1.66500E+02    1.01618E-01    9.03374E-01
    1.66600E+02    1.02141E-01    9.02902E-01
    1.66700E+02    1.02397E-01    9.02671E-01
    1.66800E+02    1.02846E-01    9.02266E-01
    1.66900E+02    1.03349E-01    9.01813E-01
    1.67000E+02    1.03889E-01    9.01325E-01
    1.67100E+02    1.04477E-01    9.00795E-01
    1.67200E+02    1.05105E-01    9.00230E-01
    1.67300E+02    1.05822E-01    8.99584E-01
    1.67400E+02    1.06732E-01    8.98766E-01
    1.67500E+02    1.08517E-01    8.97164E-01
    1.67600E+02    1.11275E-01    8.94693E-01
    1.67700E+02    1.08920E-01    8.96802E-01
    1.67800E+02    1.09026E-01    8.96707E-01
    1.67900E+02    1.09492E-01    8.96289E-01
    1.68000E+02    1.10076E-01    8.95766E-01
    1.68100E+02    1.10715E-01    8.95194E-01
    1.68200E+02    1.11385E-01    8.94594E-01
    1.68300E+02    1.12085E-01    8.93968E-01
    1.68400E+02    1.12806E-01    8.93324E-01
    1.68500E+02    1.13548E-01    8.92662E-01
    1.68600E+02    1.14311E-01    8.91980E-01
    1.68700E+02    1.15098E-01    8.91278E-01
    1.68800E+02    1.15926E-01    8.90541E-01
    1.68900E+02    1.16915E-01    8.89661E-01
    1.69000E+02    1.18009E-01    8.88688E-01
    1.69100E+02    1.18453E-01    8.88294E-01
    1.69200E+02    1.19230E-01    8.87604E-01
    1.69300E+02    1.20085E-01    8.86845E-01
    1.69400E+02    1.20965E-01    8.86065E-01
    1.69500E+02    1.21875E-01    8.85259E-01
    1.69600E+02    1.22818E-01    8.84424E-01
    1.69700E+02    1.23772E-01    8.83581E-01
    1.69800E+02    1.24787E-01    8.82685E-01
    1.69900E+02    1.25795E-01    8.81796E-01
    1.70000E+02    1.26871E-01    8.80847E-01
    1.70100E+02    1.27780E-01    8.80047E-01
    1.70200E+02    1.28832E-01    8.79122E-01
    1.70300E+02    1.30032E-01    8.78067E-01
    1.70400E+02    1.31008E-01    8.77211E-01
    1.70500E+02    1.32131E-01    8.76226E-01
    1.70600E+02    1.33281E-01    8.75219E-01
    1.70700E+02    1.34465E-01    8.74184E-01
    1.70800E+02    1.35675E-01    8.73126E-01
    1.70900E+02    1.36921E-01    8.72039E-01
    1.71000E+02    1.38206E-01    8.70919E-01
    1.71100E+02    1.39529E-01    8.69768E-01
    1.71200E+02    1.40894E-01    8.68581E-01
    1.71300E+02    1.42361E-01    8.67308E-01
    1.71400E+02    1.44702E-01    8.65280E-01
    1.71500E+02    1.45204E-01    8.64846E-01
    1.71600E+02    1.46502E-01    8.63724E-01
    1.71700E+02    1.47934E-01    8.62488E-01
    1.71800E+02    1.49442E-01    8.61188E-01
    1.71900E+02    1.51001E-01    8.59847E-01
    1.72000E+02    1.52603E-01    8.58470E-01
    1.72100E+02    1.54246E-01    8.57061E-01
    1.72200E+02    1.55936E-01    8.55614E-01
    1.72300E+02    1.57669E-01    8.54133E-01
    1.72400E+02    1.59450E-01    8.52613E-01
    1.72500E+02    1.61281E-01    8.51053E-01
    1.72600E+02    1.63162E-01    8.49453E-01
    1.72700E+02    1.65100E-01    8.47809E-01
    1.72800E+02    1.67109E-01    8.46107E-01
    1.72900E+02    1.69144E-01    8.44387E-01
    1.73000E+02    1.71261E-01    8.42602E-01
    1.73100E+02    1.73461E-01    8.40750E-01
    1.73200E+02    1.75774E-01    8.38808E-01
    1.73300E+02    1.78351E-01    8.36649E-01
    1.73400E+02    1.81344E-01    8.34148E-01
    1.73500E+02    1.86701E-01    8.29692E-01
    1.73600E+02    1.85881E-01    8.30372E-01
    1.73700E+02    1.87944E-01    8.28661E-01
    1.73800E+02    1.90406E-01    8.26623E-01
    1.73900E+02    1.93040E-01    8.24449E-01
    1.74000E+02    1.95800E-01    8.22177E-01
    1.74100E+02    1.98657E-01    8.19831E-01
    1.74200E+02    2.01627E-01    8.17400E-01
    1.74300E+02    2.04686E-01    8.14903E-01
    1.74400E+02    2.07858E-01    8.12323E-01
    1.74500E+02    2.11154E-01    8.09649E-01
    1.74600E+02    2.14553E-01    8.06902E-01
    1.74700E+02    2.18078E-01    8.04062E-01
    1.74800E+02    2.21766E-01    8.01103E-01
    1.74900E+02    2.25650E-01    7.97998E-01
    1.75000E+02    2.29846E-01    7.94656E-01
    1.75100E+02    2.34919E-01    7.90635E-01
    1.75200E+02    2.43795E-01    7.83649E-01
    1.75300E+02    2.44042E-01    7.83455E-01
    1.75400E+02    2.51699E-01    7.77479E-01
    1.75500E+02    2.55321E-01    7.74668E-01
    1.75600E+02    2.56722E-01    7.73583E-01
    1.75700E+02    2.60832E-01    7.70410E-01
    1.75800E+02    2.65597E-01    7.66748E-01
    1.75900E+02    2.70731E-01    7.62822E-01
    1.76000E+02    2.76128E-01    7.58716E-01
    1.76100E+02    2.81781E-01    7.54439E-01
    1.76200E+02    2.87692E-01    7.49992E-01
    1.76300E+02    2.93854E-01    7.45386E-01
    1.76400E+02    3.00452E-01    7.40484E-01
    1.76500E+02    3.06939E-01    7.35695E-01
    1.76600E+02    3.13878E-01    7.30608E-01
    1.76700E+02    3.21116E-01    7.25339E-01
    1.76800E+02    3.28691E-01    7.19865E-01
    1.76900E+02    3.36591E-01    7.14201E-01
    1.77000E+02    3.44844E-01    7.08331E-01
    1.77100E+02    3.53455E-01    7.02257E-01
    1.77200E+02    3.62450E-01    6.95969E-01
    1.77300E+02    3.71850E-01    6.89457E-01
    1.77400E+02    3.81710E-01    6.82693E-01
    1.77500E+02    3.92004E-01    6.75701E-01
    1.77600E+02    4.02807E-01    6.68441E-01
    1.77700E+02    4.14136E-01    6.60911E-01
    1.77800E+02    4.26019E-01    6.53104E-01
    1.77900E+02    4.38486E-01    6.45012E-01
    1.78000E+02    4.51580E-01    6.36621E-01
    1.78100E+02    4.65356E-01    6.27912E-01
    1.78200E+02    4.79838E-01    6.18884E-01
    1.78300E+02    4.95075E-01    6.09525E-01
    1.78400E+02    5.11152E-01    5.99804E-01
    1.78500E+02    5.28161E-01    5.89689E-01
    1.78600E+02    5.46236E-01    5.79125E-01
    1.78700E+02    5.64879E-01    5.68429E-01
    1.78800E+02    5.84723E-01    5.57260E-01
    1.78900E+02    6.05782E-01    5.45648E-01
    1.79000E+02    6.28081E-01    5.33615E-01
    1.79100E+02    6.51708E-01    5.21155E-01
    1.79200E+02    6.76762E-01    5.08260E-01
    1.79300E+02    7.03370E-01    4.94914E-01
    1.79400E+02    7.31602E-01    4.81137E-01
    1.79500E+02    7.61661E-01    4.66890E-01
    1.79600E+02    7.93625E-01    4.52203E-01
    1.79700E+02    8.27692E-01    4.37057E-01
    1.79800E+02    8.64002E-01    4.21472E-01
    1.79900E+02    9.02824E-01    4.05423E-01
    1.80000E+02    9.45311E-01    3.88559E-01
    1.80100E+02    9.88443E-01    3.72156E-01
    1.80200E+02    1.03568E+00    3.54985E-01
    1.80300E+02    1.08634E+00    3.37450E-01
    1.80400E+02    1.14066E+00    3.19607E-01
    1.80500E+02    1.19894E+00    3.01514E-01
    1.80600E+02    1.26152E+00    2.83223E-01
    1.80700E+02    1.32875E+00    2.64807E-01
    1.80800E+02    1.40101E+00    2.46347E-01
    1.80900E+02    1.47875E+00    2.27922E-01
    1.81000E+02    1.56243E+00    2.09625E-01
    1.81100E+02    1.65245E+00    1.91581E-01
    1.81200E+02    1.74935E+00    1.73886E-01
    1.81300E+02    1.85366E+00    1.56662E-01
    1.81400E+02    1.96594E+00    1.40024E-01
    1.81500E+02    2.08664E+00    1.24103E-01
    1.81600E+02    2.21630E+00    1.09012E-01
    1.81700E+02    2.35539E+00    9.48565E-02
    1.81800E+02    2.50434E+00    8.17299E-02
    1.81900E+02    2.66329E+00    6.97187E-02
    1.82000E+02    2.83263E+00    5.88577E-02
    1.82100E+02    3.01208E+00    4.91895E-02
    1.82200E+02    3.20186E+00    4.06864E-02
    1.82300E+02    3.39940E+00    3.33933E-02
    1.82400E+02    3.60494E+00    2.71892E-02
    1.82500E+02    3.81595E+00    2.20168E-02
    1.82600E+02    4.03001E+00    1.77741E-02
    1.82700E+02    4.24309E+00    1.43632E-02
    1.82800E+02    4.45042E+00    1.16737E-02
    1.82900E+02    4.64600E+00    9.59990E-03
    1.83000E+02    4.82209E+00    8.04991E-03
    1.83100E+02    4.96994E+00    6.94353E-03
    1.83200E+02    5.07881E+00    6.22734E-03
    1.83300E+02    5.13243E+00    5.90219E-03
    1.83400E+02    5.10483E+00    6.06738E-03
    1.83500E+02    5.01650E+00    6.62770E-03
    1.83600E+02    4.88571E+00    7.55376E-03
    1.83700E+02    4.72374E+00    8.88187E-03
    1.83800E+02    4.54026E+00    1.06707E-02
    1.83900E+02    4.34249E+00    1.30040E-02
    1.84000E+02    4.13700E+00    1.59707E-02
    1.84100E+02    3.92941E+00    1.96552E-02
    1.84200E+02    3.72523E+00    2.41076E-02
    1.84300E+02    3.53346E+00    2.92037E-02
    1.84400E+02    3.36541E+00    3.45478E-02
    1.84500E+02    3.14132E+00    4.32255E-02
    1.84600E+02    2.95666E+00    5.19921E-02
    1.84700E+02    2.78909E+00    6.14771E-02
    1.84800E+02    2.62761E+00    7.22510E-02
    1.84900E+02    2.47190E+00    8.44240E-02
    1.85000E+02    2.32963E+00    9.73314E-02
    1.85100E+02    2.19738E+00    1.11094E-01
    1.85200E+02    2.07423E+00    1.25653E-01
    1.85300E+02    1.95971E+00    1.40900E-01
    1.85400E+02    1.85308E+00    1.56753E-01
    1.85500E+02    1.75446E+00    1.73001E-01
    1.85600E+02    1.66242E+00    1.89680E-01
    1.85700E+02    1.57571E+00    2.06861E-01
    1.85800E+02    1.49566E+00    2.24100E-01
    1.85900E+02    1.42123E+00    2.41417E-01
    1.86000E+02    1.35193E+00    2.58742E-01
    1.86100E+02    1.28739E+00    2.75989E-01
    1.86200E+02    1.22720E+00    2.93113E-01
    1.86300E+02    1.17106E+00    3.10038E-01
    1.86400E+02    1.11864E+00    3.26723E-01
    1.86500E+02    1.06965E+00    3.43130E-01
    1.86600E+02    1.02376E+00    3.59240E-01
    1.86700E+02    9.80836E-01    3.74997E-01
    1.86800E+02    9.40646E-01    3.90376E-01
    1.86900E+02    9.02941E-01    4.05376E-01
    1.87000E+02    8.67577E-01    4.19968E-01
    1.87100E+02    8.34658E-01    4.34023E-01
    1.87200E+02    8.03288E-01    4.47854E-01
    1.87300E+02    7.73581E-01    4.61358E-01
    1.87400E+02    7.45796E-01    4.74357E-01
    1.87500E+02    7.19622E-01    4.86936E-01
    1.87600E+02    6.94972E-01    4.99089E-01
    1.87700E+02    6.71653E-01    5.10863E-01
    1.87800E+02    6.49688E-01    5.22209E-01
    1.87900E+02    6.29221E-01    5.33007E-01
    1.88000E+02    6.09032E-01    5.43877E-01
    1.88100E+02    5.90258E-01    5.54184E-01
    1.88200E+02    5.72500E-01    5.64114E-01
    1.88300E+02    5.55658E-01    5.73695E-01
    1.88400E+02    5.39669E-01    5.82941E-01
    1.88500E+02    5.24450E-01    5.91881E-01
    1.88600E+02    5.09988E-01    6.00503E-01
    1.88700E+02    4.96231E-01    6.08821E-01
    1.88800E+02    4.83172E-01    6.16824E-01
    1.88900E+02    4.70912E-01    6.24433E-01
    1.89000E+02    4.58781E-01    6.32054E-01
    1.89100E+02    4.47390E-01    6.39295E-01
    1.89200E+02    4.36514E-01    6.46285E-01
    1.89300E+02    4.26167E-01    6.53007E-01
    1.89400E+02    4.16211E-01    6.59541E-01
    1.89500E+02    4.06727E-01    6.65826E-01
    1.89600E+02    3.97670E-01    6.71884E-01
    1.89700E+02    3.88976E-01    6.77751E-01
    1.89800E+02    3.80638E-01    6.83425E-01
    1.89900E+02    3.72659E-01    6.88900E-01
    1.90000E+02    3.65006E-01    6.94192E-01
    1.90100E+02    3.57658E-01    6.99312E-01
    1.90200E+02    3.50612E-01    7.04257E-01
    1.90300E+02    3.43875E-01    7.09017E-01
    1.90400E+02    3.37382E-01    7.13636E-01
    1.90500E+02    3.31251E-01    7.18025E-01
    1.90600E+02    3.25499E-01    7.22167E-01
    1.90700E+02    3.19376E-01    7.26602E-01
    1.90800E+02    3.13758E-01    7.30696E-01
    1.90900E+02    3.08368E-01    7.34645E-01
    1.91000E+02    3.03195E-01    7.38455E-01
    1.91100E+02    2.98220E-01    7.42138E-01
    1.91200E+02    2.93422E-01    7.45707E-01
    1.91300E+02    2.88798E-01    7.49164E-01
    1.91400E+02    2.84345E-01    7.52507E-01
    1.91500E+02    2.80048E-01    7.55747E-01
    1.91600E+02    2.75907E-01    7.58884E-01
    1.91700E+02    2.71922E-01    7.61913E-01
    1.91800E+02    2.68186E-01    7.64766E-01
    1.91900E+02    2.64341E-01    7.67711E-01
    1.92000E+02    2.60725E-01    7.70493E-01
    1.92100E+02    2.57250E-01    7.73175E-01
    1.92200E+02    2.53924E-01    7.75751E-01
    1.92300E+02    2.50709E-01    7.78249E-01
    1.92400E+02    2.47554E-01    7.80708E-01
    1.92500E+02    2.44537E-01    7.83067E-01
    1.92600E+02    2.41646E-01    7.85334E-01
    1.92700E+02    2.38888E-01    7.87503E-01
    1.92800E+02    2.36205E-01    7.89619E-01
    1.92900E+02    2.33684E-01    7.91612E-01
    1.93000E+02    2.31329E-01    7.93478E-01
    1.93100E+02    2.29279E-01    7.95106E-01
    1.93200E+02    2.27863E-01    7.96233E-01
    1.93300E+02    2.29912E-01    7.94603E-01
    1.93400E+02    2.27938E-01    7.96173E-01
    1.93500E+02    2.21222E-01    8.01538E-01
    1.93600E+02    2.18108E-01    8.04039E-01
    1.93700E+02    2.15679E-01    8.05994E-01
    1.93800E+02    2.13500E-01    8.07752E-01
    1.93900E+02    2.11445E-01    8.09413E-01
    1.94000E+02    2.09460E-01    8.11022E-01
    1.94100E+02    2.07508E-01    8.12606E-01
    1.94200E+02    2.05604E-01    8.14155E-01
    1.94300E+02    2.03753E-01    8.15663E-01
    1.94400E+02    2.01946E-01    8.17139E-01
    1.94500E+02    2.00218E-01    8.18552E-01
    1.94600E+02    1.98576E-01    8.19898E-01
    1.94700E+02    1.97035E-01    8.21162E-01
    1.94800E+02    1.95629E-01    8.22317E-01
    1.94900E+02    1.94423E-01    8.23309E-01
    1.95000E+02    1.93546E-01    8.24032E-01
    1.95100E+02    1.93287E-01    8.24246E-01
    1.95200E+02    1.94484E-01    8.23259E-01
    1.95300E+02    2.00332E-01    8.18459E-01
    1.95400E+02    2.37787E-01    7.88371E-01
    1.95500E+02    2.11762E-01    8.09157E-01
    1.95600E+02    1.94716E-01    8.23068E-01
    1.95700E+02    1.98578E-01    8.19896E-01
    1.95800E+02    1.87331E-01    8.29170E-01
    1.95900E+02    1.82140E-01    8.33485E-01
    1.96000E+02    1.79494E-01    8.35693E-01
    1.96100E+02    1.77580E-01    8.37294E-01
    1.96200E+02    1.75999E-01    8.38619E-01
    1.96300E+02    1.74579E-01    8.39810E-01
    1.96400E+02    1.73319E-01    8.40869E-01
    1.96500E+02    1.72060E-01    8.41929E-01
    1.96600E+02    1.70899E-01    8.42907E-01
    1.96700E+02    1.69798E-01    8.43835E-01
    1.96800E+02    1.68743E-01    8.44726E-01
    1.96900E+02    1.67730E-01    8.45582E-01
    1.97000E+02    1.66741E-01    8.46419E-01
    1.97100E+02    1.65796E-01    8.47219E-01
    1.97200E+02    1.64873E-01    8.48001E-01
    1.97300E+02    1.63976E-01    8.48762E-01
    1.97400E+02    1.63123E-01    8.49487E-01
    1.97500E+02    1.62353E-01    8.50141E-01
    1.97600E+02    1.61570E-01    8.50807E-01
    1.97700E+02    1.60702E-01    8.51546E-01
    1.97800E+02    1.59894E-01    8.52234E-01
    1.97900E+02    1.59147E-01    8.52871E-01
    1.98000E+02    1.58645E-01    8.53299E-01
    1.98100E+02    1.57694E-01    8.54111E-01
    1.98200E+02    1.56977E-01    8.54724E-01
    1.98300E+02    1.56294E-01    8.55308E-01
    1.98400E+02    1.55638E-01    8.55869E-01
    1.98500E+02    1.55001E-01    8.56414E-01
    1.98600E+02    1.54391E-01    8.56937E-01
    1.98700E+02    1.53797E-01    8.57446E-01
    1.98800E+02    1.53236E-01    8.57927E-01
    1.98900E+02    1.52708E-01    8.58381E-01
    1.99000E+02    1.52242E-01    8.58780E-01
    1.99100E+02    1.51901E-01    8.59073E-01
    1.99200E+02    1.52251E-01    8.58772E-01
    1.99300E+02    1.52503E-01    8.58556E-01
    1.99400E+02    1.55969E-01    8.55586E-01
    1.99500E+02    1.50638E-01    8.60159E-01
    1.99600E+02    1.49509E-01    8.61131E-01
    1.99700E+02    1.48807E-01    8.61735E-01
    1.99800E+02    1.48265E-01    8.62202E-01
    1.99900E+02    1.47791E-01    8.62612E-01
    2.00000E+02    1.47359E-01    8.62984E-01
    2.00100E+02    1.46948E-01    8.63339E-01
    2.00200E+02    1.46566E-01    8.63669E-01
    2.00300E+02    1.46207E-01    8.63979E-01
    2.00400E+02    1.45868E-01    8.64272E-01
    2.00500E+02    1.45551E-01    8.64546E-01
    2.00600E+02    1.45256E-01    8.64801E-01
    2.00700E+02    1.44982E-01    8.65038E-01
    2.00800E+02    1.44733E-01    8.65253E-01
    2.00900E+02    1.44506E-01    8.65450E-01
    2.01000E+02    1.44305E-01    8.65623E-01
    2.01100E+02    1.44129E-01    8.65776E-01
    2.01200E+02    1.43980E-01    8.65905E-01
    2.01300E+02    1.43866E-01    8.66004E-01
    2.01400E+02    1.43814E-01    8.66049E-01
    2.01500E+02    1.43777E-01    8.66080E-01
    2.01600E+02    1.43702E-01    8.66145E-01
    2.01700E+02    1.43712E-01    8.66137E-01
    2.01800E+02    1.43769E-01    8.66088E-01
    2.01900E+02    1.43872E-01    8.65999E-01
    2.02000E+02    1.44021E-01    8.65869E-01
    2.02100E+02    1.44220E-01    8.65698E-01
    2.02200E+02    1.44475E-01    8.65477E-01
    2.02300E+02    1.44769E-01    8.65222E-01
    2.02400E+02    1.45120E-01    8.64918E-01
    2.02500E+02    1.45514E-01    8.64578E-01
    2.02600E+02    1.45962E-01    8.64190E-01
    2.02700E+02    1.46443E-01    8.63775E-01
    2.02800E+02    1.46950E-01    8.63337E-01
    2.02900E+02    1.47463E-01    8.62895E-01
    2.03000E+02    1.47956E-01    8.62469E-01
    2.03100E+02    1.48406E-01    8.62081E-01
    2.03200E+02    1.48777E-01    8.61761E-01
    2.03300E+02    1.49061E-01    8.61517E-01
    2.03400E+02    1.49484E-01    8.61152E-01
    2.03500E+02    1.49192E-01    8.61404E-01
    2.03600E+02    1.48062E-01    8.62378E-01
    2.03700E+02    1.47194E-01    8.63126E-01
    2.03800E+02    1.46290E-01    8.63907E-01
    2.03900E+02    1.45342E-01    8.64726E-01
    2.04000E+02    1.44408E-01    8.65535E-01
    2.04100E+02    1.43376E-01    8.66428E-01
    2.04200E+02    1.42413E-01    8.67263E-01
    2.04300E+02    1.41487E-01    8.68067E-01
    2.04400E+02    1.40603E-01    8.68834E-01
    2.04500E+02    1.39765E-01    8.69563E-01
    2.04600E+02    1.38976E-01    8.70249E-01
    2.04700E+02    1.38235E-01    8.70894E-01
    2.04800E+02    1.37548E-01    8.71492E-01
    2.04900E+02    1.36912E-01    8.72047E-01
    2.05000E+02    1.36307E-01    8.72574E-01
    2.05100E+02    1.35771E-01    8.73042E-01
    2.05200E+02    1.35454E-01    8.73320E-01
    2.05300E+02    1.34787E-01    8.73902E-01
    2.05400E+02    1.34317E-01    8.74313E-01
    2.05500E+02    1.33938E-01    8.74644E-01
    2.05600E+02    1.33571E-01    8.74966E-01
    2.05700E+02    1.33234E-01    8.75260E-01
    2.05800E+02    1.32994E-01    8.75471E-01
    2.05900E+02    1.32924E-01    8.75532E-01
    2.06000E+02    1.33355E-01    8.75154E-01
    2.06100E+02    1.37242E-01    8.71759E-01
    2.06200E+02    1.34358E-01    8.74277E-01
    2.06300E+02    1.32165E-01    8.76197E-01
    2.06400E+02    1.31433E-01    8.76838E-01
    2.06500E+02    1.31360E-01    8.76902E-01
    2.06600E+02    1.30664E-01    8.77513E-01
    2.06700E+02    1.30366E-01    8.77774E-01
    2.06800E+02    1.30120E-01    8.77990E-01
    2.06900E+02    1.29907E-01    8.78177E-01
    2.07000E+02    1.29710E-01    8.78350E-01
    2.07100E+02    1.29533E-01    8.78506E-01
    2.07200E+02    1.29373E-01    8.78646E-01
    2.07300E+02    1.29235E-01    8.78767E-01
    2.07400E+02    1.29146E-01    8.78846E-01
    2.07500E+02    1.29262E-01    8.78743E-01
    2.07600E+02    1.28890E-01    8.79070E-01
    2.07700E+02    1.28781E-01    8.79166E-01
    2.07800E+02    1.28716E-01    8.79224E-01
    2.07900E+02    1.28698E-01    8.79239E-01
    2.08000E+02    1.28742E-01    8.79201E-01
    2.08100E+02    1.28882E-01    8.79077E-01
    2.08200E+02    1.29185E-01    8.78811E-01
    2.08300E+02    1.29824E-01    8.78250E-01
    2.08400E+02    1.31258E-01    8.76992E-01
    2.08500E+02    1.35183E-01    8.73556E-01
    2.08600E+02    1.53633E-01    8.57587E-01
    2.08700E+02    1.47743E-01    8.62653E-01
    2.08800E+02    1.33941E-01    8.74642E-01
    2.08900E+02    1.30436E-01    8.77713E-01
    2.09000E+02    1.28977E-01    8.78994E-01
    2.09100E+02    1.28206E-01    8.79672E-01
    2.09200E+02    1.27731E-01    8.80090E-01
    2.09300E+02    1.27422E-01    8.80362E-01
    2.09400E+02    1.27243E-01    8.80519E-01
    2.09500E+02    1.27413E-01    8.80370E-01
    2.09600E+02    1.27002E-01    8.80732E-01
    2.09700E+02    1.26758E-01    8.80946E-01
    2.09800E+02    1.26642E-01    8.81049E-01
    2.09900E+02    1.26571E-01    8.81112E-01
    2.10000E+02    1.26555E-01    8.81126E-01
    2.10100E+02    1.26622E-01    8.81066E-01
    2.10200E+02    1.27402E-01    8.80380E-01
    2.10300E+02    1.27100E-01    8.80646E-01
    2.10400E+02    1.29279E-01    8.78729E-01
    2.10500E+02    1.27903E-01    8.79938E-01
    2.10600E+02    1.28097E-01    8.79768E-01
    2.10700E+02    1.30751E-01    8.77437E-01
    2.10800E+02    1.50573E-01    8.60215E-01
    2.10900E+02    1.30221E-01    8.77901E-01
    2.11000E+02    1.27506E-01    8.80288E-01
    2.11100E+02    1.26604E-01    8.81082E-01
    2.11200E+02    1.26172E-01    8.81463E-01
    2.11300E+02    1.25900E-01    8.81703E-01
    2.11400E+02    1.25730E-01    8.81853E-01
    2.11500E+02    1.25609E-01    8.81960E-01
    2.11600E+02    1.25515E-01    8.82043E-01
    2.11700E+02    1.25439E-01    8.82110E-01
    2.11800E+02    1.25377E-01    8.82164E-01
    2.11900E+02    1.25321E-01    8.82214E-01
    2.12000E+02    1.25276E-01    8.82253E-01
    2.12100E+02    1.25242E-01    8.82283E-01
    2.12200E+02    1.25206E-01    8.82315E-01
    2.12300E+02    1.25174E-01    8.82343E-01
    2.12400E+02    1.25149E-01    8.82366E-01
    2.12500E+02    1.25131E-01    8.82381E-01
    2.12600E+02    1.25122E-01    8.82390E-01
    2.12700E+02    1.25120E-01    8.82391E-01
    2.12800E+02    1.25122E-01    8.82389E-01
    2.12900E+02    1.25135E-01    8.82377E-01
    2.13000E+02    1.25074E-01    8.82431E-01
    2.13100E+02    1.25058E-01    8.82445E-01
    2.13200E+02    1.25053E-01    8.82450E-01
    2.13300E+02    1.25055E-01    8.82448E-01
    2.13400E+02    1.25061E-01    8.82443E-01
    2.13500E+02    1.25071E-01    8.82434E-01
    2.13600E+02    1.25087E-01    8.82420E-01
    2.13700E+02    1.25107E-01    8.82403E-01
    2.13800E+02    1.25142E-01    8.82372E-01
    2.13900E+02    1.25181E-01    8.82337E-01
    2.14000E+02    1.25235E-01    8.82290E-01
    2.14100E+02    1.25306E-01    8.82227E-01
    2.14200E+02    1.25406E-01    8.82138E-01
    2.14300E+02    1.25546E-01    8.82015E-01
    2.14400E+02    1.25753E-01    8.81833E-01
    2.14500E+02    1.26083E-01    8.81541E-01
    2.14600E+02    1.26650E-01    8.81042E-01
    2.14700E+02    1.27778E-01    8.80049E-01
    2.14800E+02    1.30610E-01    8.77560E-01
    2.14900E+02    1.42319E-01    8.67344E-01
    2.15000E+02    1.45951E-01    8.64200E-01
    2.15100E+02    1.31227E-01    8.77018E-01
    2.15200E+02    1.28047E-01    8.79812E-01
    2.15300E+02    1.26829E-01    8.80884E-01
    2.15400E+02    1.26246E-01    8.81398E-01
    2.15500E+02    1.25921E-01    8.81684E-01
    2.15600E+02    1.25730E-01    8.81853E-01
    2.15700E+02    1.25616E-01    8.81954E-01
    2.15800E+02    1.25543E-01    8.82018E-01
    2.15900E+02    1.25526E-01    8.82033E-01
    2.16000E+02    1.25831E-01    8.81764E-01
    2.16100E+02    1.25594E-01    8.81972E-01
    2.16200E+02    1.25455E-01    8.82095E-01
    2.16300E+02    1.25423E-01    8.82123E-01
    2.16400E+02    1.25428E-01    8.82119E-01
    2.16500E+02    1.25413E-01    8.82132E-01
    2.16600E+02    1.25420E-01    8.82127E-01
    2.16700E+02    1.25433E-01    8.82115E-01
    2.16800E+02    1.25457E-01    8.82094E-01
    2.16900E+02    1.25505E-01    8.82052E-01
    2.17000E+02    1.25496E-01    8.82059E-01
    2.17100E+02    1.25517E-01    8.82041E-01
    2.17200E+02    1.25550E-01    8.82012E-01
    2.17300E+02    1.25585E-01    8.81981E-01
    2.17400E+02    1.25643E-01    8.81930E-01
    2.17500E+02    1.25891E-01    8.81711E-01
    2.17600E+02    1.25720E-01    8.81862E-01
    2.17700E+02    1.25725E-01    8.81857E-01
    2.17800E+02    1.25762E-01    8.81825E-01
    2.17900E+02    1.25823E-01    8.81771E-01
    2.18000E+02    1.25942E-01    8.81666E-01
    2.18100E+02    1.26663E-01    8.81030E-01
    2.18200E+02    1.26114E-01    8.81515E-01
    2.18300E+02    1.25988E-01    8.81626E-01
    2.18400E+02    1.25982E-01    8.81631E-01
    2.18500E+02    1.26008E-01    8.81607E-01
    2.18600E+02    1.26047E-01    8.81573E-01
    2.18700E+02    1.26078E-01    8.81546E-01
    2.18800E+02    1.26119E-01    8.81510E-01
    2.18900E+02    1.26162E-01    8.81472E-01
    2.19000E+02    1.26216E-01    8.81424E-01
    2.19100E+02    1.26310E-01    8.81341E-01
    2.19200E+02    1.26360E-01    8.81298E-01
    2.19300E+02    1.26571E-01    8.81112E-01
    2.19400E+02    1.26466E-01    8.81204E-01
    2.19500E+02    1.26464E-01    8.81206E-01
    2.19600E+02    1.26507E-01    8.81168E-01
    2.19700E+02    1.26556E-01    8.81124E-01
    2.19800E+02    1.26620E-01    8.81068E-01
    2.19900E+02    1.26745E-01    8.80958E-01
    2.20000E+02    1.26795E-01    8.80915E-01
    2.20100E+02    1.26777E-01    8.80930E-01
    2.20200E+02    1.26817E-01    8.80894E-01
    2.20300E+02    1.26872E-01    8.80847E-01
    2.20400E+02    1.26926E-01    8.80799E-01
    2.20500E+02    1.26987E-01    8.80745E-01
    2.20600E+02    1.27060E-01    8.80681E-01
    2.20700E+02    1.27243E-01    8.80520E-01
    2.20800E+02    1.27207E-01    8.80551E-01
    2.20900E+02    1.27232E-01    8.80529E-01
    2.21000E+02    1.27289E-01    8.80479E-01
    2.21100E+02    1.27351E-01    8.80425E-01
    2.21200E+02    1.27426E-01    8.80358E-01
    2.21300E+02    1.27597E-01    8.80208E-01
    2.21400E+02    1.27578E-01    8.80224E-01
    2.21500E+02    1.27618E-01    8.80190E-01
    2.21600E+02    1.27679E-01    8.80136E-01
    2.21700E+02    1.27747E-01    8.80076E-01
    2.21800E+02    1.27818E-01    8.80014E-01
    2.21900E+02    1.27888E-01    8.79952E-01
    2.22000E+02    1.27962E-01    8.79887E-01
    2.22100E+02    1.28039E-01    8.79819E-01
    2.22200E+02    1.28117E-01    8.79750E-01
    2.22300E+02    1.28202E-01    8.79675E-01
    2.22400E+02    1.28335E-01    8.79559E-01
    2.22500E+02    1.28384E-01    8.79515E-01
    2.22600E+02    1.28443E-01    8.79464E-01
    2.22700E+02    1.28525E-01    8.79392E-01
    2.22800E+02    1.28611E-01    8.79316E-01
    2.22900E+02    1.28703E-01    8.79235E-01
    2.23000E+02    1.28815E-01    8.79136E-01
    2.23100E+02    1.28924E-01    8.79041E-01
    2.23200E+02    1.29075E-01    8.78908E-01
    2.23300E+02    1.29196E-01    8.78801E-01
    2.23400E+02    1.29263E-01    8.78743E-01
    2.23500E+02    1.29314E-01    8.78698E-01
    2.23600E+02    1.29415E-01    8.78610E-01
    2.23700E+02    1.29533E-01    8.78506E-01
    2.23800E+02    1.29670E-01    8.78385E-01
    2.23900E+02    1.30102E-01    8.78006E-01
    2.24000E+02    1.29915E-01    8.78170E-01
    2.24100E+02    1.30022E-01    8.78076E-01
    2.24200E+02    1.30154E-01    8.77960E-01
    2.24300E+02    1.30293E-01    8.77838E-01
    2.24400E+02    1.30446E-01    8.77704E-01
    2.24500E+02    1.30607E-01    8.77563E-01
    2.24600E+02    1.30796E-01    8.77397E-01
    2.24700E+02    1.31058E-01    8.77167E-01
    2.24800E+02    1.31469E-01    8.76807E-01
    2.24900E+02    1.31594E-01    8.76697E-01
    2.25000E+02    1.31596E-01    8.76695E-01
    2.25100E+02    1.31703E-01    8.76601E-01
    2.25200E+02    1.31896E-01    8.76432E-01
    2.25300E+02    1.32079E-01    8.76272E-01
    2.25400E+02    1.32305E-01    8.76074E-01
    2.25500E+02    1.32565E-01    8.75846E-01
    2.25600E+02    1.32876E-01    8.75573E-01
    2.25700E+02    1.33307E-01    8.75196E-01
    2.25800E+02    1.34074E-01    8.74526E-01
    2.25900E+02    1.35594E-01    8.73197E-01
    2.26000E+02    1.41353E-01    8.68183E-01
    2.26100E+02    1.42432E-01    8.67247E-01
    2.26200E+02    1.35701E-01    8.73103E-01
    2.26300E+02    1.34233E-01    8.74387E-01
    2.26400E+02    1.33664E-01    8.74884E-01
    2.26500E+02    1.33383E-01    8.75130E-01
    2.26600E+02    1.33216E-01    8.75276E-01
    2.26700E+02    1.33115E-01    8.75365E-01
    2.26800E+02    1.33051E-01    8.75421E-01
    2.26900E+02    1.33018E-01    8.75449E-01
    2.27000E+02    1.32963E-01    8.75497E-01
    2.27100E+02    1.32943E-01    8.75515E-01
    2.27200E+02    1.32933E-01    8.75524E-01
    2.27300E+02    1.32939E-01    8.75518E-01
    2.27400E+02    1.32949E-01    8.75509E-01
    2.27500E+02    1.32967E-01    8.75494E-01
    2.27600E+02    1.32995E-01    8.75469E-01
    2.27700E+02    1.33035E-01    8.75435E-01
    2.27800E+02    1.33083E-01    8.75392E-01
    2.27900E+02    1.33127E-01    8.75353E-01
    2.28000E+02    1.33172E-01    8.75315E-01
    2.28100E+02    1.33226E-01    8.75268E-01
    2.28200E+02    1.33289E-01    8.75212E-01
    2.28300E+02    1.33365E-01    8.75146E-01
    2.28400E+02    1.33434E-01    8.75085E-01
    2.28500E+02    1.33529E-01    8.75002E-01
    2.28600E+02    1.33615E-01    8.74927E-01
    2.28700E+02    1.33716E-01    8.74839E-01
    2.28800E+02    1.33827E-01    8.74742E-01
    2.28900E+02    1.33951E-01    8.74633E-01
    2.29000E+02    1.34097E-01    8.74506E-01
    2.29100E+02    1.34290E-01    8.74337E-01
    2.29200E+02    1.34507E-01    8.74146E-01
    2.29300E+02    1.34872E-01    8.73828E-01
    2.29400E+02    1.35606E-01    8.73186E-01
    2.29500E+02    1.38041E-01    8.71063E-01
    2.29600E+02    1.43359E-01    8.66443E-01
    2.29700E+02    1.36712E-01    8.72222E-01
    2.29800E+02    1.35750E-01    8.73061E-01
    2.29900E+02    1.35523E-01    8.73259E-01
    2.30000E+02    1.35530E-01    8.73253E-01
    2.30100E+02    1.35603E-01    8.73189E-01
    2.30200E+02    1.35740E-01    8.73069E-01
    2.30300E+02    1.35944E-01    8.72891E-01
    2.30400E+02    1.36186E-01    8.72680E-01
    2.30500E+02    1.36490E-01    8.72415E-01
    2.30600E+02    1.36886E-01    8.72069E-01
    2.30700E+02    1.37424E-01    8.71601E-01
    2.30800E+02    1.38198E-01    8.70926E-01
    2.30900E+02    1.39424E-01    8.69859E-01
    2.31000E+02    1.41666E-01    8.67911E-01
    2.31100E+02    1.46724E-01    8.63532E-01
    2.31200E+02    1.63671E-01    8.49022E-01
    2.31300E+02    2.18502E-01    8.03722E-01
    2.31400E+02    1.54733E-01    8.56644E-01
    2.31500E+02    1.45027E-01    8.64999E-01
    2.31600E+02    1.41790E-01    8.67803E-01
    2.31700E+02    1.40404E-01    8.69007E-01
    2.31800E+02    1.39757E-01    8.69569E-01
    2.31900E+02    1.39489E-01    8.69803E-01
    2.32000E+02    1.39606E-01    8.69701E-01
    2.32100E+02    1.39422E-01    8.69861E-01
    2.32200E+02    1.39532E-01    8.69766E-01
    2.32300E+02    1.39729E-01    8.69594E-01
    2.32400E+02    1.40022E-01    8.69339E-01
    2.32500E+02    1.40522E-01    8.68904E-01
    2.32600E+02    1.40783E-01    8.68678E-01
    2.32700E+02    1.41350E-01    8.68185E-01
    2.32800E+02    1.41694E-01    8.67886E-01
    2.32900E+02    1.42239E-01    8.67414E-01
    2.33000E+02    1.43038E-01    8.66721E-01
    2.33100E+02    1.43662E-01    8.66180E-01
    2.33200E+02    1.44581E-01    8.65385E-01
    2.33300E+02    1.45762E-01    8.64364E-01
    2.33400E+02    1.47081E-01    8.63224E-01
    2.33500E+02    1.48612E-01    8.61903E-01
    2.33600E+02    1.50696E-01    8.60110E-01
    2.33700E+02    1.53556E-01    8.57653E-01
    2.33800E+02    1.57879E-01    8.53953E-01
    2.33900E+02    1.66676E-01    8.46474E-01
    2.34000E+02    1.65859E-01    8.47165E-01
    2.34100E+02    1.58114E-01    8.53752E-01
    2.34200E+02    1.54329E-01    8.56990E-01
    2.34300E+02    1.51824E-01    8.59140E-01
    2.34400E+02    1.50025E-01    8.60686E-01
    2.34500E+02    1.48708E-01    8.61821E-01
    2.34600E+02    1.47702E-01    8.62688E-01
    2.34700E+02    1.46943E-01    8.63343E-01
    2.34800E+02    1.46400E-01    8.63812E-01
    2.34900E+02    1.46105E-01    8.64067E-01
    2.35000E+02    1.46058E-01    8.64108E-01
    2.35100E+02    1.46411E-01    8.63802E-01
    2.35200E+02    1.46689E-01    8.63563E-01
    2.35300E+02    1.47744E-01    8.62652E-01
    2.35400E+02    1.49978E-01    8.60727E-01
    2.35500E+02    1.55131E-01    8.56303E-01
    2.35600E+02    1.70863E-01    8.42937E-01
    2.35700E+02    2.93102E-01    7.45946E-01
    2.35800E+02    1.78075E-01    8.36880E-01
    2.35900E+02    1.57582E-01    8.54206E-01
    2.36000E+02    1.50736E-01    8.60074E-01
    2.36100E+02    1.47996E-01    8.62435E-01
    2.36200E+02    1.46610E-01    8.63631E-01
    2.36300E+02    1.45986E-01    8.64170E-01
    2.36400E+02    1.45746E-01    8.64377E-01
    2.36500E+02    1.45867E-01    8.64272E-01
    2.36600E+02    1.46573E-01    8.63662E-01
    2.36700E+02    1.47312E-01    8.63025E-01
    2.36800E+02    1.49153E-01    8.61437E-01
    2.36900E+02    1.53054E-01    8.58083E-01
    2.37000E+02    1.63092E-01    8.49513E-01
    2.37100E+02    2.08947E-01    8.11439E-01
    2.37200E+02    2.01105E-01    8.17827E-01
    2.37300E+02    1.62049E-01    8.50399E-01
    2.37400E+02    1.52728E-01    8.58363E-01
    2.37500E+02    1.49169E-01    8.61424E-01
    2.37600E+02    1.47702E-01    8.62689E-01
    2.37700E+02    1.46525E-01    8.63704E-01
    2.37800E+02    1.46021E-01    8.64140E-01
    2.37900E+02    1.45781E-01    8.64347E-01
    2.38000E+02    1.45724E-01    8.64397E-01
    2.38100E+02    1.45831E-01    8.64303E-01
    2.38200E+02    1.46136E-01    8.64040E-01
    2.38300E+02    1.46833E-01    8.63438E-01
    2.38400E+02    1.49628E-01    8.61028E-01
    2.38500E+02    1.48745E-01    8.61789E-01
    2.38600E+02    1.48637E-01    8.61882E-01
    2.38700E+02    1.50111E-01    8.60613E-01
    2.38800E+02    1.52564E-01    8.58504E-01
    2.38900E+02    1.58618E-01    8.53322E-01
    2.39000E+02    1.78224E-01    8.36755E-01
    2.39100E+02    3.09089E-01    7.34115E-01
    2.39200E+02    1.74255E-01    8.40083E-01
    2.39300E+02    1.58987E-01    8.53007E-01
    2.39400E+02    1.54046E-01    8.57232E-01
    2.39500E+02    1.52065E-01    8.58933E-01
    2.39600E+02    1.51634E-01    8.59303E-01
    2.39700E+02    1.50420E-01    8.60347E-01
    2.39800E+02    1.50472E-01    8.60302E-01
    2.39900E+02    1.50877E-01    8.59954E-01
    2.40000E+02    1.50552E-01    8.60233E-01
    2.40100E+02    1.50050E-01    8.60665E-01
    2.40200E+02    1.49974E-01    8.60730E-01
    2.40300E+02    1.49983E-01    8.60722E-01
    2.40400E+02    1.49608E-01    8.61046E-01
    2.40500E+02    1.49536E-01    8.61107E-01
    2.40600E+02    1.49219E-01    8.61381E-01
    2.40700E+02    1.49304E-01    8.61307E-01
    2.40800E+02    1.49291E-01    8.61318E-01
    2.40900E+02    1.50072E-01    8.60646E-01
    2.41000E+02    1.49519E-01    8.61122E-01
    2.41100E+02    1.49878E-01    8.60813E-01
    2.41200E+02    1.52631E-01    8.58447E-01
    2.41300E+02    1.51449E-01    8.59461E-01
    2.41400E+02    1.50525E-01    8.60256E-01
    2.41500E+02    1.50775E-01    8.60042E-01
    2.41600E+02    1.51023E-01    8.59828E-01
    2.41700E+02    1.51547E-01    8.59378E-01
    2.41800E+02    1.52352E-01    8.58686E-01
    2.41900E+02    1.53643E-01    8.57578E-01
    2.42000E+02    1.55958E-01    8.55595E-01
    2.42100E+02    1.60858E-01    8.51413E-01
    2.42200E+02    1.74784E-01    8.39638E-01
    2.42300E+02    2.62905E-01    7.68815E-01
    2.42400E+02    1.88159E-01    8.28483E-01
    2.42500E+02    1.64733E-01    8.48120E-01
    2.42600E+02    1.58128E-01    8.53740E-01
    2.42700E+02    1.55505E-01    8.55983E-01
    2.42800E+02    1.54401E-01    8.56929E-01
    2.42900E+02    1.54166E-01    8.57129E-01
    2.43000E+02    1.54797E-01    8.56589E-01
    2.43100E+02    1.56043E-01    8.55523E-01
    2.43200E+02    1.59136E-01    8.52881E-01
    2.43300E+02    1.67693E-01    8.45614E-01
    2.43400E+02    2.04202E-01    8.15298E-01
    2.43500E+02    2.09704E-01    8.10824E-01
    2.43600E+02    1.68513E-01    8.44920E-01
    2.43700E+02    1.59422E-01    8.52636E-01
    2.43800E+02    1.56128E-01    8.55449E-01
    2.43900E+02    1.54954E-01    8.56455E-01
    2.44000E+02    1.55450E-01    8.56030E-01
    2.44100E+02    1.60591E-01    8.51641E-01
    2.44200E+02    1.62826E-01    8.49739E-01
    2.44300E+02    1.54719E-01    8.56656E-01
    2.44400E+02    1.53082E-01    8.58059E-01
    2.44500E+02    1.52057E-01    8.58940E-01
    2.44600E+02    1.51680E-01    8.59263E-01
    2.44700E+02    1.51447E-01    8.59464E-01
    2.44800E+02    1.51425E-01    8.59482E-01
    2.44900E+02    1.51380E-01    8.59521E-01
    2.45000E+02    1.51372E-01    8.59528E-01
    2.45100E+02    1.51352E-01    8.59545E-01
    2.45200E+02    1.51367E-01    8.59532E-01
    2.45300E+02    1.51414E-01    8.59491E-01
    2.45400E+02    1.51476E-01    8.59439E-01
    2.45500E+02    1.51556E-01    8.59370E-01
    2.45600E+02    1.51656E-01    8.59284E-01
    2.45700E+02    1.51791E-01    8.59168E-01
    2.45800E+02    1.52259E-01    8.58766E-01
    2.45900E+02    1.51982E-01    8.59004E-01
    2.46000E+02    1.52072E-01    8.58927E-01
    2.46100E+02    1.52199E-01    8.58817E-01
    2.46200E+02    1.52360E-01    8.58679E-01
    2.46300E+02    1.52591E-01    8.58481E-01
    2.46400E+02    1.52882E-01    8.58231E-01
    2.46500E+02    1.54785E-01    8.56599E-01
    2.46600E+02    1.53384E-01    8.57800E-01
    2.46700E+02    1.53258E-01    8.57908E-01
    2.46800E+02    1.53392E-01    8.57794E-01
    2.46900E+02    1.53598E-01    8.57617E-01
    2.47000E+02    1.53860E-01    8.57392E-01
    2.47100E+02    1.54208E-01    8.57094E-01
    2.47200E+02    1.54552E-01    8.56799E-01
    2.47300E+02    1.55056E-01    8.56368E-01
    2.47400E+02    1.55738E-01    8.55784E-01
    2.47500E+02    1.56839E-01    8.54841E-01
    2.47600E+02    1.59004E-01    8.52993E-01
    2.47700E+02    1.65891E-01    8.47139E-01
    2.47800E+02    1.71806E-01    8.42142E-01
    2.47900E+02    1.65081E-01    8.47825E-01
    2.48000E+02    1.69613E-01    8.43992E-01
    2.48100E+02    1.90856E-01    8.26251E-01
    2.48200E+02    2.71857E-01    7.61964E-01
    2.48300E+02    1.79824E-01    8.35417E-01
    2.48400E+02    1.66286E-01    8.46804E-01
    2.48500E+02    1.61792E-01    8.50618E-01
    2.48600E+02    1.59857E-01    8.52266E-01
    2.48700E+02    1.59048E-01    8.52956E-01
    2.48800E+02    1.58544E-01    8.53385E-01
    2.48900E+02    1.58425E-01    8.53487E-01
    2.49000E+02    1.58577E-01    8.53357E-01
    2.49100E+02    1.58940E-01    8.53048E-01
    2.49200E+02    1.59552E-01    8.52526E-01
    2.49300E+02    1.60562E-01    8.51665E-01
    2.49400E+02    1.62241E-01    8.50236E-01
    2.49500E+02    1.65243E-01    8.47688E-01
    2.49600E+02    1.71553E-01    8.42355E-01
    2.49700E+02    1.90037E-01    8.26928E-01
    2.49800E+02    2.71493E-01    7.62241E-01
    2.49900E+02    2.23033E-01    8.00088E-01
    2.50000E+02    2.34885E-01    7.90662E-01
    2.50100E+02    1.81574E-01    8.33956E-01
    2.50200E+02    1.70170E-01    8.43521E-01
    2.50300E+02    1.65728E-01    8.47276E-01
    2.50400E+02    1.62698E-01    8.49848E-01
    2.50500E+02    1.61323E-01    8.51017E-01
    2.50600E+02    1.60446E-01    8.51764E-01
    2.50700E+02    1.60057E-01    8.52095E-01
    2.50800E+02    1.59595E-01    8.52489E-01
    2.50900E+02    1.59313E-01    8.52730E-01
    2.51000E+02    1.59164E-01    8.52856E-01
    2.51100E+02    1.59087E-01    8.52922E-01
    2.51200E+02    1.59171E-01    8.52851E-01
    2.51300E+02    1.59044E-01    8.52959E-01
    2.51400E+02    1.59053E-01    8.52951E-01
    2.51500E+02    1.59092E-01    8.52918E-01
    2.51600E+02    1.59149E-01    8.52869E-01
    2.51700E+02    1.59222E-01    8.52807E-01
    2.51800E+02    1.59304E-01    8.52737E-01
    2.51900E+02    1.59401E-01    8.52654E-01
    2.52000E+02    1.59524E-01    8.52550E-01
    2.52100E+02    1.59836E-01    8.52284E-01
    2.52200E+02    1.59767E-01    8.52343E-01
    2.52300E+02    1.59945E-01    8.52191E-01
    2.52400E+02    1.60089E-01    8.52068E-01
    2.52500E+02    1.60429E-01    8.51778E-01
    2.52600E+02    1.60548E-01    8.51677E-01
    2.52700E+02    1.61203E-01    8.51119E-01
    2.52800E+02    1.61086E-01    8.51219E-01
    2.52900E+02    1.60800E-01    8.51462E-01
    2.53000E+02    1.60872E-01    8.51401E-01
    2.53100E+02    1.60995E-01    8.51296E-01
    2.53200E+02    1.61141E-01    8.51172E-01
    2.53300E+02    1.61362E-01    8.50984E-01
    2.53400E+02    1.61812E-01    8.50601E-01
    2.53500E+02    1.61624E-01    8.50761E-01
    2.53600E+02    1.61802E-01    8.50609E-01
    2.53700E+02    1.62323E-01    8.50167E-01
    2.53800E+02    1.62355E-01    8.50139E-01
    2.53900E+02    1.62396E-01    8.50105E-01
    2.54000E+02    1.62539E-01    8.49983E-01
    2.54100E+02    1.62772E-01    8.49785E-01
    2.54200E+02    1.63196E-01    8.49424E-01
    2.54300E+02    1.64868E-01    8.48005E-01
    2.54400E+02    1.63518E-01    8.49151E-01
    2.54500E+02    1.63524E-01    8.49146E-01
    2.54600E+02    1.63678E-01    8.49015E-01
    2.54700E+02    1.63987E-01    8.48753E-01
    2.54800E+02    1.64069E-01    8.48683E-01
    2.54900E+02    1.64762E-01    8.48096E-01
    2.55000E+02    1.64378E-01    8.48421E-01
    2.55100E+02    1.64477E-01    8.48338E-01
    2.55200E+02    1.64605E-01    8.48228E-01
    2.55300E+02    1.64688E-01    8.48158E-01
    2.55400E+02    1.64779E-01    8.48081E-01
    2.55500E+02    1.64870E-01    8.48004E-01
    2.55600E+02    1.64959E-01    8.47929E-01
    2.55700E+02    1.65051E-01    8.47851E-01
    2.55800E+02    1.65163E-01    8.47756E-01
    2.55900E+02    1.65240E-01    8.47690E-01
    2.56000E+02    1.65361E-01    8.47588E-01
    2.56100E+02    1.65470E-01    8.47495E-01
    2.56200E+02    1.65519E-01    8.47454E-01
    2.56300E+02    1.65624E-01    8.47365E-01
    2.56400E+02    1.65768E-01    8.47243E-01
    2.56500E+02    1.65909E-01    8.47123E-01
    2.56600E+02    1.66036E-01    8.47016E-01
    2.56700E+02    1.66270E-01    8.46818E-01
    2.56800E+02    1.66356E-01    8.46745E-01
    2.56900E+02    1.66897E-01    8.46287E-01
    2.57000E+02    1.66586E-01    8.46550E-01
    2.57100E+02    1.66693E-01    8.46459E-01
    2.57200E+02    1.66859E-01    8.46319E-01
    2.57300E+02    1.67047E-01    8.46160E-01
    2.57400E+02    1.67286E-01    8.45958E-01
    2.57500E+02    1.67531E-01    8.45750E-01
    2.57600E+02    1.67840E-01    8.45489E-01
    2.57700E+02    1.68169E-01    8.45211E-01
    2.57800E+02    1.68653E-01    8.44802E-01
    2.57900E+02    1.69197E-01    8.44342E-01
    2.58000E+02    1.70307E-01    8.43406E-01
    2.58100E+02    1.72869E-01    8.41248E-01
    2.58200E+02    1.94155E-01    8.23530E-01
    2.58300E+02    1.75226E-01    8.39267E-01
    2.58400E+02    1.74879E-01    8.39559E-01
    2.58500E+02    1.78414E-01    8.36596E-01
    2.58600E+02    1.90082E-01    8.26891E-01
    2.58700E+02    2.67949E-01    7.64946E-01
    2.58800E+02    1.99382E-01    8.19237E-01
    2.58900E+02    1.80753E-01    8.34641E-01
    2.59000E+02    1.75314E-01    8.39193E-01
    2.59100E+02    1.73036E-01    8.41107E-01
    2.59200E+02    1.71934E-01    8.42035E-01
    2.59300E+02    1.71304E-01    8.42565E-01
    2.59400E+02    1.70978E-01    8.42840E-01
    2.59500E+02    1.70954E-01    8.42860E-01
    2.59600E+02    1.70661E-01    8.43107E-01
    2.59700E+02    1.70604E-01    8.43155E-01
    2.59800E+02    1.70608E-01    8.43152E-01
    2.59900E+02    1.70657E-01    8.43110E-01
    2.60000E+02    1.70792E-01    8.42997E-01
    2.60100E+02    1.70840E-01    8.42957E-01
    2.60200E+02    1.70882E-01    8.42921E-01
    2.60300E+02    1.70977E-01    8.42841E-01
    2.60400E+02    1.71100E-01    8.42737E-01
    2.60500E+02    1.71257E-01    8.42605E-01
    2.60600E+02    1.71421E-01    8.42467E-01
    2.60700E+02    1.71617E-01    8.42302E-01
    2.60800E+02    1.72458E-01    8.41594E-01
    2.60900E+02    1.71962E-01    8.42011E-01
    2.61000E+02    1.71965E-01    8.42009E-01
    2.61100E+02    1.72143E-01    8.41859E-01
    2.61200E+02    1.72245E-01    8.41773E-01
    2.61300E+02    1.72406E-01    8.41637E-01
    2.61400E+02    1.72572E-01    8.41497E-01
    2.61500E+02    1.72744E-01    8.41353E-01
    2.61600E+02    1.72934E-01    8.41193E-01
    2.61700E+02    1.73153E-01    8.41009E-01
    2.61800E+02    1.73362E-01    8.40833E-01
    2.61900E+02    1.73563E-01    8.40664E-01
    2.62000E+02    1.73815E-01    8.40452E-01
    2.62100E+02    1.74064E-01    8.40243E-01
    2.62200E+02    1.74343E-01    8.40009E-01
    2.62300E+02    1.74693E-01    8.39715E-01
    2.62400E+02    1.75153E-01    8.39329E-01
    2.62500E+02    1.75836E-01    8.38755E-01
    2.62600E+02    1.76710E-01    8.38023E-01
    2.62700E+02    1.78759E-01    8.36307E-01
    2.62800E+02    1.86447E-01    8.29902E-01
    2.62900E+02    1.90258E-01    8.26746E-01
    2.63000E+02    1.80649E-01    8.34728E-01
    2.63100E+02    1.79454E-01    8.35727E-01
    2.63200E+02    1.81335E-01    8.34156E-01
    2.63300E+02    1.80677E-01    8.34705E-01
    2.63400E+02    1.82872E-01    8.32875E-01
    2.63500E+02    1.88392E-01    8.28290E-01
    2.63600E+02    2.06577E-01    8.13364E-01
    2.63700E+02    3.26467E-01    7.21468E-01
    2.63800E+02    2.03741E-01    8.15674E-01
    2.63900E+02    1.94679E-01    8.23099E-01
    2.64000E+02    1.84265E-01    8.31715E-01
    2.64100E+02    1.81596E-01    8.33938E-01
    2.64200E+02    1.80434E-01    8.34908E-01
    2.64300E+02    1.79897E-01    8.35356E-01
    2.64400E+02    1.79675E-01    8.35542E-01
    2.64500E+02    1.79729E-01    8.35497E-01
    2.64600E+02    1.80050E-01    8.35229E-01
    2.64700E+02    1.80763E-01    8.34633E-01
    2.64800E+02    1.82710E-01    8.33010E-01
    2.64900E+02    1.93725E-01    8.23884E-01
    2.65000E+02    1.85788E-01    8.30449E-01
    2.65100E+02    1.81891E-01    8.33692E-01
    2.65200E+02    1.80953E-01    8.34475E-01
    2.65300E+02    1.80664E-01    8.34716E-01
    2.65400E+02    1.80623E-01    8.34750E-01
    2.65500E+02    1.80702E-01    8.34684E-01
    2.65600E+02    1.80859E-01    8.34553E-01
    2.65700E+02    1.81016E-01    8.34422E-01
    2.65800E+02    1.81216E-01    8.34255E-01
    2.65900E+02    1.81423E-01    8.34083E-01
    2.66000E+02    1.81636E-01    8.33905E-01
    2.66100E+02    1.81880E-01    8.33701E-01
    2.66200E+02    1.82154E-01    8.33473E-01
    2.66300E+02    1.82304E-01    8.33348E-01
    2.66400E+02    1.82535E-01    8.33156E-01
    2.66500E+02    1.82817E-01    8.32920E-01
    2.66600E+02    1.83175E-01    8.32622E-01
    2.66700E+02    1.83669E-01    8.32211E-01
    2.66800E+02    1.84400E-01    8.31603E-01
    2.66900E+02    1.85628E-01    8.30582E-01
    2.67000E+02    1.87877E-01    8.28717E-01
    2.67100E+02    1.93277E-01    8.24254E-01
    2.67200E+02    2.13429E-01    8.07809E-01
    2.67300E+02    2.36229E-01    7.89600E-01
    2.67400E+02    1.97134E-01    8.21081E-01
    2.67500E+02    1.89517E-01    8.27359E-01
    2.67600E+02    1.86752E-01    8.29649E-01
    2.67700E+02    1.85464E-01    8.30718E-01
    2.67800E+02    1.84794E-01    8.31276E-01
    2.67900E+02    1.84425E-01    8.31583E-01
    2.68000E+02    1.84227E-01    8.31747E-01
    2.68100E+02    1.84161E-01    8.31802E-01
    2.68200E+02    1.84460E-01    8.31554E-01
    2.68300E+02    1.84144E-01    8.31816E-01
    2.68400E+02    1.84177E-01    8.31788E-01
    2.68500E+02    1.84327E-01    8.31664E-01
    2.68600E+02    1.84826E-01    8.31249E-01
    2.68700E+02    1.85252E-01    8.30895E-01
    2.68800E+02    1.84581E-01    8.31452E-01
    2.68900E+02    1.84570E-01    8.31462E-01
    2.69000E+02    1.84640E-01    8.31404E-01
    2.69100E+02    1.84745E-01    8.31317E-01
    2.69200E+02    1.84857E-01    8.31223E-01
    2.69300E+02    1.84982E-01    8.31120E-01
    2.69400E+02    1.85114E-01    8.31010E-01
    2.69500E+02    1.85266E-01    8.30883E-01
    2.69600E+02    1.85400E-01    8.30772E-01
    2.69700E+02    1.85540E-01    8.30656E-01
    2.69800E+02    1.85695E-01    8.30527E-01
    2.69900E+02    1.85850E-01    8.30398E-01
    2.70000E+02    1.86011E-01    8.30264E-01
    2.70100E+02    1.86199E-01    8.30109E-01
    2.70200E+02    1.86334E-01    8.29996E-01
    2.70300E+02    1.86511E-01    8.29849E-01
    2.70400E+02    1.86717E-01    8.29679E-01
    2.70500E+02    1.86939E-01    8.29494E-01
    2.70600E+02    1.87064E-01    8.29391E-01
    2.70700E+02    1.87341E-01    8.29161E-01
    2.70800E+02    1.87542E-01    8.28994E-01
    2.70900E+02    1.87880E-01    8.28714E-01
    2.71000E+02    1.88221E-01    8.28432E-01
    2.71100E+02    1.90724E-01    8.26360E-01
    2.71200E+02    1.88487E-01    8.28211E-01
    2.71300E+02    1.88580E-01    8.28134E-01
    2.71400E+02    1.88574E-01    8.28140E-01
    2.71500E+02    1.88738E-01    8.28004E-01
    2.71600E+02    1.88945E-01    8.27832E-01
    2.71700E+02    1.89194E-01    8.27626E-01
    2.71800E+02    1.89524E-01    8.27353E-01
    2.71900E+02    1.90448E-01    8.26589E-01
    2.72000E+02    1.90216E-01    8.26781E-01
    2.72100E+02    1.90308E-01    8.26705E-01
    2.72200E+02    1.90616E-01    8.26450E-01
    2.72300E+02    1.91022E-01    8.26115E-01
    2.72400E+02    1.91550E-01    8.25678E-01
    2.72500E+02    1.92262E-01    8.25091E-01
    2.72600E+02    1.93284E-01    8.24248E-01
    2.72700E+02    1.94966E-01    8.22863E-01
    2.72800E+02    1.98103E-01    8.20285E-01
    2.72900E+02    2.05851E-01    8.13954E-01
    2.73000E+02    2.39057E-01    7.87370E-01
    2.73100E+02    2.40753E-01    7.86036E-01
    2.73200E+02    2.06726E-01    8.13243E-01
    2.73300E+02    1.99280E-01    8.19321E-01
    2.73400E+02    1.96441E-01    8.21650E-01
    2.73500E+02    1.95202E-01    8.22668E-01
    2.73600E+02    1.94635E-01    8.23135E-01
    2.73700E+02    1.94409E-01    8.23321E-01
    2.73800E+02    1.94455E-01    8.23283E-01
    2.73900E+02    1.94792E-01    8.23006E-01
    2.74000E+02    1.95162E-01    8.22701E-01
    2.74100E+02    1.95848E-01    8.22137E-01
    2.74200E+02    1.97298E-01    8.20946E-01
    2.74300E+02    2.00654E-01    8.18196E-01
    2.74400E+02    2.12189E-01    8.08812E-01
    2.74500E+02    2.42215E-01    7.84888E-01
    2.74600E+02    2.05403E-01    8.14319E-01
    2.74700E+02    1.99347E-01    8.19265E-01
    2.74800E+02    1.97297E-01    8.20947E-01
    2.74900E+02    1.96434E-01    8.21655E-01
    2.75000E+02    1.96081E-01    8.21946E-01
    2.75100E+02    1.95873E-01    8.22117E-01
    2.75200E+02    1.95895E-01    8.22098E-01
    2.75300E+02    1.95793E-01    8.22182E-01
    2.75400E+02    1.95836E-01    8.22147E-01
    2.75500E+02    1.95908E-01    8.22088E-01
    2.75600E+02    1.96012E-01    8.22002E-01
    2.75700E+02    1.96155E-01    8.21885E-01
    2.75800E+02    1.96313E-01    8.21755E-01
    2.75900E+02    1.96501E-01    8.21600E-01
    2.76000E+02    1.96660E-01    8.21470E-01
    2.76100E+02    1.96870E-01    8.21298E-01
    2.76200E+02    1.97105E-01    8.21105E-01
    2.76300E+02    1.97384E-01    8.20875E-01
    2.76400E+02    1.97712E-01    8.20606E-01
    2.76500E+02    1.98148E-01    8.20248E-01
    2.76600E+02    1.98798E-01    8.19715E-01
    2.76700E+02    1.99989E-01    8.18740E-01
    2.76800E+02    2.03035E-01    8.16249E-01
    2.76900E+02    2.20334E-01    8.02251E-01
    2.77000E+02    2.07302E-01    8.12774E-01
    2.77100E+02    2.01787E-01    8.17269E-01
    2.77200E+02    2.00290E-01    8.18493E-01
    2.77300E+02    1.99788E-01    8.18904E-01
    2.77400E+02    1.99663E-01    8.19007E-01
    2.77500E+02    1.99677E-01    8.18995E-01
    2.77600E+02    1.99701E-01    8.18976E-01
    2.77700E+02    1.99793E-01    8.18900E-01
    2.77800E+02    1.99955E-01    8.18768E-01
    2.77900E+02    2.00257E-01    8.18520E-01
    2.78000E+02    2.00338E-01    8.18454E-01
    2.78100E+02    2.00527E-01    8.18300E-01
    2.78200E+02    2.00649E-01    8.18199E-01
    2.78300E+02    2.00888E-01    8.18004E-01
    2.78400E+02    2.01311E-01    8.17658E-01
    2.78500E+02    2.02502E-01    8.16685E-01
    2.78600E+02    2.01817E-01    8.17244E-01
    2.78700E+02    2.01787E-01    8.17269E-01
    2.78800E+02    2.01983E-01    8.17108E-01
    2.78900E+02    2.02272E-01    8.16873E-01
    2.79000E+02    2.02652E-01    8.16562E-01
    2.79100E+02    2.03183E-01    8.16129E-01
    2.79200E+02    2.04090E-01    8.15389E-01
    2.79300E+02    2.06260E-01    8.13622E-01
    2.79400E+02    2.10211E-01    8.10413E-01
    2.79500E+02    2.28178E-01    7.95983E-01
    2.79600E+02    2.08773E-01    8.11579E-01
    2.79700E+02    2.06441E-01    8.13475E-01
    2.79800E+02    2.07015E-01    8.13007E-01
    2.79900E+02    2.16863E-01    8.05041E-01
    2.80000E+02    2.06394E-01    8.13513E-01
    2.80100E+02    2.05248E-01    8.14445E-01
    2.80200E+02    2.04983E-01    8.14661E-01
    2.80300E+02    2.04955E-01    8.14684E-01
    2.80400E+02    2.05028E-01    8.14625E-01
    2.80500E+02    2.05148E-01    8.14527E-01
    2.80600E+02    2.05308E-01    8.14396E-01
    2.80700E+02    2.05510E-01    8.14232E-01
    2.80800E+02    2.05791E-01    8.14003E-01
    2.80900E+02    2.06476E-01    8.13446E-01
    2.81000E+02    2.09115E-01    8.11302E-01
    2.81100E+02    2.06626E-01    8.13324E-01
    2.81200E+02    2.06735E-01    8.13235E-01
    2.81300E+02    2.06729E-01    8.13240E-01
    2.81400E+02    2.07016E-01    8.13007E-01
    2.81500E+02    2.07861E-01    8.12320E-01
    2.81600E+02    2.07542E-01    8.12579E-01
    2.81700E+02    2.07512E-01    8.12603E-01
    2.81800E+02    2.07706E-01    8.12446E-01
    2.81900E+02    2.08054E-01    8.12163E-01
    2.82000E+02    2.08481E-01    8.11817E-01
    2.82100E+02    2.08478E-01    8.11819E-01
    2.82200E+02    2.08708E-01    8.11632E-01
    2.82300E+02    2.09041E-01    8.11362E-01
    2.82400E+02    2.09298E-01    8.11153E-01
    2.82500E+02    2.09781E-01    8.10762E-01
    2.82600E+02    2.10590E-01    8.10106E-01
    2.82700E+02    2.12456E-01    8.08596E-01
    2.82800E+02    2.21204E-01    8.01553E-01
    2.82900E+02    2.17228E-01    8.04746E-01
    2.83000E+02    2.12481E-01    8.08576E-01
    2.83100E+02    2.11478E-01    8.09387E-01
    2.83200E+02    2.11211E-01    8.09603E-01
    2.83300E+02    2.11167E-01    8.09639E-01
    2.83400E+02    2.11279E-01    8.09548E-01
    2.83500E+02    2.11390E-01    8.09458E-01
    2.83600E+02    2.11549E-01    8.09330E-01
    2.83700E+02    2.11740E-01    8.09175E-01
    2.83800E+02    2.11951E-01    8.09005E-01
    2.83900E+02    2.12175E-01    8.08824E-01
    2.84000E+02    2.12430E-01    8.08617E-01
    2.84100E+02    2.12658E-01    8.08433E-01
    2.84200E+02    2.12911E-01    8.08228E-01
    2.84300E+02    2.13220E-01    8.07979E-01
    2.84400E+02    2.13957E-01    8.07383E-01
    2.84500E+02    2.13786E-01    8.07521E-01
    2.84600E+02    2.14172E-01    8.07210E-01
    2.84700E+02    2.14361E-01    8.07057E-01
    2.84800E+02    2.14729E-01    8.06760E-01
    2.84900E+02    2.15082E-01    8.06475E-01
    2.85000E+02    2.15444E-01    8.06183E-01
    2.85100E+02    2.15893E-01    8.05821E-01
    2.85200E+02    2.16418E-01    8.05399E-01
    2.85300E+02    2.17043E-01    8.04895E-01
    2.85400E+02    2.17820E-01    8.04270E-01
    2.85500E+02    2.18836E-01    8.03454E-01
    2.85600E+02    2.20311E-01    8.02270E-01
    2.85700E+02    2.22331E-01    8.00650E-01
    2.85800E+02    2.25924E-01    7.97778E-01
    2.85900E+02    2.33303E-01    7.91913E-01
    2.86000E+02    2.54393E-01    7.75387E-01
    2.86100E+02    3.47845E-01    7.06208E-01
    2.86200E+02    3.02083E-01    7.39276E-01
    2.86300E+02    2.97968E-01    7.42325E-01
    2.86400E+02    2.39313E-01    7.87169E-01
    2.86500E+02    2.29205E-01    7.95165E-01
    2.86600E+02    2.25208E-01    7.98350E-01
    2.86700E+02    2.23236E-01    7.99926E-01
    2.86800E+02    2.22162E-01    8.00785E-01
    2.86900E+02    2.21577E-01    8.01255E-01
    2.87000E+02    2.21321E-01    8.01459E-01
    2.87100E+02    2.21037E-01    8.01687E-01
    2.87200E+02    2.20962E-01    8.01747E-01
    2.87300E+02    2.20983E-01    8.01731E-01
    2.87400E+02    2.21068E-01    8.01662E-01
    2.87500E+02    2.21208E-01    8.01550E-01
    2.87600E+02    2.21390E-01    8.01404E-01
    2.87700E+02    2.21611E-01    8.01227E-01
    2.87800E+02    2.21879E-01    8.01013E-01
    2.87900E+02    2.22194E-01    8.00760E-01
    2.88000E+02    2.22569E-01    8.00459E-01
    2.88100E+02    2.23020E-01    8.00099E-01
    2.88200E+02    2.23585E-01    7.99647E-01
    2.88300E+02    2.24392E-01    7.99002E-01
    2.88400E+02    2.25274E-01    7.98298E-01
    2.88500E+02    2.26646E-01    7.97203E-01
    2.88600E+02    2.28925E-01    7.95388E-01
    2.88700E+02    2.33244E-01    7.91960E-01
    2.88800E+02    2.43623E-01    7.83783E-01
    2.88900E+02    2.84289E-01    7.52549E-01
    2.89000E+02    3.09047E-01    7.34146E-01
    2.89100E+02    2.48162E-01    7.80234E-01
    2.89200E+02    2.35685E-01    7.90030E-01
    2.89300E+02    2.31087E-01    7.93670E-01
    2.89400E+02    2.28972E-01    7.95351E-01
    2.89500E+02    2.27886E-01    7.96215E-01
    2.89600E+02    2.27305E-01    7.96678E-01
    2.89700E+02    2.27013E-01    7.96910E-01
    2.89800E+02    2.26966E-01    7.96948E-01
    2.89900E+02    2.26998E-01    7.96922E-01
    2.90000E+02    2.27055E-01    7.96877E-01
    2.90100E+02    2.26979E-01    7.96938E-01
    2.90200E+02    2.27080E-01    7.96857E-01
    2.90300E+02    2.27236E-01    7.96733E-01
    2.90400E+02    2.27440E-01    7.96570E-01
    2.90500E+02    2.27712E-01    7.96354E-01
    2.90600E+02    2.27995E-01    7.96128E-01
    2.90700E+02    2.28388E-01    7.95816E-01
    2.90800E+02    2.29080E-01    7.95265E-01
    2.90900E+02    2.31120E-01    7.93644E-01
    2.91000E+02    2.35660E-01    7.90049E-01
    2.91100E+02    2.30450E-01    7.94176E-01
    2.91200E+02    2.29860E-01    7.94645E-01
    2.91300E+02    2.29985E-01    7.94546E-01
    2.91400E+02    2.30076E-01    7.94473E-01
    2.91500E+02    2.30166E-01    7.94402E-01
    2.91600E+02    2.30523E-01    7.94119E-01
    2.91700E+02    2.33168E-01    7.92020E-01
    2.91800E+02    2.30995E-01    7.93743E-01
    2.91900E+02    2.31122E-01    7.93643E-01
    2.92000E+02    2.31378E-01    7.93439E-01
    2.92100E+02    2.31691E-01    7.93191E-01
    2.92200E+02    2.32045E-01    7.92911E-01
    2.92300E+02    2.32441E-01    7.92597E-01
    2.92400E+02    2.32917E-01    7.92219E-01
    2.92500E+02    2.33671E-01    7.91622E-01
    2.92600E+02    2.34229E-01    7.91180E-01
    2.92700E+02    2.34950E-01    7.90610E-01
    2.92800E+02    2.36221E-01    7.89606E-01
    2.92900E+02    2.38452E-01    7.87846E-01
    2.93000E+02    2.43374E-01    7.83979E-01
    2.93100E+02    2.60375E-01    7.70762E-01
    2.93200E+02    2.88096E-01    7.49690E-01
    2.93300E+02    2.49412E-01    7.79259E-01
    2.93400E+02    2.43790E-01    7.83652E-01
    2.93500E+02    2.47728E-01    7.80572E-01
    2.93600E+02    2.46231E-01    7.81741E-01
    2.93700E+02    2.39869E-01    7.86731E-01
    2.93800E+02    2.38325E-01    7.87947E-01
    2.93900E+02    2.37747E-01    7.88402E-01
    2.94000E+02    2.37550E-01    7.88557E-01
    2.94100E+02    2.37530E-01    7.88573E-01
    2.94200E+02    2.37616E-01    7.88505E-01
    2.94300E+02    2.37756E-01    7.88395E-01
    2.94400E+02    2.37940E-01    7.88250E-01
    2.94500E+02    2.38162E-01    7.88075E-01
    2.94600E+02    2.38484E-01    7.87822E-01
    2.94700E+02    2.38631E-01    7.87706E-01
    2.94800E+02    2.38899E-01    7.87494E-01
    2.94900E+02    2.39162E-01    7.87287E-01
    2.95000E+02    2.39441E-01    7.87068E-01
    2.95100E+02    2.39722E-01    7.86847E-01
    2.95200E+02    2.40044E-01    7.86593E-01
    2.95300E+02    2.40499E-01    7.86235E-01
    2.95400E+02    2.40807E-01    7.85994E-01
    2.95500E+02    2.41064E-01    7.85791E-01
    2.95600E+02    2.41267E-01    7.85631E-01
    2.95700E+02    2.41587E-01    7.85381E-01
    2.95800E+02    2.42019E-01    7.85041E-01
    2.95900E+02    2.42273E-01    7.84842E-01
    2.96000E+02    2.42686E-01    7.84517E-01
    2.96100E+02    2.43222E-01    7.84097E-01
    2.96200E+02    2.43347E-01    7.84000E-01
    2.96300E+02    2.43717E-01    7.83709E-01
    2.96400E+02    2.44407E-01    7.83169E-01
    2.96500E+02    2.44497E-01    7.83098E-01
    2.96600E+02    2.44888E-01    7.82793E-01
    2.96700E+02    2.45323E-01    7.82452E-01
    2.96800E+02    2.45829E-01    7.82056E-01
    2.96900E+02    2.46298E-01    7.81689E-01
    2.97000E+02    2.46905E-01    7.81215E-01
    2.97100E+02    2.47973E-01    7.80381E-01
    2.97200E+02    2.49776E-01    7.78976E-01
    2.97300E+02    2.48686E-01    7.79825E-01
    2.97400E+02    2.49235E-01    7.79397E-01
    2.97500E+02    2.49614E-01    7.79101E-01
    2.97600E+02    2.50249E-01    7.78607E-01
    2.97700E+02    2.51002E-01    7.78021E-01
    2.97800E+02    2.51864E-01    7.77351E-01
    2.97900E+02    2.52858E-01    7.76578E-01
    2.98000E+02    2.54026E-01    7.75672E-01
    2.98100E+02    2.55453E-01    7.74565E-01
    2.98200E+02    2.57287E-01    7.73146E-01
    2.98300E+02    2.60020E-01    7.71036E-01
    2.98400E+02    2.64526E-01    7.67570E-01
    2.98500E+02    2.68514E-01    7.64515E-01
    2.98600E+02    2.63118E-01    7.68651E-01
    2.98700E+02    2.60023E-01    7.71034E-01
    2.98800E+02    2.59108E-01    7.71739E-01
    2.98900E+02    2.57895E-01    7.72676E-01
    2.99000E+02    2.57298E-01    7.73138E-01
    2.99100E+02    2.56951E-01    7.73406E-01
    2.99200E+02    2.56774E-01    7.73543E-01
    2.99300E+02    2.56783E-01    7.73536E-01
    2.99400E+02    2.57205E-01    7.73210E-01
    2.99500E+02    2.59788E-01    7.71215E-01
    2.99600E+02    2.57223E-01    7.73196E-01
    2.99700E+02    2.57316E-01    7.73124E-01
    2.99800E+02    2.57245E-01    7.73179E-01
    2.99900E+02    2.57474E-01    7.73002E-01
    3.00000E+02    2.57801E-01    7.72749E-01
    3.00100E+02    2.58299E-01    7.72364E-01
    3.00200E+02    2.58785E-01    7.71989E-01
    3.00300E+02    2.59445E-01    7.71479E-01
    3.00400E+02    2.60517E-01    7.70653E-01
    3.00500E+02    2.62582E-01    7.69064E-01
    3.00600E+02    2.68654E-01    7.64408E-01
    3.00700E+02    2.92024E-01    7.46751E-01
    3.00800E+02    2.67112E-01    7.65588E-01
    3.00900E+02    2.64167E-01    7.67845E-01
    3.01000E+02    2.63680E-01    7.68219E-01
    3.01100E+02    2.63944E-01    7.68017E-01
    3.01200E+02    2.64730E-01    7.67413E-01
    3.01300E+02    2.66118E-01    7.66349E-01
    3.01400E+02    2.68375E-01    7.64621E-01
    3.01500E+02    2.72348E-01    7.61589E-01
    3.01600E+02    2.80638E-01    7.55301E-01
    3.01700E+02    3.04354E-01    7.37599E-01
    3.01800E+02    4.70388E-01    6.24760E-01
    3.01900E+02    3.19313E-01    7.26648E-01
    3.02000E+02    2.85953E-01    7.51298E-01
    3.02100E+02    2.76321E-01    7.58570E-01
    3.02200E+02    2.72446E-01    7.61515E-01
    3.02300E+02    2.70711E-01    7.62837E-01
    3.02400E+02    2.69999E-01    7.63381E-01
    3.02500E+02    2.69958E-01    7.63412E-01
    3.02600E+02    2.70267E-01    7.63175E-01
    3.02700E+02    2.71001E-01    7.62616E-01
    3.02800E+02    2.72476E-01    7.61492E-01
    3.02900E+02    2.75418E-01    7.59255E-01
    3.03000E+02    2.82468E-01    7.53920E-01
    3.03100E+02    3.08008E-01    7.34909E-01
    3.03200E+02    3.33290E-01    7.16562E-01
    3.03300E+02    2.87264E-01    7.50314E-01
    3.03400E+02    2.78392E-01    7.57000E-01
    3.03500E+02    2.75451E-01    7.59230E-01
    3.03600E+02    2.74475E-01    7.59971E-01
    3.03700E+02    2.73603E-01    7.60634E-01
    3.03800E+02    2.73434E-01    7.60762E-01
    3.03900E+02    2.73543E-01    7.60680E-01
    3.04000E+02    2.73749E-01    7.60523E-01
    3.04100E+02    2.74067E-01    7.60281E-01
    3.04200E+02    2.74471E-01    7.59974E-01
    3.04300E+02    2.74943E-01    7.59615E-01
    3.04400E+02    2.75486E-01    7.59203E-01
    3.04500E+02    2.76109E-01    7.58730E-01
    3.04600E+02    2.76847E-01    7.58171E-01
    3.04700E+02    2.77802E-01    7.57447E-01
    3.04800E+02    2.79675E-01    7.56029E-01
    3.04900E+02    2.79076E-01    7.56482E-01
    3.05000E+02    2.78847E-01    7.56656E-01
    3.05100E+02    2.78976E-01    7.56558E-01
    3.05200E+02    2.79164E-01    7.56416E-01
    3.05300E+02    2.79453E-01    7.56197E-01
    3.05400E+02    2.79799E-01    7.55936E-01
    3.05500E+02    2.80183E-01    7.55645E-01
    3.05600E+02    2.80601E-01    7.55330E-01
    3.05700E+02    2.81041E-01    7.54998E-01
    3.05800E+02    2.81503E-01    7.54649E-01
    3.05900E+02    2.81998E-01    7.54275E-01
    3.06000E+02    2.82517E-01    7.53884E-01
    3.06100E+02    2.82995E-01    7.53524E-01
    3.06200E+02    2.83516E-01    7.53131E-01
    3.06300E+02    2.84049E-01    7.52730E-01
    3.06400E+02    2.84603E-01    7.52313E-01
    3.06500E+02    2.85149E-01    7.51902E-01
    3.06600E+02    2.85718E-01    7.51475E-01
    3.06700E+02    2.86300E-01    7.51037E-01
    3.06800E+02    2.86901E-01    7.50586E-01
    3.06900E+02    2.87584E-01    7.50074E-01
    3.07000E+02    2.88142E-01    7.49655E-01
    3.07100E+02    2.88727E-01    7.49217E-01
    3.07200E+02    2.89364E-01    7.48740E-01
    3.07300E+02    2.90213E-01    7.48104E-01
    3.07400E+02    2.90948E-01    7.47554E-01
    3.07500E+02    2.91784E-01    7.46930E-01
    3.07600E+02    2.92237E-01    7.46592E-01
    3.07700E+02    2.92857E-01    7.46129E-01
    3.07800E+02    2.93529E-01    7.45628E-01
    3.07900E+02    2.94227E-01    7.45107E-01
    3.08000E+02    2.94931E-01    7.44583E-01
    3.08100E+02    2.95654E-01    7.44045E-01
    3.08200E+02    2.96400E-01    7.43490E-01
    3.08300E+02    2.97170E-01    7.42917E-01
    3.08400E+02    2.97999E-01    7.42302E-01
    3.08500E+02    2.99094E-01    7.41489E-01
    3.08600E+02    3.00296E-01    7.40599E-01
    3.08700E+02    3.00448E-01    7.40486E-01
    3.08800E+02    3.01290E-01    7.39863E-01
    3.08900E+02    3.02158E-01    7.39221E-01
    3.09000E+02    3.02811E-01    7.38739E-01
    3.09100E+02    3.03655E-01    7.38115E-01
    3.09200E+02    3.04591E-01    7.37425E-01
    3.09300E+02    3.05536E-01    7.36729E-01
    3.09400E+02    3.06631E-01    7.35922E-01
    3.09500E+02    3.07440E-01    7.35327E-01
    3.09600E+02    3.08509E-01    7.34541E-01
    3.09700E+02    3.09751E-01    7.33629E-01
    3.09800E+02    3.11366E-01    7.32446E-01
    3.09900E+02    3.13879E-01    7.30607E-01
    3.10000E+02    3.21017E-01    7.25411E-01
    3.10100E+02    3.27539E-01    7.20695E-01
    3.10200E+02    3.17645E-01    7.27861E-01
    3.10300E+02    3.16602E-01    7.28621E-01
    3.10400E+02    3.16725E-01    7.28531E-01
    3.10500E+02    3.17345E-01    7.28079E-01
    3.10600E+02    3.18130E-01    7.27509E-01
    3.10700E+02    3.19007E-01    7.26870E-01
    3.10800E+02    3.19940E-01    7.26193E-01
    3.10900E+02    3.20911E-01    7.25488E-01
    3.11000E+02    3.21923E-01    7.24754E-01
    3.11100E+02    3.23019E-01    7.23960E-01
    3.11200E+02    3.24039E-01    7.23222E-01
    3.11300E+02    3.25079E-01    7.22470E-01
    3.11400E+02    3.26175E-01    7.21679E-01
    3.11500E+02    3.27315E-01    7.20857E-01
    3.11600E+02    3.28564E-01    7.19957E-01
    3.11700E+02    3.29739E-01    7.19111E-01
    3.11800E+02    3.30882E-01    7.18290E-01
    3.11900E+02    3.32086E-01    7.17426E-01
    3.12000E+02    3.33356E-01    7.16515E-01
    3.12100E+02    3.34662E-01    7.15580E-01
    3.12200E+02    3.36002E-01    7.14622E-01
    3.12300E+02    3.37380E-01    7.13637E-01
    3.12400E+02    3.38799E-01    7.12625E-01
    3.12500E+02    3.40305E-01    7.11553E-01
    3.12600E+02    3.41811E-01    7.10483E-01
    3.12700E+02    3.43252E-01    7.09460E-01
    3.12800E+02    3.44809E-01    7.08356E-01
    3.12900E+02    3.46675E-01    7.07035E-01
    3.13000E+02    3.48029E-01    7.06078E-01
    3.13100E+02    3.49657E-01    7.04930E-01
    3.13200E+02    3.51280E-01    7.03787E-01
    3.13300E+02    3.52995E-01    7.02580E-01
    3.13400E+02    3.54771E-01    7.01334E-01
    3.13500E+02    3.56631E-01    7.00031E-01
    3.13600E+02    3.58661E-01    6.98611E-01
    3.13700E+02    3.60221E-01    6.97522E-01
    3.13800E+02    3.62079E-01    6.96227E-01
    3.13900E+02    3.64039E-01    6.94864E-01
    3.14000E+02    3.66574E-01    6.93105E-01
    3.14100E+02    3.67870E-01    6.92207E-01
    3.14200E+02    3.69809E-01    6.90866E-01
    3.14300E+02    3.71846E-01    6.89461E-01
    3.14400E+02    3.73951E-01    6.88011E-01
    3.14500E+02    3.76125E-01    6.86517E-01
    3.14600E+02    3.78374E-01    6.84974E-01
    3.14700E+02    3.80705E-01    6.83380E-01
    3.14800E+02    3.83129E-01    6.81725E-01
    3.14900E+02    3.85657E-01    6.80004E-01
    3.15000E+02    3.88313E-01    6.78200E-01
    3.15100E+02    3.91148E-01    6.76280E-01
    3.15200E+02    3.94099E-01    6.74288E-01
    3.15300E+02    3.97326E-01    6.72115E-01
    3.15400E+02    4.00942E-01    6.69689E-01
    3.15500E+02    4.05216E-01    6.66833E-01
    3.15600E+02    4.10823E-01    6.63105E-01
    3.15700E+02    4.20011E-01    6.57040E-01
    3.15800E+02    4.45013E-01    6.40816E-01
    3.15900E+02    4.97673E-01    6.07944E-01
    3.16000E+02    4.40450E-01    6.43746E-01
    3.16100E+02    4.38232E-01    6.45176E-01
    3.16200E+02    4.50865E-01    6.37077E-01
    3.16300E+02    5.22935E-01    5.92778E-01
    3.16400E+02    4.76002E-01    6.21262E-01
    3.16500E+02    4.52441E-01    6.36074E-01
    3.16600E+02    4.50493E-01    6.37314E-01
    3.16700E+02    4.58903E-01    6.31977E-01
    3.16800E+02    4.52601E-01    6.35972E-01
    3.16900E+02    4.54972E-01    6.34466E-01
    3.17000E+02    4.59123E-01    6.31837E-01
    3.17100E+02    4.65538E-01    6.27797E-01
    3.17200E+02    4.87201E-01    6.14343E-01
    3.17300E+02    4.74149E-01    6.22415E-01
    3.17400E+02    4.76962E-01    6.20666E-01
    3.17500E+02    4.81452E-01    6.17886E-01
    3.17600E+02    4.86589E-01    6.14719E-01
    3.17700E+02    4.92144E-01    6.11314E-01
    3.17800E+02    4.98007E-01    6.07740E-01
    3.17900E+02    5.04154E-01    6.04016E-01
    3.18000E+02    5.10614E-01    6.00127E-01
    3.18100E+02    5.17439E-01    5.96045E-01
    3.18200E+02    5.24488E-01    5.91858E-01
    3.18300E+02    5.31921E-01    5.87475E-01
    3.18400E+02    5.39716E-01    5.82914E-01
    3.18500E+02    5.47927E-01    5.78147E-01
    3.18600E+02    5.56429E-01    5.73253E-01
    3.18700E+02    5.65425E-01    5.68118E-01
    3.18800E+02    5.74879E-01    5.62773E-01
    3.18900E+02    5.84831E-01    5.57200E-01
    3.19000E+02    5.95306E-01    5.51394E-01
    3.19100E+02    6.06368E-01    5.45328E-01
    3.19200E+02    6.18163E-01    5.38934E-01
    3.19300E+02    6.30557E-01    5.32295E-01
    3.19400E+02    6.43868E-01    5.25257E-01
    3.19500E+02    6.57884E-01    5.17946E-01
    3.19600E+02    6.73262E-01    5.10042E-01
    3.19700E+02    6.90551E-01    5.01300E-01
    3.19800E+02    7.11584E-01    4.90866E-01
    3.19900E+02    7.44906E-01    4.74779E-01
    3.20000E+02    8.98969E-01    4.06989E-01
    3.20100E+02    7.79574E-01    4.58601E-01
    3.20200E+02    7.84500E-01    4.56348E-01
    3.20300E+02    8.00745E-01    4.48994E-01
    3.20400E+02    8.20806E-01    4.40077E-01
    3.20500E+02    8.42888E-01    4.30465E-01
    3.20600E+02    8.66647E-01    4.20359E-01
    3.20700E+02    8.91627E-01    4.09988E-01
    3.20800E+02    9.17746E-01    3.99418E-01
    3.20900E+02    9.44764E-01    3.88771E-01
    3.21000E+02    9.72530E-01    3.78125E-01
    3.21100E+02    1.00092E+00    3.67541E-01
    3.21200E+02    1.02958E+00    3.57157E-01
    3.21300E+02    1.05865E+00    3.46925E-01
    3.21400E+02    1.08846E+00    3.36734E-01
    3.21500E+02    1.11947E+00    3.26454E-01
    3.21600E+02    1.15184E+00    3.16054E-01
    3.21700E+02    1.18628E+00    3.05356E-01
    3.21800E+02    1.22315E+00    2.94303E-01
    3.21900E+02    1.26302E+00    2.82799E-01
    3.22000E+02    1.30850E+00    2.70224E-01
    3.22100E+02    1.35289E+00    2.58492E-01
    3.22200E+02    1.40261E+00    2.45954E-01
    3.22300E+02    1.45675E+00    2.32992E-01
    3.22400E+02    1.51583E+00    2.19625E-01
    3.22500E+02    1.58001E+00    2.05973E-01
    3.22600E+02    1.64967E+00    1.92113E-01
    3.22700E+02    1.72549E+00    1.78086E-01
    3.22800E+02    1.80741E+00    1.64079E-01
    3.22900E+02    1.89661E+00    1.50077E-01
    3.23000E+02    1.99349E+00    1.36219E-01
    3.23100E+02    2.09871E+00    1.22615E-01
    3.23200E+02    2.21295E+00    1.09377E-01
    3.23300E+02    2.33689E+00    9.66280E-02
    3.23400E+02    2.47128E+00    8.44769E-02
    3.23500E+02    2.61686E+00    7.30317E-02
    3.23600E+02    2.77445E+00    6.23835E-02
    3.23700E+02    2.94960E+00    5.23608E-02
    3.23800E+02    3.12638E+00    4.38763E-02
    3.23900E+02    3.32111E+00    3.61127E-02
    3.24000E+02    3.52897E+00    2.93352E-02
    3.24100E+02    3.74920E+00    2.35365E-02
    3.24200E+02    3.98104E+00    1.86662E-02
    3.24300E+02    4.22191E+00    1.46706E-02
    3.24400E+02    4.46933E+00    1.14550E-02
    3.24500E+02    4.71914E+00    8.92286E-03
    3.24600E+02    4.96599E+00    6.97106E-03
    3.24700E+02    5.20262E+00    5.50212E-03
    3.24800E+02    5.42008E+00    4.42679E-03
    3.24900E+02    5.60801E+00    3.66838E-03
    3.25000E+02    5.75362E+00    3.17128E-03
    3.25100E+02    5.84257E+00    2.90138E-03
    3.25200E+02    5.84855E+00    2.88408E-03
    3.25300E+02    5.76956E+00    3.12112E-03
    3.25400E+02    5.63292E+00    3.57811E-03
    3.25500E+02    5.45243E+00    4.28590E-03
    3.25600E+02    5.24128E+00    5.29346E-03
    3.25700E+02    5.00944E+00    6.67461E-03
    3.25800E+02    4.76667E+00    8.50864E-03
    3.25900E+02    4.51977E+00    1.08915E-02
    3.26000E+02    4.27454E+00    1.39184E-02
    3.26100E+02    4.03503E+00    1.76851E-02
    3.26200E+02    3.80418E+00    2.22775E-02
    3.26300E+02    3.58456E+00    2.77489E-02
    3.26400E+02    3.37820E+00    3.41087E-02
    3.26500E+02    3.18590E+00    4.13410E-02
    3.26600E+02    3.00397E+00    4.95898E-02
    3.26700E+02    2.84224E+00    5.82948E-02
    3.26800E+02    2.71320E+00    6.63241E-02
    3.26900E+02    2.83665E+00    5.86215E-02
    3.27000E+02    2.42988E+00    8.80473E-02
    3.27100E+02    2.27255E+00    1.03049E-01
    3.27200E+02    2.14577E+00    1.16978E-01
    3.27300E+02    2.03338E+00    1.30893E-01
    3.27400E+02    1.93132E+00    1.44957E-01
    3.27500E+02    1.83796E+00    1.59142E-01
    3.27600E+02    1.75263E+00    1.73318E-01
    3.27700E+02    1.67635E+00    1.87055E-01
    3.27800E+02    1.61520E+00    1.98850E-01
    3.27900E+02    1.54366E+00    2.13597E-01
    3.28000E+02    1.46955E+00    2.30029E-01
    3.28100E+02    1.40811E+00    2.44605E-01
    3.28200E+02    1.35246E+00    2.58602E-01
    3.28300E+02    1.30110E+00    2.72233E-01
    3.28400E+02    1.25343E+00    2.85523E-01
    3.28500E+02    1.20918E+00    2.98441E-01
    3.28600E+02    1.16778E+00    3.11057E-01
    3.28700E+02    1.12915E+00    3.23308E-01
    3.28800E+02    1.09311E+00    3.35173E-01
    3.28900E+02    1.05935E+00    3.46683E-01
    3.29000E+02    1.02775E+00    3.57810E-01
    3.29100E+02    9.98186E-01    3.68547E-01
    3.29200E+02    9.70297E-01    3.78971E-01
    3.29300E+02    9.44248E-01    3.88972E-01
    3.29400E+02    9.19500E-01    3.98718E-01
    3.29500E+02    8.96335E-01    4.08062E-01
    3.29600E+02    8.74629E-01    4.17017E-01
    3.29700E+02    8.54104E-01    4.25664E-01
    3.29800E+02    8.35545E-01    4.33638E-01
    3.29900E+02    8.16189E-01    4.42113E-01
    3.30000E+02    7.98694E-01    4.49916E-01
    3.30100E+02    7.82238E-01    4.57381E-01
    3.30200E+02    7.66681E-01    4.64553E-01
    3.30300E+02    7.51933E-01    4.71454E-01
    3.30400E+02    7.37967E-01    4.78085E-01
    3.30500E+02    7.24688E-01    4.84476E-01
    3.30600E+02    7.12119E-01    4.90604E-01
    3.30700E+02    7.00173E-01    4.96499E-01
    3.30800E+02    6.88795E-01    5.02181E-01
    3.30900E+02    6.78005E-01    5.07629E-01
    3.31000E+02    6.67779E-01    5.12847E-01
    3.31100E+02    6.58009E-01    5.17881E-01
    3.31200E+02    6.48677E-01    5.22737E-01
    3.31300E+02    6.39827E-01    5.27384E-01
    3.31400E+02    6.31409E-01    5.31842E-01
    3.31500E+02    6.23439E-01    5.36098E-01
    3.31600E+02    6.15869E-01    5.40171E-01
    3.31700E+02    6.08750E-01    5.44030E-01
    3.31800E+02    6.02668E-01    5.47350E-01
    3.31900E+02    5.95504E-01    5.51285E-01
    3.32000E+02    5.89459E-01    5.54627E-01
    3.32100E+02    5.84134E-01    5.57588E-01
    3.32200E+02    5.79159E-01    5.60369E-01
    3.32300E+02    5.75290E-01    5.62542E-01
    3.32400E+02    5.73196E-01    5.63721E-01
    3.32500E+02    5.75203E-01    5.62591E-01
    3.32600E+02    5.91321E-01    5.53595E-01
    3.32700E+02    7.58656E-01    4.68296E-01
    3.32800E+02    6.00833E-01    5.48355E-01
    3.32900E+02    6.10593E-01    5.43029E-01
    3.33000E+02    5.56048E-01    5.73471E-01
    3.33100E+02    5.41958E-01    5.81608E-01
    3.33200E+02    5.33922E-01    5.86301E-01
    3.33300E+02    5.27997E-01    5.89785E-01
    3.33400E+02    5.23112E-01    5.92673E-01
    3.33500E+02    5.18772E-01    5.95251E-01
    3.33600E+02    5.14877E-01    5.97574E-01
    3.33700E+02    5.11252E-01    5.99744E-01
    3.33800E+02    5.07898E-01    6.01759E-01
    3.33900E+02    5.04806E-01    6.03623E-01
    3.34000E+02    5.01853E-01    6.05408E-01
    3.34100E+02    4.98806E-01    6.07255E-01
    3.34200E+02    4.96034E-01    6.08941E-01
    3.34300E+02    4.93446E-01    6.10519E-01
    3.34400E+02    4.90946E-01    6.12047E-01
    3.34500E+02    4.88609E-01    6.13479E-01
    3.34600E+02    4.86388E-01    6.14843E-01
    3.34700E+02    4.84320E-01    6.16116E-01
    3.34800E+02    4.82388E-01    6.17307E-01
    3.34900E+02    4.80717E-01    6.18340E-01
    3.35000E+02    4.79483E-01    6.19103E-01
    3.35100E+02    4.79407E-01    6.19150E-01
    3.35200E+02    4.84136E-01    6.16230E-01
    3.35300E+02    4.93537E-01    6.10463E-01
    3.35400E+02    4.75642E-01    6.21486E-01
    3.35500E+02    4.71160E-01    6.24278E-01
    3.35600E+02    4.68644E-01    6.25850E-01
    3.35700E+02    4.67010E-01    6.26874E-01
    3.35800E+02    4.64745E-01    6.28295E-01
    3.35900E+02    4.63515E-01    6.29068E-01
    3.36000E+02    4.61518E-01    6.30326E-01
    3.36100E+02    4.60001E-01    6.31283E-01
    3.36200E+02    4.58982E-01    6.31926E-01
    3.36300E+02    4.57223E-01    6.33039E-01
    3.36400E+02    4.55884E-01    6.33887E-01
    3.36500E+02    4.54629E-01    6.34683E-01
    3.36600E+02    4.53445E-01    6.35436E-01
    3.36700E+02    4.52299E-01    6.36164E-01
    3.36800E+02    4.51212E-01    6.36856E-01
    3.36900E+02    4.50187E-01    6.37509E-01
    3.37000E+02    4.49187E-01    6.38147E-01
    3.37100E+02    4.48366E-01    6.38671E-01
    3.37200E+02    4.47452E-01    6.39255E-01
    3.37300E+02    4.46540E-01    6.39838E-01
    3.37400E+02    4.45703E-01    6.40374E-01
    3.37500E+02    4.45042E-01    6.40797E-01
    3.37600E+02    4.44614E-01    6.41072E-01
    3.37700E+02    4.43633E-01    6.41701E-01
    3.37800E+02    4.42700E-01    6.42300E-01
    3.37900E+02    4.41976E-01    6.42765E-01
    3.38000E+02    4.41322E-01    6.43186E-01
    3.38100E+02    4.40731E-01    6.43566E-01
    3.38200E+02    4.40157E-01    6.43936E-01
    3.38300E+02    4.39692E-01    6.44235E-01
    3.38400E+02    4.39178E-01    6.44566E-01
    3.38500E+02    4.38695E-01    6.44877E-01
    3.38600E+02    4.38397E-01    6.45069E-01
    3.38700E+02    4.39334E-01    6.44465E-01
    3.38800E+02    4.37775E-01    6.45471E-01
    3.38900E+02    4.37068E-01    6.45927E-01
    3.39000E+02    4.36575E-01    6.46246E-01
    3.39100E+02    4.36186E-01    6.46497E-01
    3.39200E+02    4.35845E-01    6.46718E-01
    3.39300E+02    4.35532E-01    6.46920E-01
    3.39400E+02    4.35247E-01    6.47105E-01
    3.39500E+02    4.34984E-01    6.47275E-01
    3.39600E+02    4.34744E-01    6.47430E-01
    3.39700E+02    4.34525E-01    6.47572E-01
    3.39800E+02    4.34342E-01    6.47691E-01
    3.39900E+02    4.34187E-01    6.47791E-01
    3.40000E+02    4.33994E-01    6.47916E-01
    3.40100E+02    4.33847E-01    6.48012E-01
    3.40200E+02    4.33723E-01    6.48092E-01
    3.40300E+02    4.33617E-01    6.48160E-01
    3.40400E+02    4.33535E-01    6.48214E-01
    3.40500E+02    4.33483E-01    6.48247E-01
    3.40600E+02    4.33527E-01    6.48219E-01
    3.40700E+02    4.33802E-01    6.48040E-01
    3.40800E+02    4.33396E-01    6.48304E-01
    3.40900E+02    4.33342E-01    6.48339E-01
    3.41000E+02    4.33334E-01    6.48344E-01
    3.41100E+02    4.33351E-01    6.48333E-01
    3.41200E+02    4.33389E-01    6.48308E-01
    3.41300E+02    4.33443E-01    6.48273E-01
    3.41400E+02    4.33514E-01    6.48227E-01
    3.41500E+02    4.33606E-01    6.48168E-01
    3.41600E+02    4.33714E-01    6.48098E-01
    3.41700E+02    4.33846E-01    6.48012E-01
    3.41800E+02    4.34030E-01    6.47893E-01
    3.41900E+02    4.34391E-01    6.47659E-01
    3.42000E+02    4.34417E-01    6.47642E-01
    3.42100E+02    4.35081E-01    6.47212E-01
    3.42200E+02    4.34818E-01    6.47382E-01
    3.42300E+02    4.35050E-01    6.47232E-01
    3.42400E+02    4.35340E-01    6.47045E-01
    3.42500E+02    4.35724E-01    6.46797E-01
    3.42600E+02    4.36091E-01    6.46559E-01
    3.42700E+02    4.36632E-01    6.46209E-01
    3.42800E+02    4.37402E-01    6.45712E-01
    3.42900E+02    4.38583E-01    6.44950E-01
    3.43000E+02    4.40912E-01    6.43450E-01
    3.43100E+02    4.47495E-01    6.39228E-01
    3.43200E+02    4.74742E-01    6.22046E-01
    3.43300E+02    4.56149E-01    6.33719E-01
    3.43400E+02    4.46141E-01    6.40093E-01
    3.43500E+02    4.56030E-01    6.33795E-01
    3.43600E+02    4.42828E-01    6.42218E-01
    3.43700E+02    4.40726E-01    6.43569E-01
    3.43800E+02    4.40136E-01    6.43949E-01
    3.43900E+02    4.40025E-01    6.44020E-01
    3.44000E+02    4.40063E-01    6.43996E-01
    3.44100E+02    4.40227E-01    6.43890E-01
    3.44200E+02    4.40458E-01    6.43741E-01
    3.44300E+02    4.40736E-01    6.43563E-01
    3.44400E+02    4.41054E-01    6.43358E-01
    3.44500E+02    4.41404E-01    6.43133E-01
    3.44600E+02    4.41802E-01    6.42877E-01
    3.44700E+02    4.42186E-01    6.42630E-01
    3.44800E+02    4.42641E-01    6.42338E-01
    3.44900E+02    4.43069E-01    6.42063E-01
    3.45000E+02    4.43433E-01    6.41829E-01
    3.45100E+02    4.43862E-01    6.41554E-01
    3.45200E+02    4.44317E-01    6.41262E-01
    3.45300E+02    4.44780E-01    6.40965E-01
    3.45400E+02    4.45262E-01    6.40657E-01
    3.45500E+02    4.45752E-01    6.40342E-01
    3.45600E+02    4.46257E-01    6.40019E-01
    3.45700E+02    4.46770E-01    6.39691E-01
    3.45800E+02    4.47294E-01    6.39356E-01
    3.45900E+02    4.47832E-01    6.39012E-01
    3.46000E+02    4.48378E-01    6.38663E-01
    3.46100E+02    4.48948E-01    6.38299E-01
    3.46200E+02    4.49517E-01    6.37936E-01
    3.46300E+02    4.50075E-01    6.37580E-01
    3.46400E+02    4.50672E-01    6.37200E-01
    3.46500E+02    4.51247E-01    6.36834E-01
    3.46600E+02    4.51880E-01    6.36431E-01
    3.46700E+02    4.52484E-01    6.36046E-01
    3.46800E+02    4.53152E-01    6.35622E-01
    3.46900E+02    4.53851E-01    6.35177E-01
    3.47000E+02    4.54418E-01    6.34817E-01
    3.47100E+02    4.55101E-01    6.34384E-01
    3.47200E+02    4.55996E-01    6.33816E-01
    3.47300E+02    4.56495E-01    6.33500E-01
    3.47400E+02    4.57073E-01    6.33134E-01
    3.47500E+02    4.57738E-01    6.32713E-01
    3.47600E+02    4.58453E-01    6.32261E-01
    3.47700E+02    4.59214E-01    6.31780E-01
    3.47800E+02    4.60312E-01    6.31086E-01
    3.47900E+02    4.60678E-01    6.30856E-01
    3.48000E+02    4.61457E-01    6.30365E-01
    3.48100E+02    4.62121E-01    6.29946E-01
    3.48200E+02    4.62871E-01    6.29474E-01
    3.48300E+02    4.63623E-01    6.29001E-01
    3.48400E+02    4.64414E-01    6.28503E-01
    3.48500E+02    4.65229E-01    6.27991E-01
    3.48600E+02    4.66121E-01    6.27431E-01
    3.48700E+02    4.66828E-01    6.26988E-01
    3.48800E+02    4.67666E-01    6.26463E-01
    3.48900E+02    4.68504E-01    6.25938E-01
    3.49000E+02    4.69629E-01    6.25234E-01
    3.49100E+02    4.70226E-01    6.24861E-01
    3.49200E+02    4.71104E-01    6.24312E-01
    3.49300E+02    4.72024E-01    6.23738E-01
    3.49400E+02    4.73030E-01    6.23112E-01
    3.49500E+02    4.74258E-01    6.22347E-01
    3.49600E+02    4.75537E-01    6.21551E-01
    3.49700E+02    4.78205E-01    6.19895E-01
    3.49800E+02    4.78671E-01    6.19606E-01
    3.49900E+02    4.78136E-01    6.19938E-01
