    1.49900E+02    6.14490E-02    9.40401E-01
    1.50000E+02    6.15706E-02    9.40287E-01
    1.50100E+02    6.16891E-02    9.40175E-01
    1.50200E+02    6.17570E-02    9.40111E-01
    1.50300E+02    6.18715E-02    9.40004E-01
    1.50400E+02    6.19588E-02    9.39922E-01
    1.50500E+02    6.20627E-02    9.39824E-01
    1.50600E+02    6.21709E-02    9.39722E-01
    1.50700E+02    6.22835E-02    9.39616E-01
    1.50800E+02    6.23954E-02    9.39511E-01
    1.50900E+02    6.25088E-02    9.39405E-01
    1.51000E+02    6.26231E-02    9.39297E-01
    1.51100E+02    6.27429E-02    9.39185E-01
    1.51200E+02    6.28570E-02    9.39078E-01
    1.51300E+02    6.29760E-02    9.38966E-01
    1.51400E+02    6.30931E-02    9.38856E-01
    1.51500E+02    6.32108E-02    9.38746E-01
    1.51600E+02    6.33315E-02    9.38632E-01
    1.51700E+02    6.34488E-02    9.38522E-01
    1.51800E+02    6.35663E-02    9.38412E-01
    1.51900E+02    6.36873E-02    9.38298E-01
    1.52000E+02    6.38061E-02    9.38187E-01
    1.52100E+02    6.39283E-02    9.38072E-01
    1.52200E+02    6.40441E-02    9.37964E-01
    1.52300E+02    6.41689E-02    9.37847E-01
    1.52400E+02    6.42934E-02    9.37730E-01
    1.52500E+02    6.44237E-02    9.37608E-01
    1.52600E+02    6.45502E-02    9.37489E-01
    1.52700E+02    6.46832E-02    9.37364E-01
    1.52800E+02    6.48176E-02    9.37238E-01
    1.52900E+02    6.49592E-02    9.37106E-01
    1.53000E+02    6.51090E-02    9.36965E-01
    1.53100E+02    6.52622E-02    9.36822E-01
    1.53200E+02    6.54197E-02    9.36674E-01
    1.53300E+02    6.55968E-02    9.36508E-01
    1.53400E+02    6.58023E-02    9.36316E-01
    1.53500E+02    6.60657E-02    9.36069E-01
    1.53600E+02    6.64500E-02    9.35710E-01
    1.53700E+02    6.76444E-02    9.34593E-01
    1.53800E+02    6.77133E-02    9.34528E-01
    1.53900E+02    6.95981E-02    9.32769E-01
    1.54000E+02    7.34712E-02    9.29163E-01
    1.54100E+02    7.16431E-02    9.30863E-01
    1.54200E+02    6.83857E-02    9.33900E-01
    1.54300E+02    6.76701E-02    9.34569E-01
    1.54400E+02    6.74444E-02    9.34780E-01
    1.54500E+02    6.74031E-02    9.34818E-01
    1.54600E+02    6.74446E-02    9.34779E-01
    1.54700E+02    6.75576E-02    9.34674E-01
    1.54800E+02    6.76612E-02    9.34577E-01
    1.54900E+02    6.77750E-02    9.34471E-01
    1.55000E+02    6.79048E-02    9.34349E-01
    1.55100E+02    6.80387E-02    9.34224E-01
    1.55200E+02    6.81783E-02    9.34094E-01
    1.55300E+02    6.83204E-02    9.33961E-01
    1.55400E+02    6.84693E-02    9.33822E-01
    1.55500E+02    6.86232E-02    9.33678E-01
    1.55600E+02    6.87816E-02    9.33531E-01
    1.55700E+02    6.89489E-02    9.33374E-01
    1.55800E+02    6.91287E-02    9.33207E-01
    1.55900E+02    6.93557E-02    9.32995E-01
    1.56000E+02    6.96689E-02    9.32703E-01
    1.56100E+02    7.14311E-02    9.31060E-01
    1.56200E+02    7.00339E-02    9.32362E-01
    1.56300E+02    7.00001E-02    9.32394E-01
    1.56400E+02    7.01269E-02    9.32275E-01
    1.56500E+02    7.03854E-02    9.32035E-01
    1.56600E+02    7.04276E-02    9.31995E-01
    1.56700E+02    7.05862E-02    9.31847E-01
    1.56800E+02    7.07379E-02    9.31706E-01
    1.56900E+02    7.09042E-02    9.31551E-01
    1.57000E+02    7.10923E-02    9.31376E-01
    1.57100E+02    7.12595E-02    9.31220E-01
    1.57200E+02    7.14583E-02    9.31035E-01
    1.57300E+02    7.17111E-02    9.30800E-01
    1.57400E+02    7.18040E-02    9.30713E-01
    1.57500E+02    7.19745E-02    9.30555E-01
    1.57600E+02    7.21562E-02    9.30386E-01
    1.57700E+02    7.23425E-02    9.30212E-01
    1.57800E+02    7.25298E-02    9.30038E-01
    1.57900E+02    7.27206E-02    9.29861E-01
    1.58000E+02    7.29146E-02    9.29680E-01
    1.58100E+02    7.31121E-02    9.29497E-01
    1.58200E+02    7.33091E-02    9.29314E-01
    1.58300E+02    7.35148E-02    9.29122E-01
    1.58400E+02    7.37278E-02    9.28924E-01
    1.58500E+02    7.40214E-02    9.28652E-01
    1.58600E+02    7.41941E-02    9.28491E-01
    1.58700E+02    7.43327E-02    9.28363E-01
    1.58800E+02    7.45339E-02    9.28176E-01
    1.58900E+02    7.47389E-02    9.27986E-01
    1.59000E+02    7.49491E-02    9.27791E-01
    1.59100E+02    7.51733E-02    9.27583E-01
    1.59200E+02    7.54003E-02    9.27372E-01
    1.59300E+02    7.56099E-02    9.27178E-01
    1.59400E+02    7.58230E-02    9.26980E-01
    1.59500E+02    7.60674E-02    9.26754E-01
    1.59600E+02    7.62758E-02    9.26561E-01
    1.59700E+02    7.64883E-02    9.26364E-01
    1.59800E+02    7.67211E-02    9.26148E-01
    1.59900E+02    7.69660E-02    9.25921E-01
    1.60000E+02    7.71970E-02    9.25707E-01
    1.60100E+02    7.74253E-02    9.25496E-01
    1.60200E+02    7.76643E-02    9.25275E-01
    1.60300E+02    7.78973E-02    9.25059E-01
    1.60400E+02    7.81555E-02    9.24821E-01
    1.60500E+02    7.83937E-02    9.24600E-01
    1.60600E+02    7.86371E-02    9.24375E-01
    1.60700E+02    7.88895E-02    9.24142E-01
    1.60800E+02    7.91408E-02    9.23910E-01
    1.60900E+02    7.93976E-02    9.23673E-01
    1.61000E+02    7.96602E-02    9.23430E-01
    1.61100E+02    7.99262E-02    9.23184E-01
    1.61200E+02    8.01979E-02    9.22934E-01
    1.61300E+02    8.04750E-02    9.22678E-01
    1.61400E+02    8.07356E-02    9.22438E-01
    1.61500E+02    8.10093E-02    9.22185E-01
    1.61600E+02    8.12869E-02    9.21929E-01
    1.61700E+02    8.15728E-02    9.21666E-01
    1.61800E+02    8.18567E-02    9.21404E-01
    1.61900E+02    8.21490E-02    9.21135E-01
    1.62000E+02    8.24410E-02    9.20866E-01
    1.62100E+02    8.27383E-02    9.20592E-01
    1.62200E+02    8.30394E-02    9.20315E-01
    1.62300E+02    8.33514E-02    9.20028E-01
    1.62400E+02    8.36523E-02    9.19751E-01
    1.62500E+02    8.39661E-02    9.19462E-01
    1.62600E+02    8.42841E-02    9.19170E-01
    1.62700E+02    8.46044E-02    9.18876E-01
    1.62800E+02    8.49320E-02    9.18575E-01
    1.62900E+02    8.52641E-02    9.18270E-01
    1.63000E+02    8.56047E-02    9.17957E-01
    1.63100E+02    8.59557E-02    9.17635E-01
    1.63200E+02    8.63422E-02    9.17280E-01
    1.63300E+02    8.67103E-02    9.16943E-01
    1.63400E+02    8.70171E-02    9.16661E-01
    1.63500E+02    8.73741E-02    9.16334E-01
    1.63600E+02    8.77485E-02    9.15991E-01
    1.63700E+02    8.81260E-02    9.15646E-01
    1.63800E+02    8.85177E-02    9.15287E-01
    1.63900E+02    8.89223E-02    9.14917E-01
    1.64000E+02    8.93442E-02    9.14531E-01
    1.64100E+02    8.97734E-02    9.14138E-01
    1.64200E+02    9.02326E-02    9.13719E-01
    1.64300E+02    9.07241E-02    9.13270E-01
    1.64400E+02    9.12642E-02    9.12776E-01
    1.64500E+02    9.18857E-02    9.12209E-01
    1.64600E+02    9.26641E-02    9.11500E-01
    1.64700E+02    9.38270E-02    9.10440E-01
    1.64800E+02    9.60248E-02    9.08442E-01
    1.64900E+02    1.02958E-01    9.02164E-01
    1.65000E+02    1.03985E-01    9.01239E-01
    1.65100E+02    9.75924E-02    9.07019E-01
    1.65200E+02    9.67027E-02    9.07826E-01
    1.65300E+02    9.69581E-02    9.07594E-01
    1.65400E+02    9.78153E-02    9.06816E-01
    1.65500E+02    9.94951E-02    9.05294E-01
    1.65600E+02    1.03093E-01    9.02043E-01
    1.65700E+02    1.14467E-01    8.91842E-01
    1.65800E+02    1.57143E-01    8.54582E-01
    1.65900E+02    1.10094E-01    8.95750E-01
    1.66000E+02    1.03500E-01    9.01676E-01
    1.66100E+02    1.01584E-01    9.03406E-01
    1.66200E+02    1.01249E-01    9.03708E-01
    1.66300E+02    1.00840E-01    9.04077E-01
    1.66400E+02    1.00939E-01    9.03988E-01
    1.66500E+02    1.01238E-01    9.03718E-01
    1.66600E+02    1.01758E-01    9.03248E-01
    1.66700E+02    1.02012E-01    9.03019E-01
    1.66800E+02    1.02459E-01    9.02615E-01
    1.66900E+02    1.02959E-01    9.02164E-01
    1.67000E+02    1.03498E-01    9.01678E-01
    1.67100E+02    1.04083E-01    9.01150E-01
    1.67200E+02    1.04709E-01    9.00587E-01
    1.67300E+02    1.05424E-01    8.99943E-01
    1.67400E+02    1.06331E-01    8.99127E-01
    1.67500E+02    1.08113E-01    8.97526E-01
    1.67600E+02    1.10868E-01    8.95057E-01
    1.67700E+02    1.08511E-01    8.97169E-01
    1.67800E+02    1.08615E-01    8.97076E-01
    1.67900E+02    1.09078E-01    8.96661E-01
    1.68000E+02    1.09659E-01    8.96140E-01
    1.68100E+02    1.10295E-01    8.95570E-01
    1.68200E+02    1.10962E-01    8.94972E-01
    1.68300E+02    1.11659E-01    8.94349E-01
    1.68400E+02    1.12377E-01    8.93707E-01
    1.68500E+02    1.13116E-01    8.93047E-01
    1.68600E+02    1.13876E-01    8.92368E-01
    1.68700E+02    1.14660E-01    8.91669E-01
    1.68800E+02    1.15485E-01    8.90934E-01
    1.68900E+02    1.16470E-01    8.90057E-01
    1.69000E+02    1.17561E-01    8.89086E-01
    1.69100E+02    1.18002E-01    8.88695E-01
    1.69200E+02    1.18775E-01    8.88008E-01
    1.69300E+02    1.19626E-01    8.87252E-01
    1.69400E+02    1.20503E-01    8.86475E-01
    1.69500E+02    1.21410E-01    8.85671E-01
    1.69600E+02    1.22349E-01    8.84839E-01
    1.69700E+02    1.23299E-01    8.83999E-01
    1.69800E+02    1.24310E-01    8.83106E-01
    1.69900E+02    1.25314E-01    8.82220E-01
    1.70000E+02    1.26386E-01    8.81275E-01
    1.70100E+02    1.27291E-01    8.80477E-01
    1.70200E+02    1.28339E-01    8.79555E-01
    1.70300E+02    1.29535E-01    8.78504E-01
    1.70400E+02    1.30506E-01    8.77652E-01
    1.70500E+02    1.31624E-01    8.76671E-01
    1.70600E+02    1.32770E-01    8.75667E-01
    1.70700E+02    1.33948E-01    8.74635E-01
    1.70800E+02    1.35154E-01    8.73581E-01
    1.70900E+02    1.36395E-01    8.72498E-01
    1.71000E+02    1.37675E-01    8.71382E-01
    1.71100E+02    1.38993E-01    8.70234E-01
    1.71200E+02    1.40353E-01    8.69052E-01
    1.71300E+02    1.41814E-01    8.67783E-01
    1.71400E+02    1.44149E-01    8.65758E-01
    1.71500E+02    1.44646E-01    8.65328E-01
    1.71600E+02    1.45938E-01    8.64211E-01
    1.71700E+02    1.47364E-01    8.62979E-01
    1.71800E+02    1.48866E-01    8.61685E-01
    1.71900E+02    1.50418E-01    8.60348E-01
    1.72000E+02    1.52014E-01    8.58976E-01
    1.72100E+02    1.53650E-01    8.57572E-01
    1.72200E+02    1.55334E-01    8.56129E-01
    1.72300E+02    1.57059E-01    8.54653E-01
    1.72400E+02    1.58834E-01    8.53138E-01
    1.72500E+02    1.60658E-01    8.51584E-01
    1.72600E+02    1.62531E-01    8.49990E-01
    1.72700E+02    1.64462E-01    8.48350E-01
    1.72800E+02    1.66462E-01    8.46655E-01
    1.72900E+02    1.68489E-01    8.44940E-01
    1.73000E+02    1.70598E-01    8.43161E-01
    1.73100E+02    1.72789E-01    8.41315E-01
    1.73200E+02    1.75093E-01    8.39379E-01
    1.73300E+02    1.77661E-01    8.37226E-01
    1.73400E+02    1.80645E-01    8.34732E-01
    1.73500E+02    1.85992E-01    8.30280E-01
    1.73600E+02    1.85162E-01    8.30969E-01
    1.73700E+02    1.87215E-01    8.29265E-01
    1.73800E+02    1.89667E-01    8.27235E-01
    1.73900E+02    1.92290E-01    8.25067E-01
    1.74000E+02    1.95039E-01    8.22803E-01
    1.74100E+02    1.97884E-01    8.20465E-01
    1.74200E+02    2.00842E-01    8.18042E-01
    1.74300E+02    2.03889E-01    8.15553E-01
    1.74400E+02    2.07048E-01    8.12981E-01
    1.74500E+02    2.10332E-01    8.10315E-01
    1.74600E+02    2.13717E-01    8.07577E-01
    1.74700E+02    2.17228E-01    8.04746E-01
    1.74800E+02    2.20902E-01    8.01795E-01
    1.74900E+02    2.24771E-01    7.98699E-01
    1.75000E+02    2.28952E-01    7.95367E-01
    1.75100E+02    2.34009E-01    7.91355E-01
    1.75200E+02    2.42868E-01    7.84375E-01
    1.75300E+02    2.43098E-01    7.84195E-01
    1.75400E+02    2.50737E-01    7.78227E-01
    1.75500E+02    2.54341E-01    7.75427E-01
    1.75600E+02    2.55723E-01    7.74356E-01
    1.75700E+02    2.59814E-01    7.71195E-01
    1.75800E+02    2.64558E-01    7.67545E-01
    1.75900E+02    2.69670E-01    7.63631E-01
    1.76000E+02    2.75045E-01    7.59538E-01
    1.76100E+02    2.80676E-01    7.55273E-01
    1.76200E+02    2.86563E-01    7.50840E-01
    1.76300E+02    2.92700E-01    7.46246E-01
    1.76400E+02    2.99273E-01    7.41357E-01
    1.76500E+02    3.05733E-01    7.36583E-01
    1.76600E+02    3.12644E-01    7.31510E-01
    1.76700E+02    3.19853E-01    7.26256E-01
    1.76800E+02    3.27398E-01    7.20797E-01
    1.76900E+02    3.35266E-01    7.15148E-01
    1.77000E+02    3.43486E-01    7.09294E-01
    1.77100E+02    3.52063E-01    7.03236E-01
    1.77200E+02    3.61022E-01    6.96964E-01
    1.77300E+02    3.70384E-01    6.90469E-01
    1.77400E+02    3.80204E-01    6.83722E-01
    1.77500E+02    3.90457E-01    6.76747E-01
    1.77600E+02    4.01217E-01    6.69505E-01
    1.77700E+02    4.12501E-01    6.61993E-01
    1.77800E+02    4.24336E-01    6.54204E-01
    1.77900E+02    4.36753E-01    6.46131E-01
    1.78000E+02    4.49795E-01    6.37759E-01
    1.78100E+02    4.63516E-01    6.29068E-01
    1.78200E+02    4.77939E-01    6.20060E-01
    1.78300E+02    4.93115E-01    6.10721E-01
    1.78400E+02    5.09128E-01    6.01019E-01
    1.78500E+02    5.26070E-01    5.90923E-01
    1.78600E+02    5.44074E-01    5.80379E-01
    1.78700E+02    5.62641E-01    5.69702E-01
    1.78800E+02    5.82405E-01    5.58553E-01
    1.78900E+02    6.03380E-01    5.46960E-01
    1.79000E+02    6.25590E-01    5.34946E-01
    1.79100E+02    6.49123E-01    5.22504E-01
    1.79200E+02    6.74077E-01    5.09627E-01
    1.79300E+02    7.00578E-01    4.96298E-01
    1.79400E+02    7.28697E-01    4.82537E-01
    1.79500E+02    7.58635E-01    4.68305E-01
    1.79600E+02    7.90471E-01    4.53631E-01
    1.79700E+02    8.24402E-01    4.38497E-01
    1.79800E+02    8.60568E-01    4.22922E-01
    1.79900E+02    8.99234E-01    4.06881E-01
    1.80000E+02    9.41556E-01    3.90021E-01
    1.80100E+02    9.84510E-01    3.73622E-01
    1.80200E+02    1.03156E+00    3.56451E-01
    1.80300E+02    1.08201E+00    3.38912E-01
    1.80400E+02    1.13612E+00    3.21062E-01
    1.80500E+02    1.19416E+00    3.02957E-01
    1.80600E+02    1.25650E+00    2.84650E-01
    1.80700E+02    1.32346E+00    2.66213E-01
    1.80800E+02    1.39543E+00    2.47727E-01
    1.80900E+02    1.47286E+00    2.29270E-01
    1.81000E+02    1.55620E+00    2.10935E-01
    1.81100E+02    1.64586E+00    1.92847E-01
    1.81200E+02    1.74238E+00    1.75103E-01
    1.81300E+02    1.84627E+00    1.57825E-01
    1.81400E+02    1.95810E+00    1.41127E-01
    1.81500E+02    2.07832E+00    1.25141E-01
    1.81600E+02    2.20745E+00    1.09980E-01
    1.81700E+02    2.34599E+00    9.57524E-02
    1.81800E+02    2.49434E+00    8.25510E-02
    1.81900E+02    2.65265E+00    7.04639E-02
    1.82000E+02    2.82132E+00    5.95271E-02
    1.82100E+02    3.00005E+00    4.97846E-02
    1.82200E+02    3.18908E+00    4.12098E-02
    1.82300E+02    3.38582E+00    3.38497E-02
    1.82400E+02    3.59054E+00    2.75835E-02
    1.82500E+02    3.80071E+00    2.23549E-02
    1.82600E+02    4.01392E+00    1.80625E-02
    1.82700E+02    4.22614E+00    1.46087E-02
    1.82800E+02    4.43264E+00    1.18831E-02
    1.82900E+02    4.62744E+00    9.77976E-03
    1.83000E+02    4.80283E+00    8.20651E-03
    1.83100E+02    4.95009E+00    7.08279E-03
    1.83200E+02    5.05851E+00    6.35500E-03
    1.83300E+02    5.11192E+00    6.02448E-03
    1.83400E+02    5.08443E+00    6.19241E-03
    1.83500E+02    4.99646E+00    6.76187E-03
    1.83600E+02    4.86619E+00    7.70265E-03
    1.83700E+02    4.70487E+00    9.05107E-03
    1.83800E+02    4.52212E+00    1.08659E-02
    1.83900E+02    4.32515E+00    1.32315E-02
    1.84000E+02    4.12048E+00    1.62367E-02
    1.84100E+02    3.91373E+00    1.99658E-02
    1.84200E+02    3.71038E+00    2.44683E-02
    1.84300E+02    3.51942E+00    2.96165E-02
    1.84400E+02    3.35216E+00    3.50086E-02
    1.84500E+02    3.12883E+00    4.37690E-02
    1.84600E+02    2.94489E+00    5.26080E-02
    1.84700E+02    2.77799E+00    6.21631E-02
    1.84800E+02    2.61715E+00    7.30104E-02
    1.84900E+02    2.46205E+00    8.52600E-02
    1.85000E+02    2.32034E+00    9.82398E-02
    1.85100E+02    2.18862E+00    1.12072E-01
    1.85200E+02    2.06596E+00    1.26697E-01
    1.85300E+02    1.95189E+00    1.42005E-01
    1.85400E+02    1.84570E+00    1.57915E-01
    1.85500E+02    1.74747E+00    1.74215E-01
    1.85600E+02    1.65579E+00    1.90940E-01
    1.85700E+02    1.56943E+00    2.08164E-01
    1.85800E+02    1.48970E+00    2.25439E-01
    1.85900E+02    1.41557E+00    2.42788E-01
    1.86000E+02    1.34654E+00    2.60139E-01
    1.86100E+02    1.28227E+00    2.77408E-01
    1.86200E+02    1.22231E+00    2.94549E-01
    1.86300E+02    1.16640E+00    3.11487E-01
    1.86400E+02    1.11419E+00    3.28181E-01
    1.86500E+02    1.06539E+00    3.44594E-01
    1.86600E+02    1.01969E+00    3.60707E-01
    1.86700E+02    9.76934E-01    3.76463E-01
    1.86800E+02    9.36905E-01    3.91839E-01
    1.86900E+02    8.99351E-01    4.06834E-01
    1.87000E+02    8.64128E-01    4.21419E-01
    1.87100E+02    8.31343E-01    4.35464E-01
    1.87200E+02    8.00097E-01    4.49285E-01
    1.87300E+02    7.70508E-01    4.62778E-01
    1.87400E+02    7.42834E-01    4.75764E-01
    1.87500E+02    7.16765E-01    4.88330E-01
    1.87600E+02    6.92213E-01    5.00467E-01
    1.87700E+02    6.68988E-01    5.12227E-01
    1.87800E+02    6.47111E-01    5.23556E-01
    1.87900E+02    6.26728E-01    5.34338E-01
    1.88000E+02    6.06618E-01    5.45192E-01
    1.88100E+02    5.87918E-01    5.55483E-01
    1.88200E+02    5.70231E-01    5.65395E-01
    1.88300E+02    5.53457E-01    5.74959E-01
    1.88400E+02    5.37531E-01    5.84189E-01
    1.88500E+02    5.22373E-01    5.93112E-01
    1.88600E+02    5.07969E-01    6.01716E-01
    1.88700E+02    4.94268E-01    6.10018E-01
    1.88800E+02    4.81261E-01    6.18004E-01
    1.88900E+02    4.69050E-01    6.25596E-01
    1.89000E+02    4.56967E-01    6.33201E-01
    1.89100E+02    4.45621E-01    6.40426E-01
    1.89200E+02    4.34789E-01    6.47401E-01
    1.89300E+02    4.24484E-01    6.54107E-01
    1.89400E+02    4.14568E-01    6.60626E-01
    1.89500E+02    4.05121E-01    6.66896E-01
    1.89600E+02    3.96101E-01    6.72939E-01
    1.89700E+02    3.87441E-01    6.78792E-01
    1.89800E+02    3.79137E-01    6.84452E-01
    1.89900E+02    3.71189E-01    6.89913E-01
    1.90000E+02    3.63567E-01    6.95192E-01
    1.90100E+02    3.56249E-01    7.00298E-01
    1.90200E+02    3.49231E-01    7.05230E-01
    1.90300E+02    3.42521E-01    7.09978E-01
    1.90400E+02    3.36054E-01    7.14585E-01
    1.90500E+02    3.29948E-01    7.18961E-01
    1.90600E+02    3.24220E-01    7.23091E-01
    1.90700E+02    3.18120E-01    7.27516E-01
    1.90800E+02    3.12524E-01    7.31598E-01
    1.90900E+02    3.07156E-01    7.35536E-01
    1.91000E+02    3.02004E-01    7.39335E-01
    1.91100E+02    2.97048E-01    7.43008E-01
    1.91200E+02    2.92270E-01    7.46567E-01
    1.91300E+02    2.87664E-01    7.50014E-01
    1.91400E+02    2.83228E-01    7.53348E-01
    1.91500E+02    2.78950E-01    7.56578E-01
    1.91600E+02    2.74824E-01    7.59706E-01
    1.91700E+02    2.70856E-01    7.62726E-01
    1.91800E+02    2.67135E-01    7.65570E-01
    1.91900E+02    2.63305E-01    7.68507E-01
    1.92000E+02    2.59703E-01    7.71281E-01
    1.92100E+02    2.56242E-01    7.73954E-01
    1.92200E+02    2.52930E-01    7.76523E-01
    1.92300E+02    2.49728E-01    7.79013E-01
    1.92400E+02    2.46585E-01    7.81465E-01
    1.92500E+02    2.43580E-01    7.83817E-01
    1.92600E+02    2.40702E-01    7.86076E-01
    1.92700E+02    2.37954E-01    7.88239E-01
    1.92800E+02    2.35283E-01    7.90348E-01
    1.92900E+02    2.32772E-01    7.92334E-01
    1.93000E+02    2.30428E-01    7.94194E-01
    1.93100E+02    2.28388E-01    7.95816E-01
    1.93200E+02    2.26981E-01    7.96936E-01
    1.93300E+02    2.29039E-01    7.95297E-01
    1.93400E+02    2.27074E-01    7.96861E-01
    1.93500E+02    2.20367E-01    8.02224E-01
    1.93600E+02    2.17261E-01    8.04720E-01
    1.93700E+02    2.14840E-01    8.06670E-01
    1.93800E+02    2.12670E-01    8.08423E-01
    1.93900E+02    2.10623E-01    8.10079E-01
    1.94000E+02    2.08645E-01    8.11683E-01
    1.94100E+02    2.06702E-01    8.13262E-01
    1.94200E+02    2.04805E-01    8.14806E-01
    1.94300E+02    2.02962E-01    8.16309E-01
    1.94400E+02    2.01162E-01    8.17780E-01
    1.94500E+02    1.99442E-01    8.19188E-01
    1.94600E+02    1.97806E-01    8.20529E-01
    1.94700E+02    1.96272E-01    8.21789E-01
    1.94800E+02    1.94873E-01    8.22939E-01
    1.94900E+02    1.93674E-01    8.23926E-01
    1.95000E+02    1.92803E-01    8.24644E-01
    1.95100E+02    1.92551E-01    8.24853E-01
    1.95200E+02    1.93754E-01    8.23860E-01
    1.95300E+02    1.99608E-01    8.19052E-01
    1.95400E+02    2.37069E-01    7.88937E-01
    1.95500E+02    2.11049E-01    8.09734E-01
    1.95600E+02    1.94009E-01    8.23651E-01
    1.95700E+02    1.97876E-01    8.20471E-01
    1.95800E+02    1.86634E-01    8.29748E-01
    1.95900E+02    1.81448E-01    8.34061E-01
    1.96000E+02    1.78808E-01    8.36267E-01
    1.96100E+02    1.76898E-01    8.37866E-01
    1.96200E+02    1.75321E-01    8.39187E-01
    1.96300E+02    1.73906E-01    8.40376E-01
    1.96400E+02    1.72651E-01    8.41431E-01
    1.96500E+02    1.71396E-01    8.42488E-01
    1.96600E+02    1.70239E-01    8.43464E-01
    1.96700E+02    1.69142E-01    8.44389E-01
    1.96800E+02    1.68091E-01    8.45277E-01
    1.96900E+02    1.67082E-01    8.46130E-01
    1.97000E+02    1.66096E-01    8.46965E-01
    1.97100E+02    1.65155E-01    8.47763E-01
    1.97200E+02    1.64236E-01    8.48542E-01
    1.97300E+02    1.63343E-01    8.49300E-01
    1.97400E+02    1.62493E-01    8.50022E-01
    1.97500E+02    1.61726E-01    8.50675E-01
    1.97600E+02    1.60946E-01    8.51338E-01
    1.97700E+02    1.60081E-01    8.52075E-01
    1.97800E+02    1.59277E-01    8.52760E-01
    1.97900E+02    1.58532E-01    8.53395E-01
    1.98000E+02    1.58033E-01    8.53821E-01
    1.98100E+02    1.57085E-01    8.54631E-01
    1.98200E+02    1.56371E-01    8.55242E-01
    1.98300E+02    1.55691E-01    8.55824E-01
    1.98400E+02    1.55037E-01    8.56384E-01
    1.98500E+02    1.54402E-01    8.56927E-01
    1.98600E+02    1.53795E-01    8.57448E-01
    1.98700E+02    1.53204E-01    8.57955E-01
    1.98800E+02    1.52645E-01    8.58434E-01
    1.98900E+02    1.52119E-01    8.58886E-01
    1.99000E+02    1.51655E-01    8.59284E-01
    1.99100E+02    1.51317E-01    8.59576E-01
    1.99200E+02    1.51669E-01    8.59273E-01
    1.99300E+02    1.51923E-01    8.59055E-01
    1.99400E+02    1.55390E-01    8.56081E-01
    1.99500E+02    1.50061E-01    8.60655E-01
    1.99600E+02    1.48935E-01    8.61626E-01
    1.99700E+02    1.48235E-01    8.62229E-01
    1.99800E+02    1.47694E-01    8.62695E-01
    1.99900E+02    1.47221E-01    8.63103E-01
    2.00000E+02    1.46791E-01    8.63474E-01
    2.00100E+02    1.46382E-01    8.63828E-01
    2.00200E+02    1.46001E-01    8.64157E-01
    2.00300E+02    1.45643E-01    8.64466E-01
    2.00400E+02    1.45306E-01    8.64758E-01
    2.00500E+02    1.44990E-01    8.65031E-01
    2.00600E+02    1.44696E-01    8.65285E-01
    2.00700E+02    1.44423E-01    8.65522E-01
    2.00800E+02    1.44176E-01    8.65736E-01
    2.00900E+02    1.43949E-01    8.65932E-01
    2.01000E+02    1.43749E-01    8.66105E-01
    2.01100E+02    1.43573E-01    8.66257E-01
    2.01200E+02    1.43426E-01    8.66385E-01
    2.01300E+02    1.43312E-01    8.66484E-01
    2.01400E+02    1.43260E-01    8.66529E-01
    2.01500E+02    1.43224E-01    8.66560E-01
    2.01600E+02    1.43149E-01    8.66625E-01
    2.01700E+02    1.43158E-01    8.66617E-01
    2.01800E+02    1.43215E-01    8.66568E-01
    2.01900E+02    1.43317E-01    8.66479E-01
    2.02000E+02    1.43466E-01    8.66350E-01
    2.02100E+02    1.43664E-01    8.66179E-01
    2.02200E+02    1.43918E-01    8.65959E-01
    2.02300E+02    1.44211E-01    8.65705E-01
    2.02400E+02    1.44561E-01    8.65402E-01
    2.02500E+02    1.44953E-01    8.65063E-01
    2.02600E+02    1.45400E-01    8.64677E-01
    2.02700E+02    1.45878E-01    8.64263E-01
    2.02800E+02    1.46383E-01    8.63826E-01
    2.02900E+02    1.46894E-01    8.63385E-01
    2.03000E+02    1.47385E-01    8.62961E-01
    2.03100E+02    1.47834E-01    8.62575E-01
    2.03200E+02    1.48204E-01    8.62256E-01
    2.03300E+02    1.48487E-01    8.62012E-01
    2.03400E+02    1.48910E-01    8.61647E-01
    2.03500E+02    1.48619E-01    8.61897E-01
    2.03600E+02    1.47491E-01    8.62870E-01
    2.03700E+02    1.46627E-01    8.63616E-01
    2.03800E+02    1.45727E-01    8.64394E-01
    2.03900E+02    1.44782E-01    8.65211E-01
    2.04000E+02    1.43851E-01    8.66016E-01
    2.04100E+02    1.42824E-01    8.66906E-01
    2.04200E+02    1.41865E-01    8.67738E-01
    2.04300E+02    1.40942E-01    8.68540E-01
    2.04400E+02    1.40062E-01    8.69304E-01
    2.04500E+02    1.39227E-01    8.70031E-01
    2.04600E+02    1.38442E-01    8.70714E-01
    2.04700E+02    1.37704E-01    8.71357E-01
    2.04800E+02    1.37019E-01    8.71953E-01
    2.04900E+02    1.36386E-01    8.72506E-01
    2.05000E+02    1.35784E-01    8.73031E-01
    2.05100E+02    1.35250E-01    8.73498E-01
    2.05200E+02    1.34934E-01    8.73773E-01
    2.05300E+02    1.34269E-01    8.74355E-01
    2.05400E+02    1.33802E-01    8.74764E-01
    2.05500E+02    1.33424E-01    8.75094E-01
    2.05600E+02    1.33058E-01    8.75414E-01
    2.05700E+02    1.32724E-01    8.75707E-01
    2.05800E+02    1.32485E-01    8.75916E-01
    2.05900E+02    1.32416E-01    8.75976E-01
    2.06000E+02    1.32848E-01    8.75598E-01
    2.06100E+02    1.36737E-01    8.72200E-01
    2.06200E+02    1.33854E-01    8.74718E-01
    2.06300E+02    1.31662E-01    8.76638E-01
    2.06400E+02    1.30931E-01    8.77278E-01
    2.06500E+02    1.30859E-01    8.77341E-01
    2.06600E+02    1.30164E-01    8.77952E-01
    2.06700E+02    1.29867E-01    8.78212E-01
    2.06800E+02    1.29622E-01    8.78428E-01
    2.06900E+02    1.29410E-01    8.78614E-01
    2.07000E+02    1.29214E-01    8.78786E-01
    2.07100E+02    1.29037E-01    8.78941E-01
    2.07200E+02    1.28878E-01    8.79081E-01
    2.07300E+02    1.28741E-01    8.79202E-01
    2.07400E+02    1.28652E-01    8.79280E-01
    2.07500E+02    1.28769E-01    8.79177E-01
    2.07600E+02    1.28398E-01    8.79503E-01
    2.07700E+02    1.28289E-01    8.79599E-01
    2.07800E+02    1.28224E-01    8.79656E-01
    2.07900E+02    1.28207E-01    8.79671E-01
    2.08000E+02    1.28252E-01    8.79632E-01
    2.08100E+02    1.28393E-01    8.79508E-01
    2.08200E+02    1.28696E-01    8.79241E-01
    2.08300E+02    1.29336E-01    8.78679E-01
    2.08400E+02    1.30770E-01    8.77420E-01
    2.08500E+02    1.34695E-01    8.73982E-01
    2.08600E+02    1.53145E-01    8.58005E-01
    2.08700E+02    1.47256E-01    8.63073E-01
    2.08800E+02    1.33454E-01    8.75068E-01
    2.08900E+02    1.29950E-01    8.78140E-01
    2.09000E+02    1.28492E-01    8.79421E-01
    2.09100E+02    1.27721E-01    8.80099E-01
    2.09200E+02    1.27246E-01    8.80517E-01
    2.09300E+02    1.26937E-01    8.80789E-01
    2.09400E+02    1.26759E-01    8.80946E-01
    2.09500E+02    1.26929E-01    8.80796E-01
    2.09600E+02    1.26519E-01    8.81158E-01
    2.09700E+02    1.26275E-01    8.81372E-01
    2.09800E+02    1.26159E-01    8.81475E-01
    2.09900E+02    1.26088E-01    8.81537E-01
    2.10000E+02    1.26072E-01    8.81551E-01
    2.10100E+02    1.26140E-01    8.81491E-01
    2.10200E+02    1.26920E-01    8.80804E-01
    2.10300E+02    1.26618E-01    8.81070E-01
    2.10400E+02    1.28797E-01    8.79152E-01
    2.10500E+02    1.27422E-01    8.80362E-01
    2.10600E+02    1.27616E-01    8.80192E-01
    2.10700E+02    1.30270E-01    8.77859E-01
    2.10800E+02    1.50093E-01    8.60628E-01
    2.10900E+02    1.29741E-01    8.78323E-01
    2.11000E+02    1.27026E-01    8.80711E-01
    2.11100E+02    1.26124E-01    8.81506E-01
    2.11200E+02    1.25692E-01    8.81887E-01
    2.11300E+02    1.25420E-01    8.82126E-01
    2.11400E+02    1.25250E-01    8.82276E-01
    2.11500E+02    1.25129E-01    8.82383E-01
    2.11600E+02    1.25036E-01    8.82466E-01
    2.11700E+02    1.24959E-01    8.82533E-01
    2.11800E+02    1.24898E-01    8.82587E-01
    2.11900E+02    1.24842E-01    8.82637E-01
    2.12000E+02    1.24797E-01    8.82676E-01
    2.12100E+02    1.24763E-01    8.82706E-01
    2.12200E+02    1.24727E-01    8.82738E-01
    2.12300E+02    1.24695E-01    8.82766E-01
    2.12400E+02    1.24670E-01    8.82788E-01
    2.12500E+02    1.24653E-01    8.82804E-01
    2.12600E+02    1.24643E-01    8.82812E-01
    2.12700E+02    1.24642E-01    8.82813E-01
    2.12800E+02    1.24644E-01    8.82812E-01
    2.12900E+02    1.24657E-01    8.82800E-01
    2.13000E+02    1.24596E-01    8.82853E-01
    2.13100E+02    1.24580E-01    8.82868E-01
    2.13200E+02    1.24575E-01    8.82872E-01
    2.13300E+02    1.24577E-01    8.82870E-01
    2.13400E+02    1.24583E-01    8.82865E-01
    2.13500E+02    1.24593E-01    8.82856E-01
    2.13600E+02    1.24608E-01    8.82842E-01
    2.13700E+02    1.24629E-01    8.82825E-01
    2.13800E+02    1.24664E-01    8.82794E-01
    2.13900E+02    1.24703E-01    8.82759E-01
    2.14000E+02    1.24757E-01    8.82712E-01
    2.14100E+02    1.24828E-01    8.82648E-01
    2.14200E+02    1.24928E-01    8.82560E-01
    2.14300E+02    1.25068E-01    8.82437E-01
    2.14400E+02    1.25275E-01    8.82255E-01
    2.14500E+02    1.25605E-01    8.81963E-01
    2.14600E+02    1.26172E-01    8.81463E-01
    2.14700E+02    1.27300E-01    8.80470E-01
    2.14800E+02    1.30131E-01    8.77980E-01
    2.14900E+02    1.41841E-01    8.67759E-01
    2.15000E+02    1.45473E-01    8.64613E-01
    2.15100E+02    1.30749E-01    8.77438E-01
    2.15200E+02    1.27569E-01    8.80233E-01
    2.15300E+02    1.26351E-01    8.81306E-01
    2.15400E+02    1.25767E-01    8.81820E-01
    2.15500E+02    1.25443E-01    8.82106E-01
    2.15600E+02    1.25251E-01    8.82275E-01
    2.15700E+02    1.25137E-01    8.82376E-01
    2.15800E+02    1.25064E-01    8.82440E-01
    2.15900E+02    1.25047E-01    8.82455E-01
    2.16000E+02    1.25352E-01    8.82186E-01
    2.16100E+02    1.25115E-01    8.82395E-01
    2.16200E+02    1.24976E-01    8.82518E-01
    2.16300E+02    1.24944E-01    8.82546E-01
    2.16400E+02    1.24949E-01    8.82542E-01
    2.16500E+02    1.24934E-01    8.82555E-01
    2.16600E+02    1.24940E-01    8.82550E-01
    2.16700E+02    1.24953E-01    8.82538E-01
    2.16800E+02    1.24977E-01    8.82517E-01
    2.16900E+02    1.25025E-01    8.82475E-01
    2.17000E+02    1.25016E-01    8.82483E-01
    2.17100E+02    1.25037E-01    8.82464E-01
    2.17200E+02    1.25070E-01    8.82435E-01
    2.17300E+02    1.25105E-01    8.82404E-01
    2.17400E+02    1.25162E-01    8.82354E-01
    2.17500E+02    1.25410E-01    8.82135E-01
    2.17600E+02    1.25239E-01    8.82286E-01
    2.17700E+02    1.25244E-01    8.82281E-01
    2.17800E+02    1.25281E-01    8.82249E-01
    2.17900E+02    1.25342E-01    8.82195E-01
    2.18000E+02    1.25461E-01    8.82090E-01
    2.18100E+02    1.26182E-01    8.81455E-01
    2.18200E+02    1.25632E-01    8.81939E-01
    2.18300E+02    1.25506E-01    8.82050E-01
    2.18400E+02    1.25500E-01    8.82056E-01
    2.18500E+02    1.25526E-01    8.82033E-01
    2.18600E+02    1.25565E-01    8.81999E-01
    2.18700E+02    1.25595E-01    8.81972E-01
    2.18800E+02    1.25636E-01    8.81935E-01
    2.18900E+02    1.25679E-01    8.81898E-01
    2.19000E+02    1.25733E-01    8.81850E-01
    2.19100E+02    1.25827E-01    8.81767E-01
    2.19200E+02    1.25876E-01    8.81724E-01
    2.19300E+02    1.26087E-01    8.81538E-01
    2.19400E+02    1.25982E-01    8.81631E-01
    2.19500E+02    1.25980E-01    8.81633E-01
    2.19600E+02    1.26023E-01    8.81594E-01
    2.19700E+02    1.26072E-01    8.81551E-01
    2.19800E+02    1.26136E-01    8.81495E-01
    2.19900E+02    1.26260E-01    8.81385E-01
    2.20000E+02    1.26310E-01    8.81342E-01
    2.20100E+02    1.26291E-01    8.81358E-01
    2.20200E+02    1.26332E-01    8.81322E-01
    2.20300E+02    1.26386E-01    8.81275E-01
    2.20400E+02    1.26440E-01    8.81227E-01
    2.20500E+02    1.26501E-01    8.81173E-01
    2.20600E+02    1.26573E-01    8.81109E-01
    2.20700E+02    1.26757E-01    8.80948E-01
    2.20800E+02    1.26721E-01    8.80980E-01
    2.20900E+02    1.26745E-01    8.80958E-01
    2.21000E+02    1.26802E-01    8.80908E-01
    2.21100E+02    1.26863E-01    8.80854E-01
    2.21200E+02    1.26939E-01    8.80788E-01
    2.21300E+02    1.27109E-01    8.80638E-01
    2.21400E+02    1.27090E-01    8.80654E-01
    2.21500E+02    1.27129E-01    8.80620E-01
    2.21600E+02    1.27190E-01    8.80566E-01
    2.21700E+02    1.27258E-01    8.80507E-01
    2.21800E+02    1.27328E-01    8.80445E-01
    2.21900E+02    1.27398E-01    8.80383E-01
    2.22000E+02    1.27472E-01    8.80318E-01
    2.22100E+02    1.27549E-01    8.80250E-01
    2.22200E+02    1.27627E-01    8.80182E-01
    2.22300E+02    1.27711E-01    8.80107E-01
    2.22400E+02    1.27844E-01    8.79991E-01
    2.22500E+02    1.27893E-01    8.79948E-01
    2.22600E+02    1.27951E-01    8.79896E-01
    2.22700E+02    1.28033E-01    8.79825E-01
    2.22800E+02    1.28118E-01    8.79749E-01
    2.22900E+02    1.28210E-01    8.79668E-01
    2.23000E+02    1.28322E-01    8.79570E-01
    2.23100E+02    1.28430E-01    8.79475E-01
    2.23200E+02    1.28582E-01    8.79342E-01
    2.23300E+02    1.28702E-01    8.79236E-01
    2.23400E+02    1.28768E-01    8.79177E-01
    2.23500E+02    1.28819E-01    8.79133E-01
    2.23600E+02    1.28919E-01    8.79045E-01
    2.23700E+02    1.29037E-01    8.78941E-01
    2.23800E+02    1.29174E-01    8.78821E-01
    2.23900E+02    1.29605E-01    8.78442E-01
    2.24000E+02    1.29418E-01    8.78606E-01
    2.24100E+02    1.29524E-01    8.78513E-01
    2.24200E+02    1.29656E-01    8.78397E-01
    2.24300E+02    1.29795E-01    8.78276E-01
    2.24400E+02    1.29946E-01    8.78143E-01
    2.24500E+02    1.30107E-01    8.78001E-01
    2.24600E+02    1.30296E-01    8.77836E-01
    2.24700E+02    1.30557E-01    8.77607E-01
    2.24800E+02    1.30967E-01    8.77247E-01
    2.24900E+02    1.31092E-01    8.77137E-01
    2.25000E+02    1.31093E-01    8.77136E-01
    2.25100E+02    1.31199E-01    8.77043E-01
    2.25200E+02    1.31392E-01    8.76874E-01
    2.25300E+02    1.31574E-01    8.76714E-01
    2.25400E+02    1.31799E-01    8.76517E-01
    2.25500E+02    1.32059E-01    8.76290E-01
    2.25600E+02    1.32370E-01    8.76017E-01
    2.25700E+02    1.32800E-01    8.75640E-01
    2.25800E+02    1.33566E-01    8.74970E-01
    2.25900E+02    1.35086E-01    8.73641E-01
    2.26000E+02    1.40845E-01    8.68624E-01
    2.26100E+02    1.41923E-01    8.67688E-01
    2.26200E+02    1.35193E-01    8.73547E-01
    2.26300E+02    1.33724E-01    8.74831E-01
    2.26400E+02    1.33155E-01    8.75329E-01
    2.26500E+02    1.32874E-01    8.75575E-01
    2.26600E+02    1.32708E-01    8.75721E-01
    2.26700E+02    1.32606E-01    8.75810E-01
    2.26800E+02    1.32542E-01    8.75866E-01
    2.26900E+02    1.32510E-01    8.75894E-01
    2.27000E+02    1.32455E-01    8.75942E-01
    2.27100E+02    1.32435E-01    8.75960E-01
    2.27200E+02    1.32425E-01    8.75969E-01
    2.27300E+02    1.32431E-01    8.75963E-01
    2.27400E+02    1.32441E-01    8.75954E-01
    2.27500E+02    1.32459E-01    8.75939E-01
    2.27600E+02    1.32487E-01    8.75914E-01
    2.27700E+02    1.32526E-01    8.75880E-01
    2.27800E+02    1.32575E-01    8.75838E-01
    2.27900E+02    1.32619E-01    8.75799E-01
    2.28000E+02    1.32663E-01    8.75760E-01
    2.28100E+02    1.32717E-01    8.75713E-01
    2.28200E+02    1.32779E-01    8.75658E-01
    2.28300E+02    1.32856E-01    8.75592E-01
    2.28400E+02    1.32924E-01    8.75531E-01
    2.28500E+02    1.33019E-01    8.75448E-01
    2.28600E+02    1.33105E-01    8.75373E-01
    2.28700E+02    1.33206E-01    8.75285E-01
    2.28800E+02    1.33316E-01    8.75188E-01
    2.28900E+02    1.33441E-01    8.75079E-01
    2.29000E+02    1.33586E-01    8.74953E-01
    2.29100E+02    1.33778E-01    8.74784E-01
    2.29200E+02    1.33996E-01    8.74594E-01
    2.29300E+02    1.34360E-01    8.74275E-01
    2.29400E+02    1.35094E-01    8.73634E-01
    2.29500E+02    1.37529E-01    8.71509E-01
    2.29600E+02    1.42846E-01    8.66887E-01
    2.29700E+02    1.36199E-01    8.72669E-01
    2.29800E+02    1.35237E-01    8.73509E-01
    2.29900E+02    1.35010E-01    8.73707E-01
    2.30000E+02    1.35016E-01    8.73702E-01
    2.30100E+02    1.35089E-01    8.73638E-01
    2.30200E+02    1.35226E-01    8.73518E-01
    2.30300E+02    1.35430E-01    8.73341E-01
    2.30400E+02    1.35671E-01    8.73130E-01
    2.30500E+02    1.35974E-01    8.72865E-01
    2.30600E+02    1.36371E-01    8.72519E-01
    2.30700E+02    1.36908E-01    8.72051E-01
    2.30800E+02    1.37682E-01    8.71376E-01
    2.30900E+02    1.38907E-01    8.70309E-01
    2.31000E+02    1.41149E-01    8.68360E-01
    2.31100E+02    1.46207E-01    8.63979E-01
    2.31200E+02    1.63153E-01    8.49461E-01
    2.31300E+02    2.17984E-01    8.04138E-01
    2.31400E+02    1.54214E-01    8.57088E-01
    2.31500E+02    1.44508E-01    8.65448E-01
    2.31600E+02    1.41271E-01    8.68254E-01
    2.31700E+02    1.39885E-01    8.69459E-01
    2.31800E+02    1.39237E-01    8.70021E-01
    2.31900E+02    1.38969E-01    8.70255E-01
    2.32000E+02    1.39086E-01    8.70153E-01
    2.32100E+02    1.38901E-01    8.70314E-01
    2.32200E+02    1.39010E-01    8.70219E-01
    2.32300E+02    1.39207E-01    8.70048E-01
    2.32400E+02    1.39500E-01    8.69793E-01
    2.32500E+02    1.40000E-01    8.69358E-01
    2.32600E+02    1.40260E-01    8.69132E-01
    2.32700E+02    1.40827E-01    8.68639E-01
    2.32800E+02    1.41171E-01    8.68341E-01
    2.32900E+02    1.41715E-01    8.67869E-01
    2.33000E+02    1.42514E-01    8.67175E-01
    2.33100E+02    1.43138E-01    8.66635E-01
    2.33200E+02    1.44056E-01    8.65839E-01
    2.33300E+02    1.45236E-01    8.64818E-01
    2.33400E+02    1.46555E-01    8.63678E-01
    2.33500E+02    1.48086E-01    8.62357E-01
    2.33600E+02    1.50169E-01    8.60562E-01
    2.33700E+02    1.53029E-01    8.58105E-01
    2.33800E+02    1.57352E-01    8.54403E-01
    2.33900E+02    1.66148E-01    8.46921E-01
    2.34000E+02    1.65331E-01    8.47613E-01
    2.34100E+02    1.57586E-01    8.54204E-01
    2.34200E+02    1.53800E-01    8.57444E-01
    2.34300E+02    1.51295E-01    8.59594E-01
    2.34400E+02    1.49496E-01    8.61142E-01
    2.34500E+02    1.48178E-01    8.62278E-01
    2.34600E+02    1.47172E-01    8.63146E-01
    2.34700E+02    1.46412E-01    8.63801E-01
    2.34800E+02    1.45868E-01    8.64271E-01
    2.34900E+02    1.45574E-01    8.64526E-01
    2.35000E+02    1.45526E-01    8.64567E-01
    2.35100E+02    1.45879E-01    8.64262E-01
    2.35200E+02    1.46156E-01    8.64023E-01
    2.35300E+02    1.47210E-01    8.63112E-01
    2.35400E+02    1.49445E-01    8.61186E-01
    2.35500E+02    1.54597E-01    8.56760E-01
    2.35600E+02    1.70329E-01    8.43387E-01
    2.35700E+02    2.92567E-01    7.46345E-01
    2.35800E+02    1.77539E-01    8.37328E-01
    2.35900E+02    1.57047E-01    8.54664E-01
    2.36000E+02    1.50200E-01    8.60536E-01
    2.36100E+02    1.47459E-01    8.62898E-01
    2.36200E+02    1.46073E-01    8.64095E-01
    2.36300E+02    1.45448E-01    8.64635E-01
    2.36400E+02    1.45208E-01    8.64842E-01
    2.36500E+02    1.45329E-01    8.64738E-01
    2.36600E+02    1.46035E-01    8.64128E-01
    2.36700E+02    1.46772E-01    8.63490E-01
    2.36800E+02    1.48614E-01    8.61902E-01
    2.36900E+02    1.52514E-01    8.58547E-01
    2.37000E+02    1.62552E-01    8.49972E-01
    2.37100E+02    2.08406E-01    8.11878E-01
    2.37200E+02    2.00563E-01    8.18270E-01
    2.37300E+02    1.61507E-01    8.50860E-01
    2.37400E+02    1.52185E-01    8.58829E-01
    2.37500E+02    1.48626E-01    8.61891E-01
    2.37600E+02    1.47158E-01    8.63157E-01
    2.37700E+02    1.45981E-01    8.64174E-01
    2.37800E+02    1.45477E-01    8.64610E-01
    2.37900E+02    1.45236E-01    8.64818E-01
    2.38000E+02    1.45178E-01    8.64868E-01
    2.38100E+02    1.45286E-01    8.64775E-01
    2.38200E+02    1.45590E-01    8.64512E-01
    2.38300E+02    1.46286E-01    8.63910E-01
    2.38400E+02    1.49081E-01    8.61499E-01
    2.38500E+02    1.48197E-01    8.62261E-01
    2.38600E+02    1.48089E-01    8.62354E-01
    2.38700E+02    1.49562E-01    8.61085E-01
    2.38800E+02    1.52015E-01    8.58975E-01
    2.38900E+02    1.58068E-01    8.53792E-01
    2.39000E+02    1.77674E-01    8.37216E-01
    2.39100E+02    3.08538E-01    7.34520E-01
    2.39200E+02    1.73703E-01    8.40546E-01
    2.39300E+02    1.58435E-01    8.53478E-01
    2.39400E+02    1.53494E-01    8.57706E-01
    2.39500E+02    1.51512E-01    8.59408E-01
    2.39600E+02    1.51080E-01    8.59779E-01
    2.39700E+02    1.49866E-01    8.60824E-01
    2.39800E+02    1.49917E-01    8.60780E-01
    2.39900E+02    1.50321E-01    8.60431E-01
    2.40000E+02    1.49996E-01    8.60711E-01
    2.40100E+02    1.49493E-01    8.61144E-01
    2.40200E+02    1.49416E-01    8.61211E-01
    2.40300E+02    1.49425E-01    8.61203E-01
    2.40400E+02    1.49048E-01    8.61527E-01
    2.40500E+02    1.48976E-01    8.61590E-01
    2.40600E+02    1.48658E-01    8.61864E-01
    2.40700E+02    1.48742E-01    8.61791E-01
    2.40800E+02    1.48729E-01    8.61803E-01
    2.40900E+02    1.49509E-01    8.61130E-01
    2.41000E+02    1.48955E-01    8.61608E-01
    2.41100E+02    1.49314E-01    8.61299E-01
    2.41200E+02    1.52065E-01    8.58932E-01
    2.41300E+02    1.50883E-01    8.59948E-01
    2.41400E+02    1.49958E-01    8.60744E-01
    2.41500E+02    1.50207E-01    8.60530E-01
    2.41600E+02    1.50454E-01    8.60317E-01
    2.41700E+02    1.50978E-01    8.59866E-01
    2.41800E+02    1.51783E-01    8.59175E-01
    2.41900E+02    1.53074E-01    8.58066E-01
    2.42000E+02    1.55389E-01    8.56082E-01
    2.42100E+02    1.60288E-01    8.51898E-01
    2.42200E+02    1.74215E-01    8.40116E-01
    2.42300E+02    2.62335E-01    7.69253E-01
    2.42400E+02    1.87590E-01    8.28955E-01
    2.42500E+02    1.64163E-01    8.48604E-01
    2.42600E+02    1.57558E-01    8.54227E-01
    2.42700E+02    1.54935E-01    8.56471E-01
    2.42800E+02    1.53830E-01    8.57418E-01
    2.42900E+02    1.53596E-01    8.57619E-01
    2.43000E+02    1.54226E-01    8.57078E-01
    2.43100E+02    1.55472E-01    8.56011E-01
    2.43200E+02    1.58565E-01    8.53368E-01
    2.43300E+02    1.67122E-01    8.46097E-01
    2.43400E+02    2.03631E-01    8.15764E-01
    2.43500E+02    2.09132E-01    8.11288E-01
    2.43600E+02    1.67941E-01    8.45404E-01
    2.43700E+02    1.58850E-01    8.53124E-01
    2.43800E+02    1.55556E-01    8.55940E-01
    2.43900E+02    1.54381E-01    8.56946E-01
    2.44000E+02    1.54877E-01    8.56521E-01
    2.44100E+02    1.60017E-01    8.52129E-01
    2.44200E+02    1.62252E-01    8.50227E-01
    2.44300E+02    1.54144E-01    8.57148E-01
    2.44400E+02    1.52508E-01    8.58552E-01
    2.44500E+02    1.51482E-01    8.59434E-01
    2.44600E+02    1.51105E-01    8.59758E-01
    2.44700E+02    1.50871E-01    8.59959E-01
    2.44800E+02    1.50849E-01    8.59978E-01
    2.44900E+02    1.50804E-01    8.60017E-01
    2.45000E+02    1.50795E-01    8.60024E-01
    2.45100E+02    1.50775E-01    8.60041E-01
    2.45200E+02    1.50789E-01    8.60029E-01
    2.45300E+02    1.50836E-01    8.59989E-01
    2.45400E+02    1.50897E-01    8.59936E-01
    2.45500E+02    1.50977E-01    8.59868E-01
    2.45600E+02    1.51076E-01    8.59782E-01
    2.45700E+02    1.51211E-01    8.59667E-01
    2.45800E+02    1.51679E-01    8.59264E-01
    2.45900E+02    1.51401E-01    8.59503E-01
    2.46000E+02    1.51490E-01    8.59426E-01
    2.46100E+02    1.51617E-01    8.59317E-01
    2.46200E+02    1.51778E-01    8.59179E-01
    2.46300E+02    1.52008E-01    8.58981E-01
    2.46400E+02    1.52299E-01    8.58731E-01
    2.46500E+02    1.54201E-01    8.57099E-01
    2.46600E+02    1.52800E-01    8.58302E-01
    2.46700E+02    1.52674E-01    8.58410E-01
    2.46800E+02    1.52807E-01    8.58296E-01
    2.46900E+02    1.53012E-01    8.58119E-01
    2.47000E+02    1.53274E-01    8.57895E-01
    2.47100E+02    1.53622E-01    8.57596E-01
    2.47200E+02    1.53965E-01    8.57302E-01
    2.47300E+02    1.54468E-01    8.56871E-01
    2.47400E+02    1.55150E-01    8.56287E-01
    2.47500E+02    1.56251E-01    8.55344E-01
    2.47600E+02    1.58415E-01    8.53496E-01
    2.47700E+02    1.65302E-01    8.47638E-01
    2.47800E+02    1.71217E-01    8.42639E-01
    2.47900E+02    1.64490E-01    8.48326E-01
    2.48000E+02    1.69022E-01    8.44490E-01
    2.48100E+02    1.90265E-01    8.26740E-01
    2.48200E+02    2.71265E-01    7.62415E-01
    2.48300E+02    1.79232E-01    8.35912E-01
    2.48400E+02    1.65694E-01    8.47306E-01
    2.48500E+02    1.61199E-01    8.51123E-01
    2.48600E+02    1.59263E-01    8.52772E-01
    2.48700E+02    1.58454E-01    8.53463E-01
    2.48800E+02    1.57949E-01    8.53893E-01
    2.48900E+02    1.57830E-01    8.53995E-01
    2.49000E+02    1.57981E-01    8.53866E-01
    2.49100E+02    1.58343E-01    8.53557E-01
    2.49200E+02    1.58955E-01    8.53035E-01
    2.49300E+02    1.59965E-01    8.52174E-01
    2.49400E+02    1.61643E-01    8.50745E-01
    2.49500E+02    1.64644E-01    8.48195E-01
    2.49600E+02    1.70954E-01    8.42860E-01
    2.49700E+02    1.89438E-01    8.27424E-01
    2.49800E+02    2.70893E-01    7.62698E-01
    2.49900E+02    2.22433E-01    8.00569E-01
    2.50000E+02    2.34284E-01    7.91137E-01
    2.50100E+02    1.80973E-01    8.34458E-01
    2.50200E+02    1.69568E-01    8.44029E-01
    2.50300E+02    1.65126E-01    8.47787E-01
    2.50400E+02    1.62095E-01    8.50361E-01
    2.50500E+02    1.60719E-01    8.51531E-01
    2.50600E+02    1.59842E-01    8.52278E-01
    2.50700E+02    1.59452E-01    8.52611E-01
    2.50800E+02    1.58990E-01    8.53005E-01
    2.50900E+02    1.58707E-01    8.53247E-01
    2.51000E+02    1.58558E-01    8.53374E-01
    2.51100E+02    1.58480E-01    8.53440E-01
    2.51200E+02    1.58563E-01    8.53369E-01
    2.51300E+02    1.58436E-01    8.53478E-01
    2.51400E+02    1.58445E-01    8.53470E-01
    2.51500E+02    1.58483E-01    8.53438E-01
    2.51600E+02    1.58539E-01    8.53390E-01
    2.51700E+02    1.58611E-01    8.53328E-01
    2.51800E+02    1.58693E-01    8.53258E-01
    2.51900E+02    1.58790E-01    8.53175E-01
    2.52000E+02    1.58912E-01    8.53072E-01
    2.52100E+02    1.59223E-01    8.52806E-01
    2.52200E+02    1.59153E-01    8.52866E-01
    2.52300E+02    1.59331E-01    8.52714E-01
    2.52400E+02    1.59475E-01    8.52591E-01
    2.52500E+02    1.59814E-01    8.52302E-01
    2.52600E+02    1.59933E-01    8.52201E-01
    2.52700E+02    1.60587E-01    8.51644E-01
    2.52800E+02    1.60469E-01    8.51744E-01
    2.52900E+02    1.60183E-01    8.51988E-01
    2.53000E+02    1.60254E-01    8.51927E-01
    2.53100E+02    1.60376E-01    8.51823E-01
    2.53200E+02    1.60521E-01    8.51700E-01
    2.53300E+02    1.60741E-01    8.51512E-01
    2.53400E+02    1.61191E-01    8.51129E-01
    2.53500E+02    1.61003E-01    8.51290E-01
    2.53600E+02    1.61180E-01    8.51139E-01
    2.53700E+02    1.61700E-01    8.50697E-01
    2.53800E+02    1.61731E-01    8.50670E-01
    2.53900E+02    1.61771E-01    8.50636E-01
    2.54000E+02    1.61913E-01    8.50515E-01
    2.54100E+02    1.62146E-01    8.50317E-01
    2.54200E+02    1.62570E-01    8.49957E-01
    2.54300E+02    1.64241E-01    8.48538E-01
    2.54400E+02    1.62889E-01    8.49685E-01
    2.54500E+02    1.62895E-01    8.49681E-01
    2.54600E+02    1.63048E-01    8.49550E-01
    2.54700E+02    1.63356E-01    8.49288E-01
    2.54800E+02    1.63438E-01    8.49219E-01
    2.54900E+02    1.64130E-01    8.48632E-01
    2.55000E+02    1.63746E-01    8.48958E-01
    2.55100E+02    1.63843E-01    8.48875E-01
    2.55200E+02    1.63972E-01    8.48766E-01
    2.55300E+02    1.64054E-01    8.48696E-01
    2.55400E+02    1.64145E-01    8.48619E-01
    2.55500E+02    1.64235E-01    8.48542E-01
    2.55600E+02    1.64323E-01    8.48468E-01
    2.55700E+02    1.64415E-01    8.48390E-01
    2.55800E+02    1.64527E-01    8.48295E-01
    2.55900E+02    1.64604E-01    8.48230E-01
    2.56000E+02    1.64724E-01    8.48128E-01
    2.56100E+02    1.64833E-01    8.48035E-01
    2.56200E+02    1.64882E-01    8.47994E-01
    2.56300E+02    1.64987E-01    8.47905E-01
    2.56400E+02    1.65130E-01    8.47784E-01
    2.56500E+02    1.65271E-01    8.47664E-01
    2.56600E+02    1.65398E-01    8.47557E-01
    2.56700E+02    1.65631E-01    8.47359E-01
    2.56800E+02    1.65717E-01    8.47286E-01
    2.56900E+02    1.66257E-01    8.46829E-01
    2.57000E+02    1.65946E-01    8.47092E-01
    2.57100E+02    1.66052E-01    8.47002E-01
    2.57200E+02    1.66218E-01    8.46862E-01
    2.57300E+02    1.66406E-01    8.46703E-01
    2.57400E+02    1.66644E-01    8.46501E-01
    2.57500E+02    1.66889E-01    8.46294E-01
    2.57600E+02    1.67197E-01    8.46033E-01
    2.57700E+02    1.67526E-01    8.45755E-01
    2.57800E+02    1.68009E-01    8.45346E-01
    2.57900E+02    1.68553E-01    8.44887E-01
    2.58000E+02    1.69662E-01    8.43950E-01
    2.58100E+02    1.72223E-01    8.41791E-01
    2.58200E+02    1.93509E-01    8.24062E-01
    2.58300E+02    1.74580E-01    8.39810E-01
    2.58400E+02    1.74232E-01    8.40102E-01
    2.58500E+02    1.77766E-01    8.37138E-01
    2.58600E+02    1.89434E-01    8.27428E-01
    2.58700E+02    2.67301E-01    7.65443E-01
    2.58800E+02    1.98733E-01    8.19769E-01
    2.58900E+02    1.80104E-01    8.35184E-01
    2.59000E+02    1.74664E-01    8.39739E-01
    2.59100E+02    1.72385E-01    8.41655E-01
    2.59200E+02    1.71283E-01    8.42583E-01
    2.59300E+02    1.70652E-01    8.43115E-01
    2.59400E+02    1.70325E-01    8.43390E-01
    2.59500E+02    1.70301E-01    8.43411E-01
    2.59600E+02    1.70008E-01    8.43658E-01
    2.59700E+02    1.69950E-01    8.43707E-01
    2.59800E+02    1.69954E-01    8.43704E-01
    2.59900E+02    1.70002E-01    8.43663E-01
    2.60000E+02    1.70136E-01    8.43550E-01
    2.60100E+02    1.70183E-01    8.43510E-01
    2.60200E+02    1.70225E-01    8.43475E-01
    2.60300E+02    1.70319E-01    8.43396E-01
    2.60400E+02    1.70442E-01    8.43292E-01
    2.60500E+02    1.70598E-01    8.43160E-01
    2.60600E+02    1.70761E-01    8.43023E-01
    2.60700E+02    1.70957E-01    8.42858E-01
    2.60800E+02    1.71797E-01    8.42150E-01
    2.60900E+02    1.71301E-01    8.42568E-01
    2.61000E+02    1.71303E-01    8.42566E-01
    2.61100E+02    1.71480E-01    8.42417E-01
    2.61200E+02    1.71582E-01    8.42331E-01
    2.61300E+02    1.71742E-01    8.42196E-01
    2.61400E+02    1.71908E-01    8.42057E-01
    2.61500E+02    1.72079E-01    8.41912E-01
    2.61600E+02    1.72269E-01    8.41753E-01
    2.61700E+02    1.72486E-01    8.41570E-01
    2.61800E+02    1.72695E-01    8.41394E-01
    2.61900E+02    1.72896E-01    8.41225E-01
    2.62000E+02    1.73147E-01    8.41014E-01
    2.62100E+02    1.73396E-01    8.40805E-01
    2.62200E+02    1.73674E-01    8.40571E-01
    2.62300E+02    1.74023E-01    8.40277E-01
    2.62400E+02    1.74482E-01    8.39892E-01
    2.62500E+02    1.75165E-01    8.39318E-01
    2.62600E+02    1.76038E-01    8.38586E-01
    2.62700E+02    1.78087E-01    8.36870E-01
    2.62800E+02    1.85774E-01    8.30461E-01
    2.62900E+02    1.89584E-01    8.27303E-01
    2.63000E+02    1.79975E-01    8.35291E-01
    2.63100E+02    1.78779E-01    8.36291E-01
    2.63200E+02    1.80659E-01    8.34720E-01
    2.63300E+02    1.80000E-01    8.35270E-01
    2.63400E+02    1.82195E-01    8.33439E-01
    2.63500E+02    1.87714E-01    8.28851E-01
    2.63600E+02    2.05899E-01    8.13916E-01
    2.63700E+02    3.25787E-01    7.21959E-01
    2.63800E+02    2.03061E-01    8.16229E-01
    2.63900E+02    1.93998E-01    8.23660E-01
    2.64000E+02    1.83583E-01    8.32282E-01
    2.64100E+02    1.80914E-01    8.34507E-01
    2.64200E+02    1.79751E-01    8.35478E-01
    2.64300E+02    1.79213E-01    8.35928E-01
    2.64400E+02    1.78990E-01    8.36114E-01
    2.64500E+02    1.79044E-01    8.36070E-01
    2.64600E+02    1.79364E-01    8.35802E-01
    2.64700E+02    1.80076E-01    8.35206E-01
    2.64800E+02    1.82022E-01    8.33583E-01
    2.64900E+02    1.93036E-01    8.24452E-01
    2.65000E+02    1.85099E-01    8.31022E-01
    2.65100E+02    1.81200E-01    8.34268E-01
    2.65200E+02    1.80262E-01    8.35052E-01
    2.65300E+02    1.79972E-01    8.35294E-01
    2.65400E+02    1.79930E-01    8.35329E-01
    2.65500E+02    1.80008E-01    8.35263E-01
    2.65600E+02    1.80164E-01    8.35133E-01
    2.65700E+02    1.80320E-01    8.35003E-01
    2.65800E+02    1.80519E-01    8.34837E-01
    2.65900E+02    1.80725E-01    8.34665E-01
    2.66000E+02    1.80937E-01    8.34488E-01
    2.66100E+02    1.81181E-01    8.34285E-01
    2.66200E+02    1.81454E-01    8.34057E-01
    2.66300E+02    1.81604E-01    8.33932E-01
    2.66400E+02    1.81834E-01    8.33740E-01
    2.66500E+02    1.82116E-01    8.33505E-01
    2.66600E+02    1.82473E-01    8.33207E-01
    2.66700E+02    1.82967E-01    8.32796E-01
    2.66800E+02    1.83697E-01    8.32188E-01
    2.66900E+02    1.84925E-01    8.31166E-01
    2.67000E+02    1.87173E-01    8.29300E-01
    2.67100E+02    1.92573E-01    8.24834E-01
    2.67200E+02    2.12725E-01    8.08378E-01
    2.67300E+02    2.35524E-01    7.90156E-01
    2.67400E+02    1.96429E-01    8.21659E-01
    2.67500E+02    1.88812E-01    8.27942E-01
    2.67600E+02    1.86047E-01    8.30235E-01
    2.67700E+02    1.84759E-01    8.31305E-01
    2.67800E+02    1.84088E-01    8.31863E-01
    2.67900E+02    1.83718E-01    8.32170E-01
    2.68000E+02    1.83520E-01    8.32335E-01
    2.68100E+02    1.83454E-01    8.32390E-01
    2.68200E+02    1.83751E-01    8.32143E-01
    2.68300E+02    1.83435E-01    8.32406E-01
    2.68400E+02    1.83468E-01    8.32378E-01
    2.68500E+02    1.83617E-01    8.32255E-01
    2.68600E+02    1.84115E-01    8.31840E-01
    2.68700E+02    1.84541E-01    8.31486E-01
    2.68800E+02    1.83870E-01    8.32044E-01
    2.68900E+02    1.83858E-01    8.32054E-01
    2.69000E+02    1.83927E-01    8.31996E-01
    2.69100E+02    1.84032E-01    8.31909E-01
    2.69200E+02    1.84144E-01    8.31816E-01
    2.69300E+02    1.84267E-01    8.31713E-01
    2.69400E+02    1.84399E-01    8.31604E-01
    2.69500E+02    1.84551E-01    8.31477E-01
    2.69600E+02    1.84684E-01    8.31367E-01
    2.69700E+02    1.84823E-01    8.31251E-01
    2.69800E+02    1.84978E-01    8.31122E-01
    2.69900E+02    1.85132E-01    8.30994E-01
    2.70000E+02    1.85293E-01    8.30861E-01
    2.70100E+02    1.85480E-01    8.30706E-01
    2.70200E+02    1.85614E-01    8.30594E-01
    2.70300E+02    1.85791E-01    8.30447E-01
    2.70400E+02    1.85996E-01    8.30277E-01
    2.70500E+02    1.86218E-01    8.30093E-01
    2.70600E+02    1.86341E-01    8.29990E-01
    2.70700E+02    1.86618E-01    8.29760E-01
    2.70800E+02    1.86818E-01    8.29594E-01
    2.70900E+02    1.87156E-01    8.29314E-01
    2.71000E+02    1.87496E-01    8.29032E-01
    2.71100E+02    1.89999E-01    8.26960E-01
    2.71200E+02    1.87761E-01    8.28813E-01
    2.71300E+02    1.87854E-01    8.28736E-01
    2.71400E+02    1.87846E-01    8.28742E-01
    2.71500E+02    1.88010E-01    8.28607E-01
    2.71600E+02    1.88217E-01    8.28435E-01
    2.71700E+02    1.88464E-01    8.28230E-01
    2.71800E+02    1.88794E-01    8.27957E-01
    2.71900E+02    1.89717E-01    8.27193E-01
    2.72000E+02    1.89485E-01    8.27385E-01
    2.72100E+02    1.89576E-01    8.27310E-01
    2.72200E+02    1.89883E-01    8.27056E-01
    2.72300E+02    1.90288E-01    8.26721E-01
    2.72400E+02    1.90816E-01    8.26285E-01
    2.72500E+02    1.91527E-01    8.25697E-01
    2.72600E+02    1.92548E-01    8.24855E-01
    2.72700E+02    1.94230E-01    8.23469E-01
    2.72800E+02    1.97366E-01    8.20890E-01
    2.72900E+02    2.05114E-01    8.14555E-01
    2.73000E+02    2.38319E-01    7.87951E-01
    2.73100E+02    2.40014E-01    7.86617E-01
    2.73200E+02    2.05986E-01    8.13844E-01
    2.73300E+02    1.98539E-01    8.19927E-01
    2.73400E+02    1.95700E-01    8.22259E-01
    2.73500E+02    1.94460E-01    8.23279E-01
    2.73600E+02    1.93893E-01    8.23746E-01
    2.73700E+02    1.93666E-01    8.23933E-01
    2.73800E+02    1.93712E-01    8.23895E-01
    2.73900E+02    1.94048E-01    8.23619E-01
    2.74000E+02    1.94417E-01    8.23314E-01
    2.74100E+02    1.95103E-01    8.22750E-01
    2.74200E+02    1.96551E-01    8.21559E-01
    2.74300E+02    1.99907E-01    8.18807E-01
    2.74400E+02    2.11441E-01    8.09417E-01
    2.74500E+02    2.41466E-01    7.85475E-01
    2.74600E+02    2.04653E-01    8.14930E-01
    2.74700E+02    1.98597E-01    8.19880E-01
    2.74800E+02    1.96546E-01    8.21563E-01
    2.74900E+02    1.95683E-01    8.22273E-01
    2.75000E+02    1.95329E-01    8.22564E-01
    2.75100E+02    1.95120E-01    8.22736E-01
    2.75200E+02    1.95142E-01    8.22718E-01
    2.75300E+02    1.95039E-01    8.22802E-01
    2.75400E+02    1.95081E-01    8.22768E-01
    2.75500E+02    1.95152E-01    8.22709E-01
    2.75600E+02    1.95256E-01    8.22624E-01
    2.75700E+02    1.95398E-01    8.22507E-01
    2.75800E+02    1.95555E-01    8.22378E-01
    2.75900E+02    1.95743E-01    8.22224E-01
    2.76000E+02    1.95901E-01    8.22094E-01
    2.76100E+02    1.96110E-01    8.21922E-01
    2.76200E+02    1.96344E-01    8.21729E-01
    2.76300E+02    1.96622E-01    8.21501E-01
    2.76400E+02    1.96950E-01    8.21232E-01
    2.76500E+02    1.97385E-01    8.20874E-01
    2.76600E+02    1.98035E-01    8.20341E-01
    2.76700E+02    1.99225E-01    8.19366E-01
    2.76800E+02    2.02270E-01    8.16874E-01
    2.76900E+02    2.19568E-01    8.02865E-01
    2.77000E+02    2.06535E-01    8.13398E-01
    2.77100E+02    2.01020E-01    8.17896E-01
    2.77200E+02    1.99522E-01    8.19122E-01
    2.77300E+02    1.99019E-01    8.19534E-01
    2.77400E+02    1.98894E-01    8.19637E-01
    2.77500E+02    1.98907E-01    8.19626E-01
    2.77600E+02    1.98930E-01    8.19607E-01
    2.77700E+02    1.99021E-01    8.19532E-01
    2.77800E+02    1.99182E-01    8.19400E-01
    2.77900E+02    1.99484E-01    8.19153E-01
    2.78000E+02    1.99564E-01    8.19088E-01
    2.78100E+02    1.99752E-01    8.18934E-01
    2.78200E+02    1.99874E-01    8.18834E-01
    2.78300E+02    2.00112E-01    8.18639E-01
    2.78400E+02    2.00534E-01    8.18294E-01
    2.78500E+02    2.01724E-01    8.17320E-01
    2.78600E+02    2.01039E-01    8.17881E-01
    2.78700E+02    2.01008E-01    8.17906E-01
    2.78800E+02    2.01203E-01    8.17746E-01
    2.78900E+02    2.01491E-01    8.17511E-01
    2.79000E+02    2.01870E-01    8.17201E-01
    2.79100E+02    2.02400E-01    8.16768E-01
    2.79200E+02    2.03307E-01    8.16028E-01
    2.79300E+02    2.05476E-01    8.14260E-01
    2.79400E+02    2.09426E-01    8.11049E-01
    2.79500E+02    2.27392E-01    7.96608E-01
    2.79600E+02    2.07987E-01    8.12218E-01
    2.79700E+02    2.05654E-01    8.14115E-01
    2.79800E+02    2.06227E-01    8.13648E-01
    2.79900E+02    2.16074E-01    8.05676E-01
    2.80000E+02    2.05604E-01    8.14155E-01
    2.80100E+02    2.04458E-01    8.15089E-01
    2.80200E+02    2.04192E-01    8.15306E-01
    2.80300E+02    2.04163E-01    8.15329E-01
    2.80400E+02    2.04235E-01    8.15270E-01
    2.80500E+02    2.04355E-01    8.15173E-01
    2.80600E+02    2.04514E-01    8.15043E-01
    2.80700E+02    2.04715E-01    8.14879E-01
    2.80800E+02    2.04995E-01    8.14651E-01
    2.80900E+02    2.05680E-01    8.14094E-01
    2.81000E+02    2.08318E-01    8.11949E-01
    2.81100E+02    2.05828E-01    8.13973E-01
    2.81200E+02    2.05936E-01    8.13885E-01
    2.81300E+02    2.05929E-01    8.13891E-01
    2.81400E+02    2.06216E-01    8.13657E-01
    2.81500E+02    2.07060E-01    8.12971E-01
    2.81600E+02    2.06740E-01    8.13231E-01
    2.81700E+02    2.06710E-01    8.13256E-01
    2.81800E+02    2.06903E-01    8.13099E-01
    2.81900E+02    2.07249E-01    8.12817E-01
    2.82000E+02    2.07676E-01    8.12470E-01
    2.82100E+02    2.07673E-01    8.12473E-01
    2.82200E+02    2.07902E-01    8.12287E-01
    2.82300E+02    2.08234E-01    8.12017E-01
    2.82400E+02    2.08490E-01    8.11809E-01
    2.82500E+02    2.08972E-01    8.11418E-01
    2.82600E+02    2.09780E-01    8.10763E-01
    2.82700E+02    2.11645E-01    8.09252E-01
    2.82800E+02    2.20392E-01    8.02204E-01
    2.82900E+02    2.16416E-01    8.05400E-01
    2.83000E+02    2.11667E-01    8.09234E-01
    2.83100E+02    2.10664E-01    8.10046E-01
    2.83200E+02    2.10396E-01    8.10263E-01
    2.83300E+02    2.10351E-01    8.10300E-01
    2.83400E+02    2.10463E-01    8.10209E-01
    2.83500E+02    2.10573E-01    8.10120E-01
    2.83600E+02    2.10731E-01    8.09992E-01
    2.83700E+02    2.10921E-01    8.09838E-01
    2.83800E+02    2.11131E-01    8.09668E-01
    2.83900E+02    2.11354E-01    8.09488E-01
    2.84000E+02    2.11608E-01    8.09282E-01
    2.84100E+02    2.11835E-01    8.09098E-01
    2.84200E+02    2.12088E-01    8.08893E-01
    2.84300E+02    2.12396E-01    8.08645E-01
    2.84400E+02    2.13132E-01    8.08050E-01
    2.84500E+02    2.12960E-01    8.08188E-01
    2.84600E+02    2.13345E-01    8.07877E-01
    2.84700E+02    2.13534E-01    8.07725E-01
    2.84800E+02    2.13901E-01    8.07428E-01
    2.84900E+02    2.14253E-01    8.07144E-01
    2.85000E+02    2.14614E-01    8.06853E-01
    2.85100E+02    2.15062E-01    8.06491E-01
    2.85200E+02    2.15586E-01    8.06069E-01
    2.85300E+02    2.16211E-01    8.05565E-01
    2.85400E+02    2.16987E-01    8.04941E-01
    2.85500E+02    2.18001E-01    8.04124E-01
    2.85600E+02    2.19475E-01    8.02940E-01
    2.85700E+02    2.21495E-01    8.01320E-01
    2.85800E+02    2.25088E-01    7.98446E-01
    2.85900E+02    2.32466E-01    7.92577E-01
    2.86000E+02    2.53555E-01    7.76037E-01
    2.86100E+02    3.47006E-01    7.06801E-01
    2.86200E+02    3.01243E-01    7.39898E-01
    2.86300E+02    2.97127E-01    7.42950E-01
    2.86400E+02    2.38471E-01    7.87832E-01
    2.86500E+02    2.28362E-01    7.95836E-01
    2.86600E+02    2.24364E-01    7.99024E-01
    2.86700E+02    2.22391E-01    8.00602E-01
    2.86800E+02    2.21317E-01    8.01463E-01
    2.86900E+02    2.20730E-01    8.01933E-01
    2.87000E+02    2.20474E-01    8.02139E-01
    2.87100E+02    2.20189E-01    8.02367E-01
    2.87200E+02    2.20113E-01    8.02428E-01
    2.87300E+02    2.20133E-01    8.02412E-01
    2.87400E+02    2.20217E-01    8.02345E-01
    2.87500E+02    2.20356E-01    8.02233E-01
    2.87600E+02    2.20537E-01    8.02088E-01
    2.87700E+02    2.20757E-01    8.01911E-01
    2.87800E+02    2.21024E-01    8.01697E-01
    2.87900E+02    2.21338E-01    8.01446E-01
    2.88000E+02    2.21713E-01    8.01145E-01
    2.88100E+02    2.22162E-01    8.00786E-01
    2.88200E+02    2.22727E-01    8.00333E-01
    2.88300E+02    2.23533E-01    7.99689E-01
    2.88400E+02    2.24413E-01    7.98985E-01
    2.88500E+02    2.25784E-01    7.97890E-01
    2.88600E+02    2.28063E-01    7.96074E-01
    2.88700E+02    2.32381E-01    7.92644E-01
    2.88800E+02    2.42759E-01    7.84461E-01
    2.88900E+02    2.83424E-01    7.53200E-01
    2.89000E+02    3.08181E-01    7.34782E-01
    2.89100E+02    2.47295E-01    7.80910E-01
    2.89200E+02    2.34817E-01    7.90716E-01
    2.89300E+02    2.30219E-01    7.94360E-01
    2.89400E+02    2.28103E-01    7.96043E-01
    2.89500E+02    2.27015E-01    7.96908E-01
    2.89600E+02    2.26434E-01    7.97372E-01
    2.89700E+02    2.26141E-01    7.97606E-01
    2.89800E+02    2.26092E-01    7.97644E-01
    2.89900E+02    2.26123E-01    7.97620E-01
    2.90000E+02    2.26179E-01    7.97575E-01
    2.90100E+02    2.26102E-01    7.97637E-01
    2.90200E+02    2.26202E-01    7.97557E-01
    2.90300E+02    2.26358E-01    7.97433E-01
    2.90400E+02    2.26561E-01    7.97271E-01
    2.90500E+02    2.26831E-01    7.97055E-01
    2.90600E+02    2.27114E-01    7.96830E-01
    2.90700E+02    2.27505E-01    7.96518E-01
    2.90800E+02    2.28197E-01    7.95967E-01
    2.90900E+02    2.30236E-01    7.94346E-01
    2.91000E+02    2.34775E-01    7.90749E-01
    2.91100E+02    2.29563E-01    7.94881E-01
    2.91200E+02    2.28973E-01    7.95350E-01
    2.91300E+02    2.29097E-01    7.95252E-01
    2.91400E+02    2.29187E-01    7.95180E-01
    2.91500E+02    2.29276E-01    7.95109E-01
    2.91600E+02    2.29631E-01    7.94827E-01
    2.91700E+02    2.32276E-01    7.92727E-01
    2.91800E+02    2.30102E-01    7.94453E-01
    2.91900E+02    2.30227E-01    7.94353E-01
    2.92000E+02    2.30483E-01    7.94150E-01
    2.92100E+02    2.30795E-01    7.93902E-01
    2.92200E+02    2.31147E-01    7.93623E-01
    2.92300E+02    2.31543E-01    7.93309E-01
    2.92400E+02    2.32018E-01    7.92932E-01
    2.92500E+02    2.32771E-01    7.92335E-01
    2.92600E+02    2.33328E-01    7.91894E-01
    2.92700E+02    2.34048E-01    7.91324E-01
    2.92800E+02    2.35317E-01    7.90320E-01
    2.92900E+02    2.37548E-01    7.88559E-01
    2.93000E+02    2.42468E-01    7.84689E-01
    2.93100E+02    2.59468E-01    7.71462E-01
    2.93200E+02    2.87188E-01    7.50371E-01
    2.93300E+02    2.48503E-01    7.79967E-01
    2.93400E+02    2.42880E-01    7.84366E-01
    2.93500E+02    2.46817E-01    7.81284E-01
    2.93600E+02    2.45319E-01    7.82455E-01
    2.93700E+02    2.38956E-01    7.87450E-01
    2.93800E+02    2.37410E-01    7.88668E-01
    2.93900E+02    2.36832E-01    7.89124E-01
    2.94000E+02    2.36634E-01    7.89280E-01
    2.94100E+02    2.36612E-01    7.89297E-01
    2.94200E+02    2.36697E-01    7.89230E-01
    2.94300E+02    2.36836E-01    7.89121E-01
    2.94400E+02    2.37019E-01    7.88976E-01
    2.94500E+02    2.37240E-01    7.88802E-01
    2.94600E+02    2.37560E-01    7.88549E-01
    2.94700E+02    2.37706E-01    7.88434E-01
    2.94800E+02    2.37974E-01    7.88223E-01
    2.94900E+02    2.38235E-01    7.88017E-01
    2.95000E+02    2.38513E-01    7.87799E-01
    2.95100E+02    2.38793E-01    7.87578E-01
    2.95200E+02    2.39114E-01    7.87325E-01
    2.95300E+02    2.39568E-01    7.86968E-01
    2.95400E+02    2.39874E-01    7.86727E-01
    2.95500E+02    2.40131E-01    7.86525E-01
    2.95600E+02    2.40333E-01    7.86366E-01
    2.95700E+02    2.40651E-01    7.86116E-01
    2.95800E+02    2.41082E-01    7.85777E-01
    2.95900E+02    2.41335E-01    7.85578E-01
    2.96000E+02    2.41747E-01    7.85255E-01
    2.96100E+02    2.42282E-01    7.84835E-01
    2.96200E+02    2.42405E-01    7.84738E-01
    2.96300E+02    2.42774E-01    7.84449E-01
    2.96400E+02    2.43463E-01    7.83908E-01
    2.96500E+02    2.43552E-01    7.83839E-01
    2.96600E+02    2.43941E-01    7.83534E-01
    2.96700E+02    2.44375E-01    7.83194E-01
    2.96800E+02    2.44880E-01    7.82799E-01
    2.96900E+02    2.45348E-01    7.82433E-01
    2.97000E+02    2.45953E-01    7.81959E-01
    2.97100E+02    2.47020E-01    7.81125E-01
    2.97200E+02    2.48822E-01    7.79719E-01
    2.97300E+02    2.47731E-01    7.80570E-01
    2.97400E+02    2.48279E-01    7.80143E-01
    2.97500E+02    2.48656E-01    7.79848E-01
    2.97600E+02    2.49290E-01    7.79354E-01
    2.97700E+02    2.50042E-01    7.78768E-01
    2.97800E+02    2.50902E-01    7.78099E-01
    2.97900E+02    2.51895E-01    7.77326E-01
    2.98000E+02    2.53062E-01    7.76420E-01
    2.98100E+02    2.54488E-01    7.75313E-01
    2.98200E+02    2.56320E-01    7.73894E-01
    2.98300E+02    2.59052E-01    7.71783E-01
    2.98400E+02    2.63557E-01    7.68314E-01
    2.98500E+02    2.67543E-01    7.65258E-01
    2.98600E+02    2.62146E-01    7.69398E-01
    2.98700E+02    2.59049E-01    7.71785E-01
    2.98800E+02    2.58133E-01    7.72492E-01
    2.98900E+02    2.56919E-01    7.73431E-01
    2.99000E+02    2.56321E-01    7.73894E-01
    2.99100E+02    2.55972E-01    7.74164E-01
    2.99200E+02    2.55794E-01    7.74302E-01
    2.99300E+02    2.55802E-01    7.74295E-01
    2.99400E+02    2.56222E-01    7.73970E-01
    2.99500E+02    2.58804E-01    7.71974E-01
    2.99600E+02    2.56237E-01    7.73958E-01
    2.99700E+02    2.56329E-01    7.73888E-01
    2.99800E+02    2.56256E-01    7.73944E-01
    2.99900E+02    2.56484E-01    7.73768E-01
    3.00000E+02    2.56810E-01    7.73515E-01
    3.00100E+02    2.57306E-01    7.73132E-01
    3.00200E+02    2.57791E-01    7.72757E-01
    3.00300E+02    2.58449E-01    7.72248E-01
    3.00400E+02    2.59520E-01    7.71422E-01
    3.00500E+02    2.61583E-01    7.69832E-01
    3.00600E+02    2.67654E-01    7.65172E-01
    3.00700E+02    2.91022E-01    7.47499E-01
    3.00800E+02    2.66108E-01    7.66356E-01
    3.00900E+02    2.63163E-01    7.68617E-01
    3.01000E+02    2.62674E-01    7.68992E-01
    3.01100E+02    2.62936E-01    7.68791E-01
    3.01200E+02    2.63721E-01    7.68188E-01
    3.01300E+02    2.65107E-01    7.67124E-01
    3.01400E+02    2.67362E-01    7.65396E-01
    3.01500E+02    2.71334E-01    7.62362E-01
    3.01600E+02    2.79623E-01    7.56069E-01
    3.01700E+02    3.03337E-01    7.38350E-01
    3.01800E+02    4.69369E-01    6.25397E-01
    3.01900E+02    3.18293E-01    7.27390E-01
    3.02000E+02    2.84931E-01    7.52066E-01
    3.02100E+02    2.75297E-01    7.59347E-01
    3.02200E+02    2.71421E-01    7.62296E-01
    3.02300E+02    2.69684E-01    7.63621E-01
    3.02400E+02    2.68970E-01    7.64166E-01
    3.02500E+02    2.68927E-01    7.64199E-01
    3.02600E+02    2.69235E-01    7.63964E-01
    3.02700E+02    2.69967E-01    7.63405E-01
    3.02800E+02    2.71440E-01    7.62281E-01
    3.02900E+02    2.74380E-01    7.60043E-01
    3.03000E+02    2.81429E-01    7.54704E-01
    3.03100E+02    3.06967E-01    7.35675E-01
    3.03200E+02    3.32247E-01    7.17310E-01
    3.03300E+02    2.86219E-01    7.51098E-01
    3.03400E+02    2.77346E-01    7.57793E-01
    3.03500E+02    2.74403E-01    7.60026E-01
    3.03600E+02    2.73425E-01    7.60769E-01
    3.03700E+02    2.72551E-01    7.61435E-01
    3.03800E+02    2.72381E-01    7.61564E-01
    3.03900E+02    2.72488E-01    7.61483E-01
    3.04000E+02    2.72692E-01    7.61327E-01
    3.04100E+02    2.73008E-01    7.61087E-01
    3.04200E+02    2.73409E-01    7.60781E-01
    3.04300E+02    2.73880E-01    7.60424E-01
    3.04400E+02    2.74421E-01    7.60012E-01
    3.04500E+02    2.75042E-01    7.59540E-01
    3.04600E+02    2.75778E-01    7.58982E-01
    3.04700E+02    2.76730E-01    7.58259E-01
    3.04800E+02    2.78602E-01    7.56841E-01
    3.04900E+02    2.78001E-01    7.57296E-01
    3.05000E+02    2.77769E-01    7.57471E-01
    3.05100E+02    2.77896E-01    7.57375E-01
    3.05200E+02    2.78082E-01    7.57235E-01
    3.05300E+02    2.78370E-01    7.57017E-01
    3.05400E+02    2.78713E-01    7.56757E-01
    3.05500E+02    2.79095E-01    7.56468E-01
    3.05600E+02    2.79511E-01    7.56153E-01
    3.05700E+02    2.79948E-01    7.55823E-01
    3.05800E+02    2.80408E-01    7.55475E-01
    3.05900E+02    2.80901E-01    7.55103E-01
    3.06000E+02    2.81418E-01    7.54713E-01
    3.06100E+02    2.81894E-01    7.54354E-01
    3.06200E+02    2.82413E-01    7.53962E-01
    3.06300E+02    2.82943E-01    7.53562E-01
    3.06400E+02    2.83496E-01    7.53147E-01
    3.06500E+02    2.84039E-01    7.52737E-01
    3.06600E+02    2.84605E-01    7.52311E-01
    3.06700E+02    2.85185E-01    7.51875E-01
    3.06800E+02    2.85783E-01    7.51425E-01
    3.06900E+02    2.86464E-01    7.50914E-01
    3.07000E+02    2.87019E-01    7.50497E-01
    3.07100E+02    2.87602E-01    7.50060E-01
    3.07200E+02    2.88236E-01    7.49584E-01
    3.07300E+02    2.89082E-01    7.48951E-01
    3.07400E+02    2.89815E-01    7.48402E-01
    3.07500E+02    2.90648E-01    7.47779E-01
    3.07600E+02    2.91098E-01    7.47442E-01
    3.07700E+02    2.91715E-01    7.46981E-01
    3.07800E+02    2.92384E-01    7.46481E-01
    3.07900E+02    2.93080E-01    7.45962E-01
    3.08000E+02    2.93781E-01    7.45440E-01
    3.08100E+02    2.94501E-01    7.44903E-01
    3.08200E+02    2.95244E-01    7.44350E-01
    3.08300E+02    2.96012E-01    7.43779E-01
    3.08400E+02    2.96837E-01    7.43165E-01
    3.08500E+02    2.97929E-01    7.42354E-01
    3.08600E+02    2.99128E-01    7.41464E-01
    3.08700E+02    2.99277E-01    7.41354E-01
    3.08800E+02    3.00115E-01    7.40733E-01
    3.08900E+02    3.00980E-01    7.40092E-01
    3.09000E+02    3.01630E-01    7.39612E-01
    3.09100E+02    3.02471E-01    7.38990E-01
    3.09200E+02    3.03403E-01    7.38301E-01
    3.09300E+02    3.04344E-01    7.37607E-01
    3.09400E+02    3.05436E-01    7.36802E-01
    3.09500E+02    3.06242E-01    7.36209E-01
    3.09600E+02    3.07307E-01    7.35425E-01
    3.09700E+02    3.08545E-01    7.34515E-01
    3.09800E+02    3.10157E-01    7.33332E-01
    3.09900E+02    3.12666E-01    7.31494E-01
    3.10000E+02    3.19800E-01    7.26294E-01
    3.10100E+02    3.26318E-01    7.21576E-01
    3.10200E+02    3.16420E-01    7.28753E-01
    3.10300E+02    3.15373E-01    7.29517E-01
    3.10400E+02    3.15492E-01    7.29430E-01
    3.10500E+02    3.16108E-01    7.28981E-01
    3.10600E+02    3.16888E-01    7.28412E-01
    3.10700E+02    3.17762E-01    7.27776E-01
    3.10800E+02    3.18690E-01    7.27101E-01
    3.10900E+02    3.19658E-01    7.26398E-01
    3.11000E+02    3.20665E-01    7.25666E-01
    3.11100E+02    3.21757E-01    7.24874E-01
    3.11200E+02    3.22773E-01    7.24138E-01
    3.11300E+02    3.23809E-01    7.23389E-01
    3.11400E+02    3.24900E-01    7.22600E-01
    3.11500E+02    3.26036E-01    7.21780E-01
    3.11600E+02    3.27280E-01    7.20882E-01
    3.11700E+02    3.28450E-01    7.20039E-01
    3.11800E+02    3.29589E-01    7.19219E-01
    3.11900E+02    3.30787E-01    7.18358E-01
    3.12000E+02    3.32052E-01    7.17450E-01
    3.12100E+02    3.33353E-01    7.16517E-01
    3.12200E+02    3.34687E-01    7.15562E-01
    3.12300E+02    3.36061E-01    7.14580E-01
    3.12400E+02    3.37474E-01    7.13570E-01
    3.12500E+02    3.38974E-01    7.12501E-01
    3.12600E+02    3.40474E-01    7.11433E-01
    3.12700E+02    3.41909E-01    7.10413E-01
    3.12800E+02    3.43460E-01    7.09312E-01
    3.12900E+02    3.45320E-01    7.07994E-01
    3.13000E+02    3.46668E-01    7.07040E-01
    3.13100E+02    3.48289E-01    7.05895E-01
    3.13200E+02    3.49905E-01    7.04755E-01
    3.13300E+02    3.51614E-01    7.03552E-01
    3.13400E+02    3.53383E-01    7.02308E-01
    3.13500E+02    3.55235E-01    7.01008E-01
    3.13600E+02    3.57258E-01    6.99592E-01
    3.13700E+02    3.58811E-01    6.98506E-01
    3.13800E+02    3.60662E-01    6.97215E-01
    3.13900E+02    3.62614E-01    6.95855E-01
    3.14000E+02    3.65142E-01    6.94098E-01
    3.14100E+02    3.66431E-01    6.93204E-01
    3.14200E+02    3.68362E-01    6.91867E-01
    3.14300E+02    3.70390E-01    6.90465E-01
    3.14400E+02    3.72488E-01    6.89018E-01
    3.14500E+02    3.74653E-01    6.87528E-01
    3.14600E+02    3.76894E-01    6.85989E-01
    3.14700E+02    3.79216E-01    6.84398E-01
    3.14800E+02    3.81631E-01    6.82747E-01
    3.14900E+02    3.84150E-01    6.81029E-01
    3.15000E+02    3.86796E-01    6.79230E-01
    3.15100E+02    3.89621E-01    6.77314E-01
    3.15200E+02    3.92561E-01    6.75325E-01
    3.15300E+02    3.95778E-01    6.73156E-01
    3.15400E+02    3.99384E-01    6.70733E-01
    3.15500E+02    4.03646E-01    6.67881E-01
    3.15600E+02    4.09241E-01    6.64154E-01
    3.15700E+02    4.18418E-01    6.58087E-01
    3.15800E+02    4.43407E-01    6.41846E-01
    3.15900E+02    4.96055E-01    6.08928E-01
    3.16000E+02    4.38820E-01    6.44797E-01
    3.16100E+02    4.36588E-01    6.46238E-01
    3.16200E+02    4.49207E-01    6.38134E-01
    3.16300E+02    5.21263E-01    5.93770E-01
    3.16400E+02    4.74315E-01    6.22311E-01
    3.16500E+02    4.50738E-01    6.37157E-01
    3.16600E+02    4.48775E-01    6.38410E-01
    3.16700E+02    4.57168E-01    6.33074E-01
    3.16800E+02    4.50849E-01    6.37087E-01
    3.16900E+02    4.53203E-01    6.35589E-01
    3.17000E+02    4.57336E-01    6.32968E-01
    3.17100E+02    4.63732E-01    6.28932E-01
    3.17200E+02    4.85376E-01    6.15466E-01
    3.17300E+02    4.72304E-01    6.23564E-01
    3.17400E+02    4.75096E-01    6.21825E-01
    3.17500E+02    4.79564E-01    6.19053E-01
    3.17600E+02    4.84680E-01    6.15894E-01
    3.17700E+02    4.90211E-01    6.12497E-01
    3.17800E+02    4.96050E-01    6.08931E-01
    3.17900E+02    5.02172E-01    6.05215E-01
    3.18000E+02    5.08606E-01    6.01333E-01
    3.18100E+02    5.15403E-01    5.97260E-01
    3.18200E+02    5.22424E-01    5.93081E-01
    3.18300E+02    5.29826E-01    5.88707E-01
    3.18400E+02    5.37590E-01    5.84154E-01
    3.18500E+02    5.45769E-01    5.79396E-01
    3.18600E+02    5.54236E-01    5.74511E-01
    3.18700E+02    5.63197E-01    5.69386E-01
    3.18800E+02    5.72613E-01    5.64049E-01
    3.18900E+02    5.82526E-01    5.58486E-01
    3.19000E+02    5.92959E-01    5.52689E-01
    3.19100E+02    6.03978E-01    5.46633E-01
    3.19200E+02    6.15727E-01    5.40248E-01
    3.19300E+02    6.28072E-01    5.33620E-01
    3.19400E+02    6.41332E-01    5.26590E-01
    3.19500E+02    6.55294E-01    5.19289E-01
    3.19600E+02    6.70616E-01    5.11393E-01
    3.19700E+02    6.87845E-01    5.02658E-01
    3.19800E+02    7.08814E-01    4.92228E-01
    3.19900E+02    7.42069E-01    4.76128E-01
    3.20000E+02    8.96060E-01    4.08175E-01
    3.20100E+02    7.76590E-01    4.59972E-01
    3.20200E+02    7.81437E-01    4.57748E-01
    3.20300E+02    7.97597E-01    4.50410E-01
    3.20400E+02    8.17569E-01    4.41504E-01
    3.20500E+02    8.39558E-01    4.31901E-01
    3.20600E+02    8.63220E-01    4.21802E-01
    3.20700E+02    8.88097E-01    4.11438E-01
    3.20800E+02    9.14111E-01    4.00873E-01
    3.20900E+02    9.41020E-01    3.90230E-01
    3.21000E+02    9.68673E-01    3.79586E-01
    3.21100E+02    9.96949E-01    3.69003E-01
    3.21200E+02    1.02550E+00    3.58619E-01
    3.21300E+02    1.05444E+00    3.48386E-01
    3.21400E+02    1.08414E+00    3.38192E-01
    3.21500E+02    1.11502E+00    3.27908E-01
    3.21600E+02    1.14727E+00    3.17504E-01
    3.21700E+02    1.18157E+00    3.06798E-01
    3.21800E+02    1.21829E+00    2.95737E-01
    3.21900E+02    1.25800E+00    2.84222E-01
    3.22000E+02    1.30331E+00    2.71630E-01
    3.22100E+02    1.34751E+00    2.59886E-01
    3.22200E+02    1.39703E+00    2.47329E-01
    3.22300E+02    1.45096E+00    2.34346E-01
    3.22400E+02    1.50980E+00    2.20954E-01
    3.22500E+02    1.57372E+00    2.07272E-01
    3.22600E+02    1.64310E+00    1.93379E-01
    3.22700E+02    1.71862E+00    1.79314E-01
    3.22800E+02    1.80021E+00    1.65265E-01
    3.22900E+02    1.88905E+00    1.51215E-01
    3.23000E+02    1.98555E+00    1.37305E-01
    3.23100E+02    2.09035E+00    1.23644E-01
    3.23200E+02    2.20413E+00    1.10346E-01
    3.23300E+02    2.32757E+00    9.75323E-02
    3.23400E+02    2.46142E+00    8.53134E-02
    3.23500E+02    2.60643E+00    7.37977E-02
    3.23600E+02    2.76339E+00    6.30775E-02
    3.23700E+02    2.93786E+00    5.29792E-02
    3.23800E+02    3.11391E+00    4.44269E-02
    3.23900E+02    3.30786E+00    3.65944E-02
    3.24000E+02    3.51488E+00    2.97512E-02
    3.24100E+02    3.73424E+00    2.38914E-02
    3.24200E+02    3.96515E+00    1.89652E-02
    3.24300E+02    4.20506E+00    1.49199E-02
    3.24400E+02    4.45148E+00    1.16613E-02
    3.24500E+02    4.70029E+00    9.09260E-03
    3.24600E+02    4.94616E+00    7.11068E-03
    3.24700E+02    5.18184E+00    5.61764E-03
    3.24800E+02    5.39843E+00    4.52366E-03
    3.24900E+02    5.58561E+00    3.75147E-03
    3.25000E+02    5.73064E+00    3.24500E-03
    3.25100E+02    5.81923E+00    2.96989E-03
    3.25200E+02    5.82519E+00    2.95225E-03
    3.25300E+02    5.74652E+00    3.19388E-03
    3.25400E+02    5.61042E+00    3.65952E-03
    3.25500E+02    5.43065E+00    4.38025E-03
    3.25600E+02    5.22035E+00    5.40542E-03
    3.25700E+02    4.98944E+00    6.80946E-03
    3.25800E+02    4.74764E+00    8.67210E-03
    3.25900E+02    4.50173E+00    1.10898E-02
    3.26000E+02    4.25748E+00    1.41579E-02
    3.26100E+02    4.01893E+00    1.79721E-02
    3.26200E+02    3.78900E+00    2.26181E-02
    3.26300E+02    3.57027E+00    2.81483E-02
    3.26400E+02    3.36475E+00    3.45706E-02
    3.26500E+02    3.17323E+00    4.18680E-02
    3.26600E+02    2.99204E+00    5.01851E-02
    3.26700E+02    2.83099E+00    5.89542E-02
    3.26800E+02    2.70259E+00    6.70316E-02
    3.26900E+02    2.82663E+00    5.92118E-02
    3.27000E+02    2.42041E+00    8.88854E-02
    3.27100E+02    2.26359E+00    1.03977E-01
    3.27200E+02    2.13727E+00    1.17976E-01
    3.27300E+02    2.02531E+00    1.31953E-01
    3.27400E+02    1.92365E+00    1.46073E-01
    3.27500E+02    1.83066E+00    1.60308E-01
    3.27600E+02    1.74567E+00    1.74528E-01
    3.27700E+02    1.66972E+00    1.88301E-01
    3.27800E+02    1.60886E+00    2.00116E-01
    3.27900E+02    1.53759E+00    2.14898E-01
    3.28000E+02    1.46373E+00    2.31372E-01
    3.28100E+02    1.40253E+00    2.45975E-01
    3.28200E+02    1.34710E+00    2.59994E-01
    3.28300E+02    1.29593E+00    2.73643E-01
    3.28400E+02    1.24846E+00    2.86947E-01
    3.28500E+02    1.20438E+00    2.99876E-01
    3.28600E+02    1.16314E+00    3.12502E-01
    3.28700E+02    1.12467E+00    3.24760E-01
    3.28800E+02    1.08877E+00    3.36630E-01
    3.28900E+02    1.05514E+00    3.48143E-01
    3.29000E+02    1.02368E+00    3.59272E-01
    3.29100E+02    9.94228E-01    3.70009E-01
    3.29200E+02    9.66450E-01    3.80431E-01
    3.29300E+02    9.40506E-01    3.90430E-01
    3.29400E+02    9.15856E-01    4.00174E-01
    3.29500E+02    8.92783E-01    4.09514E-01
    3.29600E+02    8.71164E-01    4.18464E-01
    3.29700E+02    8.50722E-01    4.27106E-01
    3.29800E+02    8.32241E-01    4.35073E-01
    3.29900E+02    8.12958E-01    4.43544E-01
    3.30000E+02    7.95533E-01    4.51341E-01
    3.30100E+02    7.79142E-01    4.58799E-01
    3.30200E+02    7.63647E-01    4.65964E-01
    3.30300E+02    7.48959E-01    4.72859E-01
    3.30400E+02    7.35049E-01    4.79482E-01
    3.30500E+02    7.21823E-01    4.85866E-01
    3.30600E+02    7.09304E-01    4.91986E-01
    3.30700E+02    6.97406E-01    4.97875E-01
    3.30800E+02    6.86073E-01    5.03550E-01
    3.30900E+02    6.75327E-01    5.08990E-01
    3.31000E+02    6.65142E-01    5.14201E-01
    3.31100E+02    6.55412E-01    5.19228E-01
    3.31200E+02    6.46117E-01    5.24077E-01
    3.31300E+02    6.37303E-01    5.28717E-01
    3.31400E+02    6.28920E-01    5.33167E-01
    3.31500E+02    6.20982E-01    5.37417E-01
    3.31600E+02    6.13443E-01    5.41483E-01
    3.31700E+02    6.06354E-01    5.45336E-01
    3.31800E+02    6.00300E-01    5.48647E-01
    3.31900E+02    5.93163E-01    5.52577E-01
    3.32000E+02    5.87144E-01    5.55913E-01
    3.32100E+02    5.81845E-01    5.58867E-01
    3.32200E+02    5.76893E-01    5.61641E-01
    3.32300E+02    5.73047E-01    5.63805E-01
    3.32400E+02    5.70975E-01    5.64974E-01
    3.32500E+02    5.73003E-01    5.63830E-01
    3.32600E+02    5.89141E-01    5.54804E-01
    3.32700E+02    7.56495E-01    4.69308E-01
    3.32800E+02    5.98691E-01    5.49531E-01
    3.32900E+02    6.08468E-01    5.44184E-01
    3.33000E+02    5.53941E-01    5.74680E-01
    3.33100E+02    5.39867E-01    5.82825E-01
    3.33200E+02    5.31847E-01    5.87519E-01
    3.33300E+02    5.25937E-01    5.91001E-01
    3.33400E+02    5.21066E-01    5.93887E-01
    3.33500E+02    5.16741E-01    5.96461E-01
    3.33600E+02    5.12859E-01    5.98781E-01
    3.33700E+02    5.09247E-01    6.00948E-01
    3.33800E+02    5.05905E-01    6.02959E-01
    3.33900E+02    5.02825E-01    6.04820E-01
    3.34000E+02    4.99883E-01    6.06602E-01
    3.34100E+02    4.96848E-01    6.08446E-01
    3.34200E+02    4.94086E-01    6.10128E-01
    3.34300E+02    4.91509E-01    6.11703E-01
    3.34400E+02    4.89018E-01    6.13228E-01
    3.34500E+02    4.86690E-01    6.14658E-01
    3.34600E+02    4.84478E-01    6.16019E-01
    3.34700E+02    4.82419E-01    6.17288E-01
    3.34800E+02    4.80496E-01    6.18477E-01
    3.34900E+02    4.78833E-01    6.19506E-01
    3.35000E+02    4.77606E-01    6.20266E-01
    3.35100E+02    4.77538E-01    6.20309E-01
    3.35200E+02    4.82274E-01    6.17378E-01
    3.35300E+02    4.91682E-01    6.11597E-01
    3.35400E+02    4.73794E-01    6.22636E-01
    3.35500E+02    4.69318E-01    6.25429E-01
    3.35600E+02    4.66809E-01    6.27000E-01
    3.35700E+02    4.65181E-01    6.28021E-01
    3.35800E+02    4.62923E-01    6.29441E-01
    3.35900E+02    4.61699E-01    6.30212E-01
    3.36000E+02    4.59707E-01    6.31468E-01
    3.36100E+02    4.58196E-01    6.32424E-01
    3.36200E+02    4.57182E-01    6.33065E-01
    3.36300E+02    4.55428E-01    6.34177E-01
    3.36400E+02    4.54094E-01    6.35023E-01
    3.36500E+02    4.52844E-01    6.35817E-01
    3.36600E+02    4.51664E-01    6.36568E-01
    3.36700E+02    4.50523E-01    6.37295E-01
    3.36800E+02    4.49441E-01    6.37985E-01
    3.36900E+02    4.48420E-01    6.38637E-01
    3.37000E+02    4.47424E-01    6.39273E-01
    3.37100E+02    4.46606E-01    6.39796E-01
    3.37200E+02    4.45696E-01    6.40379E-01
    3.37300E+02    4.44787E-01    6.40961E-01
    3.37400E+02    4.43953E-01    6.41495E-01
    3.37500E+02    4.43296E-01    6.41917E-01
    3.37600E+02    4.42871E-01    6.42190E-01
    3.37700E+02    4.41893E-01    6.42818E-01
    3.37800E+02    4.40963E-01    6.43417E-01
    3.37900E+02    4.40241E-01    6.43881E-01
    3.38000E+02    4.39589E-01    6.44301E-01
    3.38100E+02    4.39001E-01    6.44680E-01
    3.38200E+02    4.38429E-01    6.45049E-01
    3.38300E+02    4.37966E-01    6.45348E-01
    3.38400E+02    4.37455E-01    6.45678E-01
    3.38500E+02    4.36974E-01    6.45988E-01
    3.38600E+02    4.36678E-01    6.46179E-01
    3.38700E+02    4.37616E-01    6.45573E-01
    3.38800E+02    4.36059E-01    6.46580E-01
    3.38900E+02    4.35354E-01    6.47036E-01
    3.39000E+02    4.34862E-01    6.47354E-01
    3.39100E+02    4.34475E-01    6.47605E-01
    3.39200E+02    4.34135E-01    6.47825E-01
    3.39300E+02    4.33823E-01    6.48027E-01
    3.39400E+02    4.33539E-01    6.48211E-01
    3.39500E+02    4.33277E-01    6.48381E-01
    3.39600E+02    4.33038E-01    6.48536E-01
    3.39700E+02    4.32821E-01    6.48677E-01
    3.39800E+02    4.32638E-01    6.48795E-01
    3.39900E+02    4.32484E-01    6.48895E-01
    3.40000E+02    4.32292E-01    6.49020E-01
    3.40100E+02    4.32145E-01    6.49116E-01
    3.40200E+02    4.32021E-01    6.49195E-01
    3.40300E+02    4.31916E-01    6.49264E-01
    3.40400E+02    4.31834E-01    6.49317E-01
    3.40500E+02    4.31783E-01    6.49350E-01
    3.40600E+02    4.31827E-01    6.49321E-01
    3.40700E+02    4.32103E-01    6.49143E-01
    3.40800E+02    4.31696E-01    6.49407E-01
    3.40900E+02    4.31643E-01    6.49441E-01
    3.41000E+02    4.31635E-01    6.49447E-01
    3.41100E+02    4.31652E-01    6.49435E-01
    3.41200E+02    4.31689E-01    6.49411E-01
    3.41300E+02    4.31744E-01    6.49376E-01
    3.41400E+02    4.31815E-01    6.49330E-01
    3.41500E+02    4.31906E-01    6.49271E-01
    3.41600E+02    4.32013E-01    6.49201E-01
    3.41700E+02    4.32146E-01    6.49115E-01
    3.41800E+02    4.32329E-01    6.48996E-01
    3.41900E+02    4.32690E-01    6.48762E-01
    3.42000E+02    4.32715E-01    6.48745E-01
    3.42100E+02    4.33379E-01    6.48315E-01
    3.42200E+02    4.33115E-01    6.48486E-01
    3.42300E+02    4.33346E-01    6.48336E-01
    3.42400E+02    4.33635E-01    6.48149E-01
    3.42500E+02    4.34018E-01    6.47900E-01
    3.42600E+02    4.34385E-01    6.47663E-01
    3.42700E+02    4.34925E-01    6.47313E-01
    3.42800E+02    4.35694E-01    6.46815E-01
    3.42900E+02    4.36874E-01    6.46053E-01
    3.43000E+02    4.39202E-01    6.44551E-01
    3.43100E+02    4.45784E-01    6.40322E-01
    3.43200E+02    4.73030E-01    6.23112E-01
    3.43300E+02    4.54436E-01    6.34806E-01
    3.43400E+02    4.44427E-01    6.41192E-01
    3.43500E+02    4.54314E-01    6.34883E-01
    3.43600E+02    4.41111E-01    6.43321E-01
    3.43700E+02    4.39008E-01    6.44676E-01
    3.43800E+02    4.38417E-01    6.45057E-01
    3.43900E+02    4.38304E-01    6.45129E-01
    3.44000E+02    4.38341E-01    6.45106E-01
    3.44100E+02    4.38503E-01    6.45001E-01
    3.44200E+02    4.38733E-01    6.44853E-01
    3.44300E+02    4.39009E-01    6.44675E-01
    3.44400E+02    4.39327E-01    6.44470E-01
    3.44500E+02    4.39675E-01    6.44246E-01
    3.44600E+02    4.40071E-01    6.43990E-01
    3.44700E+02    4.40454E-01    6.43744E-01
    3.44800E+02    4.40906E-01    6.43453E-01
    3.44900E+02    4.41333E-01    6.43179E-01
    3.45000E+02    4.41695E-01    6.42946E-01
    3.45100E+02    4.42123E-01    6.42671E-01
    3.45200E+02    4.42575E-01    6.42380E-01
    3.45300E+02    4.43037E-01    6.42084E-01
    3.45400E+02    4.43516E-01    6.41776E-01
    3.45500E+02    4.44005E-01    6.41462E-01
    3.45600E+02    4.44508E-01    6.41140E-01
    3.45700E+02    4.45019E-01    6.40812E-01
    3.45800E+02    4.45541E-01    6.40478E-01
    3.45900E+02    4.46077E-01    6.40135E-01
    3.46000E+02    4.46620E-01    6.39787E-01
    3.46100E+02    4.47188E-01    6.39424E-01
    3.46200E+02    4.47755E-01    6.39061E-01
    3.46300E+02    4.48310E-01    6.38706E-01
    3.46400E+02    4.48906E-01    6.38326E-01
    3.46500E+02    4.49478E-01    6.37961E-01
    3.46600E+02    4.50108E-01    6.37559E-01
    3.46700E+02    4.50711E-01    6.37175E-01
    3.46800E+02    4.51376E-01    6.36752E-01
    3.46900E+02    4.52073E-01    6.36308E-01
    3.47000E+02    4.52637E-01    6.35949E-01
    3.47100E+02    4.53317E-01    6.35517E-01
    3.47200E+02    4.54210E-01    6.34950E-01
    3.47300E+02    4.54706E-01    6.34634E-01
    3.47400E+02    4.55281E-01    6.34269E-01
    3.47500E+02    4.55944E-01    6.33850E-01
    3.47600E+02    4.56656E-01    6.33398E-01
    3.47700E+02    4.57414E-01    6.32918E-01
    3.47800E+02    4.58510E-01    6.32225E-01
    3.47900E+02    4.58872E-01    6.31996E-01
    3.48000E+02    4.59649E-01    6.31506E-01
    3.48100E+02    4.60310E-01    6.31088E-01
    3.48200E+02    4.61057E-01    6.30617E-01
    3.48300E+02    4.61806E-01    6.30145E-01
    3.48400E+02    4.62594E-01    6.29648E-01
    3.48500E+02    4.63406E-01    6.29137E-01
    3.48600E+02    4.64295E-01    6.28578E-01
    3.48700E+02    4.64998E-01    6.28136E-01
    3.48800E+02    4.65833E-01    6.27612E-01
    3.48900E+02    4.66669E-01    6.27088E-01
    3.49000E+02    4.67791E-01    6.26385E-01
    3.49100E+02    4.68383E-01    6.26013E-01
    3.49200E+02    4.69259E-01    6.25466E-01
    3.49300E+02    4.70176E-01    6.24893E-01
    3.49400E+02    4.71177E-01    6.24267E-01
    3.49500E+02    4.72402E-01    6.23503E-01
    3.49600E+02    4.73678E-01    6.22708E-01
    3.49700E+02    4.76342E-01    6.21051E-01
    3.49800E+02    4.76805E-01    6.20764E-01
    3.49900E+02    4.76266E-01    6.21098E-01
