    1.49900E+02    8.37696E-02    9.19643E-01
    1.50000E+02    8.39402E-02    9.19486E-01
    1.50100E+02    8.41083E-02    9.19332E-01
    1.50200E+02    8.42259E-02    9.19224E-01
    1.50300E+02    8.43904E-02    9.19072E-01
    1.50400E+02    8.45291E-02    9.18945E-01
    1.50500E+02    8.46838E-02    9.18803E-01
    1.50600E+02    8.48430E-02    9.18657E-01
    1.50700E+02    8.50078E-02    9.18505E-01
    1.50800E+02    8.51713E-02    9.18355E-01
    1.50900E+02    8.53367E-02    9.18203E-01
    1.51000E+02    8.55030E-02    9.18050E-01
    1.51100E+02    8.56762E-02    9.17891E-01
    1.51200E+02    8.58426E-02    9.17739E-01
    1.51300E+02    8.60151E-02    9.17580E-01
    1.51400E+02    8.61848E-02    9.17425E-01
    1.51500E+02    8.63551E-02    9.17268E-01
    1.51600E+02    8.65292E-02    9.17109E-01
    1.51700E+02    8.66987E-02    9.16953E-01
    1.51800E+02    8.68682E-02    9.16798E-01
    1.51900E+02    8.70423E-02    9.16638E-01
    1.52000E+02    8.72131E-02    9.16482E-01
    1.52100E+02    8.73885E-02    9.16321E-01
    1.52200E+02    8.75566E-02    9.16167E-01
    1.52300E+02    8.77348E-02    9.16004E-01
    1.52400E+02    8.79122E-02    9.15841E-01
    1.52500E+02    8.80967E-02    9.15672E-01
    1.52600E+02    8.82765E-02    9.15508E-01
    1.52700E+02    8.84643E-02    9.15336E-01
    1.52800E+02    8.86528E-02    9.15163E-01
    1.52900E+02    8.88499E-02    9.14983E-01
    1.53000E+02    8.90546E-02    9.14796E-01
    1.53100E+02    8.92641E-02    9.14604E-01
    1.53200E+02    8.94774E-02    9.14409E-01
    1.53300E+02    8.97115E-02    9.14195E-01
    1.53400E+02    8.99736E-02    9.13955E-01
    1.53500E+02    9.02949E-02    9.13662E-01
    1.53600E+02    9.07377E-02    9.13257E-01
    1.53700E+02    9.19898E-02    9.12114E-01
    1.53800E+02    9.21180E-02    9.11998E-01
    1.53900E+02    9.40615E-02    9.10227E-01
    1.54000E+02    9.79946E-02    9.06654E-01
    1.54100E+02    9.62270E-02    9.08258E-01
    1.54200E+02    9.30294E-02    9.11167E-01
    1.54300E+02    9.23751E-02    9.11763E-01
    1.54400E+02    9.22112E-02    9.11913E-01
    1.54500E+02    9.22311E-02    9.11894E-01
    1.54600E+02    9.23352E-02    9.11799E-01
    1.54700E+02    9.25260E-02    9.11626E-01
    1.54800E+02    9.26930E-02    9.11473E-01
    1.54900E+02    9.28697E-02    9.11312E-01
    1.55000E+02    9.30640E-02    9.11135E-01
    1.55100E+02    9.32627E-02    9.10954E-01
    1.55200E+02    9.34676E-02    9.10768E-01
    1.55300E+02    9.36744E-02    9.10579E-01
    1.55400E+02    9.38895E-02    9.10383E-01
    1.55500E+02    9.41101E-02    9.10183E-01
    1.55600E+02    9.43354E-02    9.09977E-01
    1.55700E+02    9.45706E-02    9.09764E-01
    1.55800E+02    9.48173E-02    9.09539E-01
    1.55900E+02    9.51132E-02    9.09270E-01
    1.56000E+02    9.54953E-02    9.08923E-01
    1.56100E+02    9.73275E-02    9.07259E-01
    1.56200E+02    9.60001E-02    9.08464E-01
    1.56300E+02    9.60364E-02    9.08431E-01
    1.56400E+02    9.62352E-02    9.08250E-01
    1.56500E+02    9.65646E-02    9.07951E-01
    1.56600E+02    9.66788E-02    9.07848E-01
    1.56700E+02    9.69094E-02    9.07638E-01
    1.56800E+02    9.71351E-02    9.07433E-01
    1.56900E+02    9.73745E-02    9.07216E-01
    1.57000E+02    9.76376E-02    9.06978E-01
    1.57100E+02    9.78799E-02    9.06758E-01
    1.57200E+02    9.81539E-02    9.06509E-01
    1.57300E+02    9.84827E-02    9.06211E-01
    1.57400E+02    9.86531E-02    9.06057E-01
    1.57500E+02    9.89005E-02    9.05833E-01
    1.57600E+02    9.91604E-02    9.05597E-01
    1.57700E+02    9.94258E-02    9.05357E-01
    1.57800E+02    9.96922E-02    9.05116E-01
    1.57900E+02    9.99631E-02    9.04871E-01
    1.58000E+02    1.00238E-01    9.04622E-01
    1.58100E+02    1.00518E-01    9.04369E-01
    1.58200E+02    1.00796E-01    9.04118E-01
    1.58300E+02    1.01085E-01    9.03856E-01
    1.58400E+02    1.01381E-01    9.03589E-01
    1.58500E+02    1.01759E-01    9.03248E-01
    1.58600E+02    1.02017E-01    9.03015E-01
    1.58700E+02    1.02240E-01    9.02813E-01
    1.58800E+02    1.02529E-01    9.02552E-01
    1.58900E+02    1.02821E-01    9.02289E-01
    1.59000E+02    1.03118E-01    9.02020E-01
    1.59100E+02    1.03432E-01    9.01738E-01
    1.59200E+02    1.03748E-01    9.01453E-01
    1.59300E+02    1.04048E-01    9.01182E-01
    1.59400E+02    1.04353E-01    9.00907E-01
    1.59500E+02    1.04688E-01    9.00605E-01
    1.59600E+02    1.04990E-01    9.00334E-01
    1.59700E+02    1.05296E-01    9.00058E-01
    1.59800E+02    1.05625E-01    8.99762E-01
    1.59900E+02    1.05965E-01    8.99456E-01
    1.60000E+02    1.06292E-01    8.99162E-01
    1.60100E+02    1.06619E-01    8.98868E-01
    1.60200E+02    1.06956E-01    8.98565E-01
    1.60300E+02    1.07287E-01    8.98268E-01
    1.60400E+02    1.07646E-01    8.97945E-01
    1.60500E+02    1.07986E-01    8.97640E-01
    1.60600E+02    1.08332E-01    8.97330E-01
    1.60700E+02    1.08688E-01    8.97010E-01
    1.60800E+02    1.09043E-01    8.96692E-01
    1.60900E+02    1.09405E-01    8.96368E-01
    1.61000E+02    1.09775E-01    8.96036E-01
    1.61100E+02    1.10149E-01    8.95701E-01
    1.61200E+02    1.10530E-01    8.95360E-01
    1.61300E+02    1.10916E-01    8.95014E-01
    1.61400E+02    1.11288E-01    8.94681E-01
    1.61500E+02    1.11674E-01    8.94336E-01
    1.61600E+02    1.12065E-01    8.93986E-01
    1.61700E+02    1.12467E-01    8.93627E-01
    1.61800E+02    1.12866E-01    8.93270E-01
    1.61900E+02    1.13277E-01    8.92903E-01
    1.62000E+02    1.13687E-01    8.92537E-01
    1.62100E+02    1.14105E-01    8.92165E-01
    1.62200E+02    1.14527E-01    8.91788E-01
    1.62300E+02    1.14962E-01    8.91400E-01
    1.62400E+02    1.15387E-01    8.91022E-01
    1.62500E+02    1.15827E-01    8.90630E-01
    1.62600E+02    1.16272E-01    8.90233E-01
    1.62700E+02    1.16721E-01    8.89834E-01
    1.62800E+02    1.17178E-01    8.89426E-01
    1.62900E+02    1.17642E-01    8.89014E-01
    1.63000E+02    1.18117E-01    8.88592E-01
    1.63100E+02    1.18603E-01    8.88160E-01
    1.63200E+02    1.19125E-01    8.87697E-01
    1.63300E+02    1.19632E-01    8.87247E-01
    1.63400E+02    1.20080E-01    8.86850E-01
    1.63500E+02    1.20578E-01    8.86408E-01
    1.63600E+02    1.21096E-01    8.85949E-01
    1.63700E+02    1.21618E-01    8.85486E-01
    1.63800E+02    1.22158E-01    8.85009E-01
    1.63900E+02    1.22712E-01    8.84519E-01
    1.64000E+02    1.23285E-01    8.84012E-01
    1.64100E+02    1.23866E-01    8.83498E-01
    1.64200E+02    1.24481E-01    8.82955E-01
    1.64300E+02    1.25130E-01    8.82382E-01
    1.64400E+02    1.25829E-01    8.81765E-01
    1.64500E+02    1.26612E-01    8.81075E-01
    1.64600E+02    1.27554E-01    8.80246E-01
    1.64700E+02    1.28882E-01    8.79078E-01
    1.64800E+02    1.31248E-01    8.77000E-01
    1.64900E+02    1.38353E-01    8.70791E-01
    1.65000E+02    1.39552E-01    8.69748E-01
    1.65100E+02    1.33334E-01    8.75173E-01
    1.65200E+02    1.32623E-01    8.75796E-01
    1.65300E+02    1.33058E-01    8.75414E-01
    1.65400E+02    1.34099E-01    8.74503E-01
    1.65500E+02    1.35964E-01    8.72874E-01
    1.65600E+02    1.39750E-01    8.69575E-01
    1.65700E+02    1.51316E-01    8.59576E-01
    1.65800E+02    1.94186E-01    8.23504E-01
    1.65900E+02    1.47334E-01    8.63005E-01
    1.66000E+02    1.40939E-01    8.68542E-01
    1.66100E+02    1.39226E-01    8.70031E-01
    1.66200E+02    1.39098E-01    8.70143E-01
    1.66300E+02    1.38899E-01    8.70316E-01
    1.66400E+02    1.39210E-01    8.70046E-01
    1.66500E+02    1.39724E-01    8.69598E-01
    1.66600E+02    1.40464E-01    8.68955E-01
    1.66700E+02    1.40941E-01    8.68540E-01
    1.66800E+02    1.41615E-01    8.67956E-01
    1.66900E+02    1.42345E-01    8.67322E-01
    1.67000E+02    1.43117E-01    8.66653E-01
    1.67100E+02    1.43941E-01    8.65939E-01
    1.67200E+02    1.44809E-01    8.65187E-01
    1.67300E+02    1.45769E-01    8.64357E-01
    1.67400E+02    1.46927E-01    8.63357E-01
    1.67500E+02    1.48963E-01    8.61601E-01
    1.67600E+02    1.51977E-01    8.59008E-01
    1.67700E+02    1.49883E-01    8.60809E-01
    1.67800E+02    1.50254E-01    8.60490E-01
    1.67900E+02    1.50989E-01    8.59857E-01
    1.68000E+02    1.51849E-01    8.59118E-01
    1.68100E+02    1.52768E-01    8.58329E-01
    1.68200E+02    1.53721E-01    8.57511E-01
    1.68300E+02    1.54711E-01    8.56663E-01
    1.68400E+02    1.55727E-01    8.55793E-01
    1.68500E+02    1.56769E-01    8.54901E-01
    1.68600E+02    1.57839E-01    8.53987E-01
    1.68700E+02    1.58939E-01    8.53049E-01
    1.68800E+02    1.60084E-01    8.52072E-01
    1.68900E+02    1.61397E-01    8.50954E-01
    1.69000E+02    1.62821E-01    8.49743E-01
    1.69100E+02    1.63602E-01    8.49080E-01
    1.69200E+02    1.64722E-01    8.48129E-01
    1.69300E+02    1.65927E-01    8.47108E-01
    1.69400E+02    1.67164E-01    8.46061E-01
    1.69500E+02    1.68438E-01    8.44984E-01
    1.69600E+02    1.69753E-01    8.43873E-01
    1.69700E+02    1.71087E-01    8.42748E-01
    1.69800E+02    1.72488E-01    8.41568E-01
    1.69900E+02    1.73892E-01    8.40387E-01
    1.70000E+02    1.75372E-01    8.39145E-01
    1.70100E+02    1.76693E-01    8.38037E-01
    1.70200E+02    1.78166E-01    8.36804E-01
    1.70300E+02    1.79795E-01    8.35441E-01
    1.70400E+02    1.81210E-01    8.34260E-01
    1.70500E+02    1.82783E-01    8.32949E-01
    1.70600E+02    1.84391E-01    8.31610E-01
    1.70700E+02    1.86044E-01    8.30237E-01
    1.70800E+02    1.87734E-01    8.28835E-01
    1.70900E+02    1.89472E-01    8.27396E-01
    1.71000E+02    1.91258E-01    8.25919E-01
    1.71100E+02    1.93095E-01    8.24404E-01
    1.71200E+02    1.94985E-01    8.22847E-01
    1.71300E+02    1.96990E-01    8.21199E-01
    1.71400E+02    1.99882E-01    8.18827E-01
    1.71500E+02    2.00948E-01    8.17955E-01
    1.71600E+02    2.02824E-01    8.16422E-01
    1.71700E+02    2.04848E-01    8.14771E-01
    1.71800E+02    2.06962E-01    8.13051E-01
    1.71900E+02    2.09143E-01    8.11279E-01
    1.72000E+02    2.11382E-01    8.09464E-01
    1.72100E+02    2.13678E-01    8.07608E-01
    1.72200E+02    2.16039E-01    8.05704E-01
    1.72300E+02    2.18458E-01    8.03757E-01
    1.72400E+02    2.20946E-01    8.01760E-01
    1.72500E+02    2.23501E-01    7.99714E-01
    1.72600E+02    2.26125E-01    7.97618E-01
    1.72700E+02    2.28827E-01    7.95466E-01
    1.72800E+02    2.31620E-01    7.93247E-01
    1.72900E+02    2.34460E-01    7.90998E-01
    1.73000E+02    2.37405E-01    7.88672E-01
    1.73100E+02    2.40456E-01    7.86269E-01
    1.73200E+02    2.43644E-01    7.83767E-01
    1.73300E+02    2.47121E-01    7.81046E-01
    1.73400E+02    2.51041E-01    7.77991E-01
    1.73500E+02    2.57351E-01    7.73097E-01
    1.73600E+02    2.57512E-01    7.72973E-01
    1.73700E+02    2.60585E-01    7.70601E-01
    1.73800E+02    2.64088E-01    7.67906E-01
    1.73900E+02    2.67796E-01    7.65064E-01
    1.74000E+02    2.71661E-01    7.62113E-01
    1.74100E+02    2.75656E-01    7.59074E-01
    1.74200E+02    2.79801E-01    7.55934E-01
    1.74300E+02    2.84073E-01    7.52712E-01
    1.74400E+02    2.88496E-01    7.49390E-01
    1.74500E+02    2.93085E-01    7.45959E-01
    1.74600E+02    2.97818E-01    7.42437E-01
    1.74700E+02    3.02720E-01    7.38806E-01
    1.74800E+02    3.07833E-01    7.35038E-01
    1.74900E+02    3.13190E-01    7.31111E-01
    1.75000E+02    3.18909E-01    7.26942E-01
    1.75100E+02    3.25558E-01    7.22125E-01
    1.75200E+02    3.36064E-01    7.14577E-01
    1.75300E+02    3.38000E-01    7.13195E-01
    1.75400E+02    3.47406E-01    7.06519E-01
    1.75500E+02    3.52842E-01    7.02688E-01
    1.75600E+02    3.56121E-01    7.00388E-01
    1.75700E+02    3.62181E-01    6.96157E-01
    1.75800E+02    3.68968E-01    6.91447E-01
    1.75900E+02    3.76201E-01    6.86464E-01
    1.76000E+02    3.83778E-01    6.81283E-01
    1.76100E+02    3.91696E-01    6.75910E-01
    1.76200E+02    3.99962E-01    6.70346E-01
    1.76300E+02    4.08572E-01    6.64598E-01
    1.76400E+02    4.17718E-01    6.58548E-01
    1.76500E+02    4.26855E-01    6.52558E-01
    1.76600E+02    4.36559E-01    6.46256E-01
    1.76700E+02    4.46670E-01    6.39755E-01
    1.76800E+02    4.57248E-01    6.33023E-01
    1.76900E+02    4.68280E-01    6.26078E-01
    1.77000E+02    4.79803E-01    6.18906E-01
    1.77100E+02    4.91833E-01    6.11505E-01
    1.77200E+02    5.04394E-01    6.03871E-01
    1.77300E+02    5.17520E-01    5.95997E-01
    1.77400E+02    5.31283E-01    5.87851E-01
    1.77500E+02    5.45658E-01    5.79460E-01
    1.77600E+02    5.60742E-01    5.70786E-01
    1.77700E+02    5.76558E-01    5.61829E-01
    1.77800E+02    5.93147E-01    5.52586E-01
    1.77900E+02    6.10546E-01    5.43054E-01
    1.78000E+02    6.28832E-01    5.33214E-01
    1.78100E+02    6.48065E-01    5.23057E-01
    1.78200E+02    6.68282E-01    5.12588E-01
    1.78300E+02    6.89551E-01    5.01801E-01
    1.78400E+02    7.11988E-01    4.90668E-01
    1.78500E+02    7.35702E-01    4.79169E-01
    1.78600E+02    7.60849E-01    4.67270E-01
    1.78700E+02    7.86960E-01    4.55226E-01
    1.78800E+02    8.14697E-01    4.42773E-01
    1.78900E+02    8.44105E-01    4.29942E-01
    1.79000E+02    8.75239E-01    4.16762E-01
    1.79100E+02    9.08224E-01    4.03240E-01
    1.79200E+02    9.43201E-01    3.89379E-01
    1.79300E+02    9.80347E-01    3.75181E-01
    1.79400E+02    1.01976E+00    3.60682E-01
    1.79500E+02    1.06172E+00    3.45860E-01
    1.79600E+02    1.10634E+00    3.30767E-01
    1.79700E+02    1.15389E+00    3.15406E-01
    1.79800E+02    1.20457E+00    2.99820E-01
    1.79900E+02    1.25873E+00    2.84014E-01
    1.80000E+02    1.31761E+00    2.67775E-01
    1.80100E+02    1.37826E+00    2.52018E-01
    1.80200E+02    1.44424E+00    2.35926E-01
    1.80300E+02    1.51497E+00    2.19816E-01
    1.80400E+02    1.59081E+00    2.03761E-01
    1.80500E+02    1.67216E+00    1.87840E-01
    1.80600E+02    1.75953E+00    1.72126E-01
    1.80700E+02    1.85339E+00    1.56706E-01
    1.80800E+02    1.95426E+00    1.41669E-01
    1.80900E+02    2.06278E+00    1.27100E-01
    1.81000E+02    2.17958E+00    1.13089E-01
    1.81100E+02    2.30525E+00    9.97342E-02
    1.81200E+02    2.44054E+00    8.71136E-02
    1.81300E+02    2.58616E+00    7.53089E-02
    1.81400E+02    2.74289E+00    6.43840E-02
    1.81500E+02    2.91139E+00    5.43999E-02
    1.81600E+02    3.09239E+00    4.53932E-02
    1.81700E+02    3.28656E+00    3.73821E-02
    1.81800E+02    3.49449E+00    3.03644E-02
    1.81900E+02    3.71637E+00    2.43220E-02
    1.82000E+02    3.95277E+00    1.92015E-02
    1.82100E+02    4.20322E+00    1.49474E-02
    1.82200E+02    4.46797E+00    1.14706E-02
    1.82300E+02    4.74394E+00    8.70428E-03
    1.82400E+02    5.03088E+00    6.53307E-03
    1.82500E+02    5.32547E+00    4.86606E-03
    1.82600E+02    5.62430E+00    3.60908E-03
    1.82700E+02    5.92175E+00    2.68051E-03
    1.82800E+02    6.21117E+00    2.00688E-03
    1.82900E+02    6.48420E+00    1.52738E-03
    1.83000E+02    6.73001E+00    1.19452E-03
    1.83100E+02    6.93639E+00    9.71767E-04
    1.83200E+02    7.08834E+00    8.34778E-04
    1.83300E+02    7.16318E+00    7.74588E-04
    1.83400E+02    7.12461E+00    8.05047E-04
    1.83500E+02    7.00126E+00    9.10735E-04
    1.83600E+02    6.81862E+00    1.09323E-03
    1.83700E+02    6.59242E+00    1.37071E-03
    1.83800E+02    6.33610E+00    1.77120E-03
    1.83900E+02    6.05985E+00    2.33474E-03
    1.84000E+02    5.77271E+00    3.11133E-03
    1.84100E+02    5.48238E+00    4.15941E-03
    1.84200E+02    5.19605E+00    5.53841E-03
    1.84300E+02    4.92382E+00    7.27130E-03
    1.84400E+02    4.67778E+00    9.29962E-03
    1.84500E+02    4.37897E+00    1.25382E-02
    1.84600E+02    4.12316E+00    1.61933E-02
    1.84700E+02    3.88819E+00    2.04824E-02
    1.84800E+02    3.66327E+00    2.56484E-02
    1.84900E+02    3.44791E+00    3.18119E-02
    1.85000E+02    3.24984E+00    3.87803E-02
    1.85100E+02    3.06545E+00    4.66329E-02
    1.85200E+02    2.89366E+00    5.53729E-02
    1.85300E+02    2.73384E+00    6.49695E-02
    1.85400E+02    2.58502E+00    7.53943E-02
    1.85500E+02    2.44715E+00    8.65400E-02
    1.85600E+02    2.31859E+00    9.84122E-02
    1.85700E+02    2.19791E+00    1.11035E-01
    1.85800E+02    2.08625E+00    1.24152E-01
    1.85900E+02    1.98239E+00    1.37740E-01
    1.86000E+02    1.88567E+00    1.51728E-01
    1.86100E+02    1.79560E+00    1.66028E-01
    1.86200E+02    1.71157E+00    1.80581E-01
    1.86300E+02    1.63322E+00    1.95300E-01
    1.86400E+02    1.56004E+00    2.10127E-01
    1.86500E+02    1.49165E+00    2.25001E-01
    1.86600E+02    1.42762E+00    2.39880E-01
    1.86700E+02    1.36770E+00    2.54693E-01
    1.86800E+02    1.31159E+00    2.69391E-01
    1.86900E+02    1.25895E+00    2.83951E-01
    1.87000E+02    1.20957E+00    2.98327E-01
    1.87100E+02    1.16348E+00    3.12399E-01
    1.87200E+02    1.11973E+00    3.26369E-01
    1.87300E+02    1.07836E+00    3.40152E-01
    1.87400E+02    1.03959E+00    3.53598E-01
    1.87500E+02    1.00306E+00    3.66755E-01
    1.87600E+02    9.68635E-01    3.79601E-01
    1.87700E+02    9.36085E-01    3.92160E-01
    1.87800E+02    9.05394E-01    4.04383E-01
    1.87900E+02    8.76666E-01    4.16168E-01
    1.88000E+02    8.48663E-01    4.27987E-01
    1.88100E+02    8.22479E-01    4.39341E-01
    1.88200E+02    7.97698E-01    4.50364E-01
    1.88300E+02    7.74191E-01    4.61077E-01
    1.88400E+02    7.51872E-01    4.71483E-01
    1.88500E+02    7.30630E-01    4.81606E-01
    1.88600E+02    7.10443E-01    4.91426E-01
    1.88700E+02    6.91238E-01    5.00955E-01
    1.88800E+02    6.72999E-01    5.10176E-01
    1.88900E+02    6.55785E-01    5.19034E-01
    1.89000E+02    6.38939E-01    5.27852E-01
    1.89100E+02    6.23051E-01    5.36306E-01
    1.89200E+02    6.07876E-01    5.44506E-01
    1.89300E+02    5.93429E-01    5.52430E-01
    1.89400E+02    5.79540E-01    5.60156E-01
    1.89500E+02    5.66303E-01    5.67620E-01
    1.89600E+02    5.53660E-01    5.74842E-01
    1.89700E+02    5.41519E-01    5.81864E-01
    1.89800E+02    5.29883E-01    5.88674E-01
    1.89900E+02    5.18746E-01    5.95267E-01
    1.90000E+02    5.08062E-01    6.01660E-01
    1.90100E+02    4.97804E-01    6.07864E-01
    1.90200E+02    4.87965E-01    6.13874E-01
    1.90300E+02    4.78556E-01    6.19677E-01
    1.90400E+02    4.69480E-01    6.25327E-01
    1.90500E+02    4.60875E-01    6.30732E-01
    1.90600E+02    4.52739E-01    6.35884E-01
    1.90700E+02    4.44331E-01    6.41253E-01
    1.90800E+02    4.36508E-01    6.46289E-01
    1.90900E+02    4.28990E-01    6.51166E-01
    1.91000E+02    4.21771E-01    6.55884E-01
    1.91100E+02    4.14825E-01    6.60456E-01
    1.91200E+02    4.08129E-01    6.64893E-01
    1.91300E+02    4.01672E-01    6.69200E-01
    1.91400E+02    3.95454E-01    6.73374E-01
    1.91500E+02    3.89455E-01    6.77426E-01
    1.91600E+02    3.83669E-01    6.81357E-01
    1.91700E+02    3.78098E-01    6.85163E-01
    1.91800E+02    3.72829E-01    6.88783E-01
    1.91900E+02    3.67506E-01    6.92459E-01
    1.92000E+02    3.62461E-01    6.95961E-01
    1.92100E+02    3.57607E-01    6.99348E-01
    1.92200E+02    3.52949E-01    7.02613E-01
    1.92300E+02    3.48446E-01    7.05784E-01
    1.92400E+02    3.44047E-01    7.08895E-01
    1.92500E+02    3.39829E-01    7.11892E-01
    1.92600E+02    3.35778E-01    7.14782E-01
    1.92700E+02    3.31898E-01    7.17560E-01
    1.92800E+02    3.28131E-01    7.20268E-01
    1.92900E+02    3.24563E-01    7.22843E-01
    1.93000E+02    3.21196E-01    7.25281E-01
    1.93100E+02    3.18168E-01    7.27480E-01
    1.93200E+02    3.15806E-01    7.29201E-01
    1.93300E+02    3.16940E-01    7.28374E-01
    1.93400E+02    3.14079E-01    7.30461E-01
    1.93500E+02    3.06503E-01    7.36016E-01
    1.93600E+02    3.02552E-01    7.38930E-01
    1.93700E+02    2.99308E-01    7.41331E-01
    1.93800E+02    2.96332E-01    7.43540E-01
    1.93900E+02    2.93495E-01    7.45653E-01
    1.94000E+02    2.90734E-01    7.47714E-01
    1.94100E+02    2.88009E-01    7.49755E-01
    1.94200E+02    2.85341E-01    7.51758E-01
    1.94300E+02    2.82735E-01    7.53719E-01
    1.94400E+02    2.80186E-01    7.55643E-01
    1.94500E+02    2.77732E-01    7.57500E-01
    1.94600E+02    2.75380E-01    7.59284E-01
    1.94700E+02    2.73145E-01    7.60982E-01
    1.94800E+02    2.71064E-01    7.62568E-01
    1.94900E+02    2.69199E-01    7.63991E-01
    1.95000E+02    2.67682E-01    7.65151E-01
    1.95100E+02    2.66800E-01    7.65826E-01
    1.95200E+02    2.67392E-01    7.65373E-01
    1.95300E+02    2.72651E-01    7.61358E-01
    1.95400E+02    3.09535E-01    7.33788E-01
    1.95500E+02    2.82954E-01    7.53555E-01
    1.95600E+02    2.65368E-01    7.66924E-01
    1.95700E+02    2.68706E-01    7.64368E-01
    1.95800E+02    2.56948E-01    7.73408E-01
    1.95900E+02    2.51262E-01    7.77819E-01
    1.96000E+02    2.48133E-01    7.80256E-01
    1.96100E+02    2.45748E-01    7.82119E-01
    1.96200E+02    2.43710E-01    7.83715E-01
    1.96300E+02    2.41847E-01    7.85177E-01
    1.96400E+02    2.40153E-01    7.86508E-01
    1.96500E+02    2.38472E-01    7.87831E-01
    1.96600E+02    2.36899E-01    7.89071E-01
    1.96700E+02    2.35399E-01    7.90255E-01
    1.96800E+02    2.33954E-01    7.91398E-01
    1.96900E+02    2.32561E-01    7.92501E-01
    1.97000E+02    2.31201E-01    7.93580E-01
    1.97100E+02    2.29895E-01    7.94617E-01
    1.97200E+02    2.28621E-01    7.95630E-01
    1.97300E+02    2.27380E-01    7.96618E-01
    1.97400E+02    2.26193E-01    7.97564E-01
    1.97500E+02    2.25096E-01    7.98439E-01
    1.97600E+02    2.23996E-01    7.99319E-01
    1.97700E+02    2.22818E-01    8.00260E-01
    1.97800E+02    2.21709E-01    8.01149E-01
    1.97900E+02    2.20667E-01    8.01984E-01
    1.98000E+02    2.19878E-01    8.02616E-01
    1.98100E+02    2.18646E-01    8.03606E-01
    1.98200E+02    2.17658E-01    8.04401E-01
    1.98300E+02    2.16709E-01    8.05165E-01
    1.98400E+02    2.15794E-01    8.05902E-01
    1.98500E+02    2.14904E-01    8.06619E-01
    1.98600E+02    2.14049E-01    8.07309E-01
    1.98700E+02    2.13216E-01    8.07982E-01
    1.98800E+02    2.12423E-01    8.08623E-01
    1.98900E+02    2.11668E-01    8.09234E-01
    1.99000E+02    2.10984E-01    8.09787E-01
    1.99100E+02    2.10428E-01    8.10237E-01
    1.99200E+02    2.10571E-01    8.10121E-01
    1.99300E+02    2.10622E-01    8.10080E-01
    1.99400E+02    2.13893E-01    8.07435E-01
    1.99500E+02    2.08373E-01    8.11904E-01
    1.99600E+02    2.07063E-01    8.12969E-01
    1.99700E+02    2.06184E-01    8.13683E-01
    1.99800E+02    2.05473E-01    8.14262E-01
    1.99900E+02    2.04834E-01    8.14782E-01
    2.00000E+02    2.04246E-01    8.15262E-01
    2.00100E+02    2.03685E-01    8.15720E-01
    2.00200E+02    2.03159E-01    8.16149E-01
    2.00300E+02    2.02664E-01    8.16553E-01
    2.00400E+02    2.02195E-01    8.16935E-01
    2.00500E+02    2.01756E-01    8.17294E-01
    2.00600E+02    2.01348E-01    8.17628E-01
    2.00700E+02    2.00968E-01    8.17939E-01
    2.00800E+02    2.00623E-01    8.18221E-01
    2.00900E+02    2.00306E-01    8.18480E-01
    2.01000E+02    2.00028E-01    8.18708E-01
    2.01100E+02    1.99782E-01    8.18909E-01
    2.01200E+02    1.99576E-01    8.19078E-01
    2.01300E+02    1.99415E-01    8.19210E-01
    2.01400E+02    1.99329E-01    8.19280E-01
    2.01500E+02    1.99272E-01    8.19327E-01
    2.01600E+02    1.99188E-01    8.19395E-01
    2.01700E+02    1.99206E-01    8.19381E-01
    2.01800E+02    1.99287E-01    8.19315E-01
    2.01900E+02    1.99432E-01    8.19196E-01
    2.02000E+02    1.99641E-01    8.19025E-01
    2.02100E+02    1.99918E-01    8.18798E-01
    2.02200E+02    2.00271E-01    8.18509E-01
    2.02300E+02    2.00684E-01    8.18171E-01
    2.02400E+02    2.01174E-01    8.17770E-01
    2.02500E+02    2.01726E-01    8.17319E-01
    2.02600E+02    2.02350E-01    8.16809E-01
    2.02700E+02    2.03021E-01    8.16261E-01
    2.02800E+02    2.03727E-01    8.15685E-01
    2.02900E+02    2.04441E-01    8.15102E-01
    2.03000E+02    2.05127E-01    8.14544E-01
    2.03100E+02    2.05748E-01    8.14038E-01
    2.03200E+02    2.06252E-01    8.13628E-01
    2.03300E+02    2.06610E-01    8.13337E-01
    2.03400E+02    2.07018E-01    8.13005E-01
    2.03500E+02    2.06580E-01    8.13361E-01
    2.03600E+02    2.05210E-01    8.14476E-01
    2.03700E+02    2.04040E-01    8.15429E-01
    2.03800E+02    2.02790E-01    8.16450E-01
    2.03900E+02    2.01471E-01    8.17527E-01
    2.04000E+02    2.00152E-01    8.18606E-01
    2.04100E+02    1.98737E-01    8.19766E-01
    2.04200E+02    1.97395E-01    8.20866E-01
    2.04300E+02    1.96103E-01    8.21928E-01
    2.04400E+02    1.94870E-01    8.22942E-01
    2.04500E+02    1.93698E-01    8.23907E-01
    2.04600E+02    1.92596E-01    8.24815E-01
    2.04700E+02    1.91560E-01    8.25670E-01
    2.04800E+02    1.90597E-01    8.26466E-01
    2.04900E+02    1.89704E-01    8.27204E-01
    2.05000E+02    1.88857E-01    8.27905E-01
    2.05100E+02    1.88096E-01    8.28535E-01
    2.05200E+02    1.87567E-01    8.28974E-01
    2.05300E+02    1.86703E-01    8.29690E-01
    2.05400E+02    1.86050E-01    8.30232E-01
    2.05500E+02    1.85499E-01    8.30689E-01
    2.05600E+02    1.84970E-01    8.31129E-01
    2.05700E+02    1.84481E-01    8.31535E-01
    2.05800E+02    1.84098E-01    8.31854E-01
    2.05900E+02    1.83895E-01    8.32023E-01
    2.06000E+02    1.84199E-01    8.31771E-01
    2.06100E+02    1.87967E-01    8.28642E-01
    2.06200E+02    1.84969E-01    8.31130E-01
    2.06300E+02    1.82669E-01    8.33044E-01
    2.06400E+02    1.81835E-01    8.33738E-01
    2.06500E+02    1.81666E-01    8.33880E-01
    2.06600E+02    1.80878E-01    8.34537E-01
    2.06700E+02    1.80493E-01    8.34858E-01
    2.06800E+02    1.80163E-01    8.35134E-01
    2.06900E+02    1.79872E-01    8.35378E-01
    2.07000E+02    1.79597E-01    8.35607E-01
    2.07100E+02    1.79346E-01    8.35816E-01
    2.07200E+02    1.79116E-01    8.36009E-01
    2.07300E+02    1.78910E-01    8.36181E-01
    2.07400E+02    1.78755E-01    8.36311E-01
    2.07500E+02    1.78808E-01    8.36267E-01
    2.07600E+02    1.78373E-01    8.36630E-01
    2.07700E+02    1.78206E-01    8.36770E-01
    2.07800E+02    1.78082E-01    8.36874E-01
    2.07900E+02    1.78009E-01    8.36935E-01
    2.08000E+02    1.78000E-01    8.36943E-01
    2.08100E+02    1.78089E-01    8.36868E-01
    2.08200E+02    1.78341E-01    8.36657E-01
    2.08300E+02    1.78932E-01    8.36163E-01
    2.08400E+02    1.80319E-01    8.35004E-01
    2.08500E+02    1.84200E-01    8.31770E-01
    2.08600E+02    2.02606E-01    8.16600E-01
    2.08700E+02    1.96675E-01    8.21458E-01
    2.08800E+02    1.82832E-01    8.32908E-01
    2.08900E+02    1.79289E-01    8.35864E-01
    2.09000E+02    1.77794E-01    8.37115E-01
    2.09100E+02    1.76986E-01    8.37791E-01
    2.09200E+02    1.76477E-01    8.38218E-01
    2.09300E+02    1.76134E-01    8.38506E-01
    2.09400E+02    1.75923E-01    8.38683E-01
    2.09500E+02    1.76062E-01    8.38566E-01
    2.09600E+02    1.75621E-01    8.38936E-01
    2.09700E+02    1.75349E-01    8.39164E-01
    2.09800E+02    1.75205E-01    8.39285E-01
    2.09900E+02    1.75106E-01    8.39368E-01
    2.10000E+02    1.75065E-01    8.39402E-01
    2.10100E+02    1.75108E-01    8.39366E-01
    2.10200E+02    1.75864E-01    8.38732E-01
    2.10300E+02    1.75539E-01    8.39005E-01
    2.10400E+02    1.77696E-01    8.37197E-01
    2.10500E+02    1.76300E-01    8.38367E-01
    2.10600E+02    1.76474E-01    8.38221E-01
    2.10700E+02    1.79107E-01    8.36016E-01
    2.10800E+02    1.98912E-01    8.19622E-01
    2.10900E+02    1.78543E-01    8.36488E-01
    2.11000E+02    1.75811E-01    8.38777E-01
    2.11100E+02    1.74892E-01    8.39547E-01
    2.11200E+02    1.74444E-01    8.39924E-01
    2.11300E+02    1.74158E-01    8.40164E-01
    2.11400E+02    1.73974E-01    8.40319E-01
    2.11500E+02    1.73840E-01    8.40431E-01
    2.11600E+02    1.73735E-01    8.40520E-01
    2.11700E+02    1.73646E-01    8.40594E-01
    2.11800E+02    1.73573E-01    8.40656E-01
    2.11900E+02    1.73506E-01    8.40712E-01
    2.12000E+02    1.73451E-01    8.40758E-01
    2.12100E+02    1.73409E-01    8.40794E-01
    2.12200E+02    1.73364E-01    8.40832E-01
    2.12300E+02    1.73323E-01    8.40866E-01
    2.12400E+02    1.73291E-01    8.40893E-01
    2.12500E+02    1.73267E-01    8.40913E-01
    2.12600E+02    1.73251E-01    8.40927E-01
    2.12700E+02    1.73244E-01    8.40932E-01
    2.12800E+02    1.73241E-01    8.40935E-01
    2.12900E+02    1.73250E-01    8.40928E-01
    2.13000E+02    1.73185E-01    8.40982E-01
    2.13100E+02    1.73165E-01    8.40999E-01
    2.13200E+02    1.73156E-01    8.41006E-01
    2.13300E+02    1.73156E-01    8.41006E-01
    2.13400E+02    1.73160E-01    8.41003E-01
    2.13500E+02    1.73168E-01    8.40996E-01
    2.13600E+02    1.73183E-01    8.40984E-01
    2.13700E+02    1.73202E-01    8.40968E-01
    2.13800E+02    1.73239E-01    8.40937E-01
    2.13900E+02    1.73278E-01    8.40904E-01
    2.14000E+02    1.73332E-01    8.40858E-01
    2.14100E+02    1.73405E-01    8.40797E-01
    2.14200E+02    1.73507E-01    8.40711E-01
    2.14300E+02    1.73649E-01    8.40592E-01
    2.14400E+02    1.73857E-01    8.40417E-01
    2.14500E+02    1.74192E-01    8.40136E-01
    2.14600E+02    1.74762E-01    8.39656E-01
    2.14700E+02    1.75894E-01    8.38707E-01
    2.14800E+02    1.78729E-01    8.36332E-01
    2.14900E+02    1.90444E-01    8.26592E-01
    2.15000E+02    1.94081E-01    8.23591E-01
    2.15100E+02    1.79363E-01    8.35802E-01
    2.15200E+02    1.76188E-01    8.38460E-01
    2.15300E+02    1.74977E-01    8.39477E-01
    2.15400E+02    1.74401E-01    8.39960E-01
    2.15500E+02    1.74083E-01    8.40227E-01
    2.15600E+02    1.73900E-01    8.40381E-01
    2.15700E+02    1.73794E-01    8.40470E-01
    2.15800E+02    1.73729E-01    8.40525E-01
    2.15900E+02    1.73720E-01    8.40533E-01
    2.16000E+02    1.74034E-01    8.40268E-01
    2.16100E+02    1.73806E-01    8.40460E-01
    2.16200E+02    1.73677E-01    8.40568E-01
    2.16300E+02    1.73656E-01    8.40586E-01
    2.16400E+02    1.73671E-01    8.40573E-01
    2.16500E+02    1.73667E-01    8.40577E-01
    2.16600E+02    1.73684E-01    8.40562E-01
    2.16700E+02    1.73708E-01    8.40542E-01
    2.16800E+02    1.73744E-01    8.40512E-01
    2.16900E+02    1.73805E-01    8.40461E-01
    2.17000E+02    1.73808E-01    8.40458E-01
    2.17100E+02    1.73841E-01    8.40430E-01
    2.17200E+02    1.73888E-01    8.40391E-01
    2.17300E+02    1.73936E-01    8.40351E-01
    2.17400E+02    1.74008E-01    8.40290E-01
    2.17500E+02    1.74269E-01    8.40071E-01
    2.17600E+02    1.74114E-01    8.40201E-01
    2.17700E+02    1.74133E-01    8.40185E-01
    2.17800E+02    1.74184E-01    8.40142E-01
    2.17900E+02    1.74261E-01    8.40077E-01
    2.18000E+02    1.74395E-01    8.39965E-01
    2.18100E+02    1.75132E-01    8.39346E-01
    2.18200E+02    1.74599E-01    8.39794E-01
    2.18300E+02    1.74490E-01    8.39885E-01
    2.18400E+02    1.74500E-01    8.39877E-01
    2.18500E+02    1.74544E-01    8.39840E-01
    2.18600E+02    1.74600E-01    8.39793E-01
    2.18700E+02    1.74648E-01    8.39752E-01
    2.18800E+02    1.74708E-01    8.39702E-01
    2.18900E+02    1.74768E-01    8.39652E-01
    2.19000E+02    1.74842E-01    8.39590E-01
    2.19100E+02    1.74954E-01    8.39495E-01
    2.19200E+02    1.75022E-01    8.39438E-01
    2.19300E+02    1.75253E-01    8.39244E-01
    2.19400E+02    1.75168E-01    8.39316E-01
    2.19500E+02    1.75186E-01    8.39301E-01
    2.19600E+02    1.75250E-01    8.39247E-01
    2.19700E+02    1.75319E-01    8.39189E-01
    2.19800E+02    1.75405E-01    8.39117E-01
    2.19900E+02    1.75550E-01    8.38995E-01
    2.20000E+02    1.75621E-01    8.38936E-01
    2.20100E+02    1.75625E-01    8.38932E-01
    2.20200E+02    1.75688E-01    8.38880E-01
    2.20300E+02    1.75765E-01    8.38815E-01
    2.20400E+02    1.75842E-01    8.38751E-01
    2.20500E+02    1.75926E-01    8.38680E-01
    2.20600E+02    1.76022E-01    8.38600E-01
    2.20700E+02    1.76228E-01    8.38426E-01
    2.20800E+02    1.76217E-01    8.38436E-01
    2.20900E+02    1.76267E-01    8.38394E-01
    2.21000E+02    1.76349E-01    8.38326E-01
    2.21100E+02    1.76434E-01    8.38254E-01
    2.21200E+02    1.76535E-01    8.38169E-01
    2.21300E+02    1.76732E-01    8.38005E-01
    2.21400E+02    1.76740E-01    8.37998E-01
    2.21500E+02    1.76806E-01    8.37942E-01
    2.21600E+02    1.76894E-01    8.37868E-01
    2.21700E+02    1.76989E-01    8.37789E-01
    2.21800E+02    1.77089E-01    8.37705E-01
    2.21900E+02    1.77187E-01    8.37623E-01
    2.22000E+02    1.77290E-01    8.37537E-01
    2.22100E+02    1.77396E-01    8.37448E-01
    2.22200E+02    1.77504E-01    8.37358E-01
    2.22300E+02    1.77619E-01    8.37261E-01
    2.22400E+02    1.77783E-01    8.37124E-01
    2.22500E+02    1.77864E-01    8.37056E-01
    2.22600E+02    1.77955E-01    8.36980E-01
    2.22700E+02    1.78069E-01    8.36884E-01
    2.22800E+02    1.78189E-01    8.36785E-01
    2.22900E+02    1.78316E-01    8.36678E-01
    2.23000E+02    1.78464E-01    8.36554E-01
    2.23100E+02    1.78608E-01    8.36433E-01
    2.23200E+02    1.78798E-01    8.36275E-01
    2.23300E+02    1.78956E-01    8.36142E-01
    2.23400E+02    1.79062E-01    8.36054E-01
    2.23500E+02    1.79152E-01    8.35978E-01
    2.23600E+02    1.79294E-01    8.35860E-01
    2.23700E+02    1.79456E-01    8.35725E-01
    2.23800E+02    1.79636E-01    8.35574E-01
    2.23900E+02    1.80114E-01    8.35175E-01
    2.24000E+02    1.79974E-01    8.35292E-01
    2.24100E+02    1.80129E-01    8.35163E-01
    2.24200E+02    1.80313E-01    8.35009E-01
    2.24300E+02    1.80504E-01    8.34850E-01
    2.24400E+02    1.80710E-01    8.34677E-01
    2.24500E+02    1.80927E-01    8.34497E-01
    2.24600E+02    1.81175E-01    8.34289E-01
    2.24700E+02    1.81496E-01    8.34021E-01
    2.24800E+02    1.81968E-01    8.33628E-01
    2.24900E+02    1.82158E-01    8.33470E-01
    2.25000E+02    1.82225E-01    8.33414E-01
    2.25100E+02    1.82397E-01    8.33271E-01
    2.25200E+02    1.82657E-01    8.33054E-01
    2.25300E+02    1.82907E-01    8.32846E-01
    2.25400E+02    1.83197E-01    8.32604E-01
    2.25500E+02    1.83521E-01    8.32334E-01
    2.25600E+02    1.83893E-01    8.32025E-01
    2.25700E+02    1.84377E-01    8.31622E-01
    2.25800E+02    1.85193E-01    8.30944E-01
    2.25900E+02    1.86750E-01    8.29651E-01
    2.26000E+02    1.92533E-01    8.24867E-01
    2.26100E+02    1.93624E-01    8.23967E-01
    2.26200E+02    1.86900E-01    8.29526E-01
    2.26300E+02    1.85433E-01    8.30744E-01
    2.26400E+02    1.84862E-01    8.31219E-01
    2.26500E+02    1.84578E-01    8.31455E-01
    2.26600E+02    1.84405E-01    8.31599E-01
    2.26700E+02    1.84299E-01    8.31687E-01
    2.26800E+02    1.84229E-01    8.31745E-01
    2.26900E+02    1.84194E-01    8.31775E-01
    2.27000E+02    1.84136E-01    8.31823E-01
    2.27100E+02    1.84115E-01    8.31840E-01
    2.27200E+02    1.84106E-01    8.31848E-01
    2.27300E+02    1.84116E-01    8.31839E-01
    2.27400E+02    1.84131E-01    8.31827E-01
    2.27500E+02    1.84155E-01    8.31807E-01
    2.27600E+02    1.84192E-01    8.31776E-01
    2.27700E+02    1.84242E-01    8.31735E-01
    2.27800E+02    1.84303E-01    8.31684E-01
    2.27900E+02    1.84361E-01    8.31636E-01
    2.28000E+02    1.84419E-01    8.31587E-01
    2.28100E+02    1.84490E-01    8.31528E-01
    2.28200E+02    1.84571E-01    8.31461E-01
    2.28300E+02    1.84666E-01    8.31382E-01
    2.28400E+02    1.84755E-01    8.31308E-01
    2.28500E+02    1.84872E-01    8.31210E-01
    2.28600E+02    1.84979E-01    8.31121E-01
    2.28700E+02    1.85104E-01    8.31018E-01
    2.28800E+02    1.85239E-01    8.30906E-01
    2.28900E+02    1.85389E-01    8.30781E-01
    2.29000E+02    1.85559E-01    8.30640E-01
    2.29100E+02    1.85779E-01    8.30457E-01
    2.29200E+02    1.86024E-01    8.30253E-01
    2.29300E+02    1.86416E-01    8.29929E-01
    2.29400E+02    1.87178E-01    8.29296E-01
    2.29500E+02    1.89642E-01    8.27255E-01
    2.29600E+02    1.94989E-01    8.22844E-01
    2.29700E+02    1.88372E-01    8.28307E-01
    2.29800E+02    1.87441E-01    8.29078E-01
    2.29900E+02    1.87244E-01    8.29241E-01
    2.30000E+02    1.87281E-01    8.29211E-01
    2.30100E+02    1.87387E-01    8.29123E-01
    2.30200E+02    1.87556E-01    8.28983E-01
    2.30300E+02    1.87792E-01    8.28787E-01
    2.30400E+02    1.88066E-01    8.28560E-01
    2.30500E+02    1.88403E-01    8.28281E-01
    2.30600E+02    1.88832E-01    8.27926E-01
    2.30700E+02    1.89403E-01    8.27453E-01
    2.30800E+02    1.90212E-01    8.26784E-01
    2.30900E+02    1.91471E-01    8.25744E-01
    2.31000E+02    1.93748E-01    8.23865E-01
    2.31100E+02    1.98841E-01    8.19680E-01
    2.31200E+02    2.15822E-01    8.05879E-01
    2.31300E+02    2.70689E-01    7.62854E-01
    2.31400E+02    2.06954E-01    8.13057E-01
    2.31500E+02    1.97284E-01    8.20958E-01
    2.31600E+02    1.94083E-01    8.23589E-01
    2.31700E+02    1.92733E-01    8.24702E-01
    2.31800E+02    1.92122E-01    8.25206E-01
    2.31900E+02    1.91890E-01    8.25398E-01
    2.32000E+02    1.92044E-01    8.25271E-01
    2.32100E+02    1.91895E-01    8.25393E-01
    2.32200E+02    1.92043E-01    8.25272E-01
    2.32300E+02    1.92276E-01    8.25079E-01
    2.32400E+02    1.92607E-01    8.24806E-01
    2.32500E+02    1.93144E-01    8.24363E-01
    2.32600E+02    1.93442E-01    8.24117E-01
    2.32700E+02    1.94049E-01    8.23618E-01
    2.32800E+02    1.94431E-01    8.23303E-01
    2.32900E+02    1.95012E-01    8.22825E-01
    2.33000E+02    1.95850E-01    8.22136E-01
    2.33100E+02    1.96512E-01    8.21592E-01
    2.33200E+02    1.97470E-01    8.20805E-01
    2.33300E+02    1.98688E-01    8.19805E-01
    2.33400E+02    2.00046E-01    8.18693E-01
    2.33500E+02    2.01615E-01    8.17409E-01
    2.33600E+02    2.03737E-01    8.15677E-01
    2.33700E+02    2.06637E-01    8.13314E-01
    2.33800E+02    2.10999E-01    8.09775E-01
    2.33900E+02    2.19835E-01    8.02651E-01
    2.34000E+02    2.19058E-01    8.03275E-01
    2.34100E+02    2.11353E-01    8.09489E-01
    2.34200E+02    2.07606E-01    8.12527E-01
    2.34300E+02    2.05141E-01    8.14533E-01
    2.34400E+02    2.03383E-01    8.15965E-01
    2.34500E+02    2.02106E-01    8.17008E-01
    2.34600E+02    2.01140E-01    8.17798E-01
    2.34700E+02    2.00422E-01    8.18385E-01
    2.34800E+02    1.99919E-01    8.18797E-01
    2.34900E+02    1.99666E-01    8.19005E-01
    2.35000E+02    1.99659E-01    8.19010E-01
    2.35100E+02    2.00053E-01    8.18687E-01
    2.35200E+02    2.00372E-01    8.18426E-01
    2.35300E+02    2.01468E-01    8.17529E-01
    2.35400E+02    2.03746E-01    8.15670E-01
    2.35500E+02    2.08939E-01    8.11445E-01
    2.35600E+02    2.24714E-01    7.98745E-01
    2.35700E+02    3.46994E-01    7.06809E-01
    2.35800E+02    2.32010E-01    7.92938E-01
    2.35900E+02    2.11560E-01    8.09321E-01
    2.36000E+02    2.04757E-01    8.14845E-01
    2.36100E+02    2.02060E-01    8.17046E-01
    2.36200E+02    2.00717E-01    8.18144E-01
    2.36300E+02    2.00135E-01    8.18620E-01
    2.36400E+02    1.99940E-01    8.18780E-01
    2.36500E+02    2.00104E-01    8.18645E-01
    2.36600E+02    2.00855E-01    8.18031E-01
    2.36700E+02    2.01636E-01    8.17392E-01
    2.36800E+02    2.03523E-01    8.15851E-01
    2.36900E+02    2.07469E-01    8.12638E-01
    2.37000E+02    2.17552E-01    8.04486E-01
    2.37100E+02    2.63452E-01    7.68395E-01
    2.37200E+02    2.55655E-01    7.74409E-01
    2.37300E+02    2.16645E-01    8.05216E-01
    2.37400E+02    2.07370E-01    8.12719E-01
    2.37500E+02    2.03857E-01    8.15579E-01
    2.37600E+02    2.02437E-01    8.16738E-01
    2.37700E+02    2.01308E-01    8.17661E-01
    2.37800E+02    2.00851E-01    8.18034E-01
    2.37900E+02    2.00659E-01    8.18192E-01
    2.38000E+02    2.00650E-01    8.18199E-01
    2.38100E+02    2.00807E-01    8.18070E-01
    2.38200E+02    2.01160E-01    8.17782E-01
    2.38300E+02    2.01908E-01    8.17170E-01
    2.38400E+02    2.04752E-01    8.14849E-01
    2.38500E+02    2.03920E-01    8.15527E-01
    2.38600E+02    2.03865E-01    8.15573E-01
    2.38700E+02    2.05390E-01    8.14330E-01
    2.38800E+02    2.07897E-01    8.12291E-01
    2.38900E+02    2.14005E-01    8.07344E-01
    2.39000E+02    2.33666E-01    7.91626E-01
    2.39100E+02    3.64586E-01    6.94484E-01
    2.39200E+02    2.29808E-01    7.94686E-01
    2.39300E+02    2.14598E-01    8.06865E-01
    2.39400E+02    2.09717E-01    8.10814E-01
    2.39500E+02    2.07795E-01    8.12373E-01
    2.39600E+02    2.07426E-01    8.12674E-01
    2.39700E+02    2.06274E-01    8.13610E-01
    2.39800E+02    2.06391E-01    8.13515E-01
    2.39900E+02    2.06862E-01    8.13132E-01
    2.40000E+02    2.06605E-01    8.13341E-01
    2.40100E+02    2.06172E-01    8.13693E-01
    2.40200E+02    2.06167E-01    8.13697E-01
    2.40300E+02    2.06249E-01    8.13630E-01
    2.40400E+02    2.05948E-01    8.13875E-01
    2.40500E+02    2.05953E-01    8.13872E-01
    2.40600E+02    2.05714E-01    8.14066E-01
    2.40700E+02    2.05878E-01    8.13932E-01
    2.40800E+02    2.05945E-01    8.13878E-01
    2.40900E+02    2.06808E-01    8.13176E-01
    2.41000E+02    2.06334E-01    8.13561E-01
    2.41100E+02    2.06774E-01    8.13204E-01
    2.41200E+02    2.09604E-01    8.10905E-01
    2.41300E+02    2.08497E-01    8.11804E-01
    2.41400E+02    2.07642E-01    8.12498E-01
    2.41500E+02    2.07955E-01    8.12244E-01
    2.41600E+02    2.08255E-01    8.12000E-01
    2.41700E+02    2.08820E-01    8.11541E-01
    2.41800E+02    2.09658E-01    8.10862E-01
    2.41900E+02    2.10977E-01    8.09793E-01
    2.42000E+02    2.13313E-01    8.07903E-01
    2.42100E+02    2.18230E-01    8.03941E-01
    2.42200E+02    2.32171E-01    7.92810E-01
    2.42300E+02    3.20304E-01    7.25928E-01
    2.42400E+02    2.45570E-01    7.82259E-01
    2.42500E+02    2.22157E-01    8.00790E-01
    2.42600E+02    2.15564E-01    8.06086E-01
    2.42700E+02    2.12955E-01    8.08193E-01
    2.42800E+02    2.11865E-01    8.09074E-01
    2.42900E+02    2.11647E-01    8.09250E-01
    2.43000E+02    2.12296E-01    8.08725E-01
    2.43100E+02    2.13562E-01    8.07702E-01
    2.43200E+02    2.16675E-01    8.05191E-01
    2.43300E+02    2.25256E-01    7.98312E-01
    2.43400E+02    2.61790E-01    7.69673E-01
    2.43500E+02    2.67318E-01    7.65430E-01
    2.43600E+02    2.26155E-01    7.97595E-01
    2.43700E+02    2.17093E-01    8.04855E-01
    2.43800E+02    2.13829E-01    8.07487E-01
    2.43900E+02    2.12688E-01    8.08409E-01
    2.44000E+02    2.13216E-01    8.07981E-01
    2.44100E+02    2.18388E-01    8.03813E-01
    2.44200E+02    2.20660E-01    8.01989E-01
    2.44300E+02    2.12588E-01    8.08489E-01
    2.44400E+02    2.10990E-01    8.09782E-01
    2.44500E+02    2.10002E-01    8.10583E-01
    2.44600E+02    2.09662E-01    8.10858E-01
    2.44700E+02    2.09469E-01    8.11015E-01
    2.44800E+02    2.09487E-01    8.11000E-01
    2.44900E+02    2.09484E-01    8.11003E-01
    2.45000E+02    2.09516E-01    8.10977E-01
    2.45100E+02    2.09539E-01    8.10958E-01
    2.45200E+02    2.09595E-01    8.10913E-01
    2.45300E+02    2.09685E-01    8.10839E-01
    2.45400E+02    2.09789E-01    8.10755E-01
    2.45500E+02    2.09913E-01    8.10655E-01
    2.45600E+02    2.10057E-01    8.10538E-01
    2.45700E+02    2.10237E-01    8.10393E-01
    2.45800E+02    2.10750E-01    8.09976E-01
    2.45900E+02    2.10517E-01    8.10165E-01
    2.46000E+02    2.10652E-01    8.10056E-01
    2.46100E+02    2.10825E-01    8.09916E-01
    2.46200E+02    2.11033E-01    8.09748E-01
    2.46300E+02    2.11309E-01    8.09524E-01
    2.46400E+02    2.11647E-01    8.09250E-01
    2.46500E+02    2.13597E-01    8.07674E-01
    2.46600E+02    2.12243E-01    8.08769E-01
    2.46700E+02    2.12165E-01    8.08832E-01
    2.46800E+02    2.12346E-01    8.08685E-01
    2.46900E+02    2.12598E-01    8.08481E-01
    2.47000E+02    2.12908E-01    8.08230E-01
    2.47100E+02    2.13305E-01    8.07910E-01
    2.47200E+02    2.13697E-01    8.07593E-01
    2.47300E+02    2.14248E-01    8.07148E-01
    2.47400E+02    2.14980E-01    8.06558E-01
    2.47500E+02    2.16130E-01    8.05631E-01
    2.47600E+02    2.18344E-01    8.03849E-01
    2.47700E+02    2.25279E-01    7.98293E-01
    2.47800E+02    2.31245E-01    7.93545E-01
    2.47900E+02    2.24568E-01    7.98861E-01
    2.48000E+02    2.29150E-01    7.95209E-01
    2.48100E+02    2.50443E-01    7.78456E-01
    2.48200E+02    3.31492E-01    7.17852E-01
    2.48300E+02    2.39511E-01    7.87013E-01
    2.48400E+02    2.26023E-01    7.97700E-01
    2.48500E+02    2.21579E-01    8.01252E-01
    2.48600E+02    2.19695E-01    8.02764E-01
    2.48700E+02    2.18937E-01    8.03373E-01
    2.48800E+02    2.18483E-01    8.03737E-01
    2.48900E+02    2.18415E-01    8.03792E-01
    2.49000E+02    2.18617E-01    8.03629E-01
    2.49100E+02    2.19032E-01    8.03296E-01
    2.49200E+02    2.19696E-01    8.02763E-01
    2.49300E+02    2.20757E-01    8.01911E-01
    2.49400E+02    2.22488E-01    8.00524E-01
    2.49500E+02    2.25541E-01    7.98084E-01
    2.49600E+02    2.31904E-01    7.93022E-01
    2.49700E+02    2.50441E-01    7.78457E-01
    2.49800E+02    3.31949E-01    7.17524E-01
    2.49900E+02    2.83542E-01    7.53112E-01
    2.50000E+02    2.95447E-01    7.44199E-01
    2.50100E+02    2.42189E-01    7.84908E-01
    2.50200E+02    2.30837E-01    7.93869E-01
    2.50300E+02    2.26448E-01    7.97361E-01
    2.50400E+02    2.23472E-01    7.99737E-01
    2.50500E+02    2.22151E-01    8.00795E-01
    2.50600E+02    2.21329E-01    8.01453E-01
    2.50700E+02    2.20993E-01    8.01722E-01
    2.50800E+02    2.20587E-01    8.02048E-01
    2.50900E+02    2.20358E-01    8.02231E-01
    2.51000E+02    2.20265E-01    8.02306E-01
    2.51100E+02    2.20243E-01    8.02324E-01
    2.51200E+02    2.20381E-01    8.02213E-01
    2.51300E+02    2.20310E-01    8.02270E-01
    2.51400E+02    2.20377E-01    8.02216E-01
    2.51500E+02    2.20472E-01    8.02140E-01
    2.51600E+02    2.20586E-01    8.02049E-01
    2.51700E+02    2.20716E-01    8.01944E-01
    2.51800E+02    2.20855E-01    8.01833E-01
    2.51900E+02    2.21010E-01    8.01708E-01
    2.52000E+02    2.21192E-01    8.01563E-01
    2.52100E+02    2.21563E-01    8.01266E-01
    2.52200E+02    2.21553E-01    8.01273E-01
    2.52300E+02    2.21791E-01    8.01083E-01
    2.52400E+02    2.21997E-01    8.00918E-01
    2.52500E+02    2.22397E-01    8.00597E-01
    2.52600E+02    2.22579E-01    8.00452E-01
    2.52700E+02    2.23297E-01    7.99877E-01
    2.52800E+02    2.23243E-01    7.99920E-01
    2.52900E+02    2.23022E-01    8.00097E-01
    2.53000E+02    2.23160E-01    7.99987E-01
    2.53100E+02    2.23349E-01    7.99836E-01
    2.53200E+02    2.23561E-01    7.99666E-01
    2.53300E+02    2.23851E-01    7.99434E-01
    2.53400E+02    2.24371E-01    7.99018E-01
    2.53500E+02    2.24247E-01    7.99118E-01
    2.53600E+02    2.24497E-01    7.98918E-01
    2.53700E+02    2.25091E-01    7.98444E-01
    2.53800E+02    2.25199E-01    7.98358E-01
    2.53900E+02    2.25314E-01    7.98266E-01
    2.54000E+02    2.25534E-01    7.98090E-01
    2.54100E+02    2.25844E-01    7.97842E-01
    2.54200E+02    2.26348E-01    7.97440E-01
    2.54300E+02    2.28098E-01    7.96046E-01
    2.54400E+02    2.26827E-01    7.97059E-01
    2.54500E+02    2.26911E-01    7.96992E-01
    2.54600E+02    2.27143E-01    7.96807E-01
    2.54700E+02    2.27527E-01    7.96501E-01
    2.54800E+02    2.27682E-01    7.96378E-01
    2.54900E+02    2.28443E-01    7.95772E-01
    2.55000E+02    2.28122E-01    7.96027E-01
    2.55100E+02    2.28276E-01    7.95905E-01
    2.55200E+02    2.28453E-01    7.95763E-01
    2.55300E+02    2.28578E-01    7.95664E-01
    2.55400E+02    2.28708E-01    7.95561E-01
    2.55500E+02    2.28835E-01    7.95460E-01
    2.55600E+02    2.28956E-01    7.95363E-01
    2.55700E+02    2.29082E-01    7.95264E-01
    2.55800E+02    2.29225E-01    7.95149E-01
    2.55900E+02    2.29334E-01    7.95063E-01
    2.56000E+02    2.29487E-01    7.94941E-01
    2.56100E+02    2.29630E-01    7.94828E-01
    2.56200E+02    2.29713E-01    7.94762E-01
    2.56300E+02    2.29853E-01    7.94650E-01
    2.56400E+02    2.30032E-01    7.94508E-01
    2.56500E+02    2.30211E-01    7.94366E-01
    2.56600E+02    2.30377E-01    7.94234E-01
    2.56700E+02    2.30650E-01    7.94017E-01
    2.56800E+02    2.30778E-01    7.93915E-01
    2.56900E+02    2.31360E-01    7.93454E-01
    2.57000E+02    2.31093E-01    7.93666E-01
    2.57100E+02    2.31245E-01    7.93545E-01
    2.57200E+02    2.31456E-01    7.93378E-01
    2.57300E+02    2.31691E-01    7.93191E-01
    2.57400E+02    2.31976E-01    7.92965E-01
    2.57500E+02    2.32269E-01    7.92733E-01
    2.57600E+02    2.32627E-01    7.92449E-01
    2.57700E+02    2.33005E-01    7.92150E-01
    2.57800E+02    2.33539E-01    7.91727E-01
    2.57900E+02    2.34133E-01    7.91257E-01
    2.58000E+02    2.35295E-01    7.90338E-01
    2.58100E+02    2.37907E-01    7.88276E-01
    2.58200E+02    2.59245E-01    7.71634E-01
    2.58300E+02    2.40369E-01    7.86337E-01
    2.58400E+02    2.40075E-01    7.86569E-01
    2.58500E+02    2.43663E-01    7.83751E-01
    2.58600E+02    2.55386E-01    7.74617E-01
    2.58700E+02    3.33307E-01    7.16550E-01
    2.58800E+02    2.64795E-01    7.67364E-01
    2.58900E+02    2.46221E-01    7.81749E-01
    2.59000E+02    2.40837E-01    7.85970E-01
    2.59100E+02    2.38615E-01    7.87718E-01
    2.59200E+02    2.37568E-01    7.88543E-01
    2.59300E+02    2.36995E-01    7.88995E-01
    2.59400E+02    2.36724E-01    7.89209E-01
    2.59500E+02    2.36758E-01    7.89182E-01
    2.59600E+02    2.36522E-01    7.89369E-01
    2.59700E+02    2.36522E-01    7.89368E-01
    2.59800E+02    2.36584E-01    7.89320E-01
    2.59900E+02    2.36690E-01    7.89236E-01
    2.60000E+02    2.36883E-01    7.89084E-01
    2.60100E+02    2.36989E-01    7.89000E-01
    2.60200E+02    2.37090E-01    7.88920E-01
    2.60300E+02    2.37243E-01    7.88799E-01
    2.60400E+02    2.37425E-01    7.88656E-01
    2.60500E+02    2.37641E-01    7.88485E-01
    2.60600E+02    2.37864E-01    7.88310E-01
    2.60700E+02    2.38120E-01    7.88108E-01
    2.60800E+02    2.39021E-01    7.87398E-01
    2.60900E+02    2.38585E-01    7.87741E-01
    2.61000E+02    2.38648E-01    7.87692E-01
    2.61100E+02    2.38886E-01    7.87505E-01
    2.61200E+02    2.39050E-01    7.87376E-01
    2.61300E+02    2.39272E-01    7.87201E-01
    2.61400E+02    2.39499E-01    7.87022E-01
    2.61500E+02    2.39732E-01    7.86838E-01
    2.61600E+02    2.39984E-01    7.86640E-01
    2.61700E+02    2.40265E-01    7.86419E-01
    2.61800E+02    2.40536E-01    7.86206E-01
    2.61900E+02    2.40799E-01    7.85999E-01
    2.62000E+02    2.41115E-01    7.85751E-01
    2.62100E+02    2.41428E-01    7.85506E-01
    2.62200E+02    2.41770E-01    7.85237E-01
    2.62300E+02    2.42183E-01    7.84912E-01
    2.62400E+02    2.42707E-01    7.84501E-01
    2.62500E+02    2.43455E-01    7.83915E-01
    2.62600E+02    2.44395E-01    7.83179E-01
    2.62700E+02    2.46509E-01    7.81524E-01
    2.62800E+02    2.54263E-01    7.75488E-01
    2.62900E+02    2.58140E-01    7.72487E-01
    2.63000E+02    2.48598E-01    7.79893E-01
    2.63100E+02    2.47471E-01    7.80773E-01
    2.63200E+02    2.49420E-01    7.79252E-01
    2.63300E+02    2.48830E-01    7.79712E-01
    2.63400E+02    2.51095E-01    7.77948E-01
    2.63500E+02    2.56687E-01    7.73611E-01
    2.63600E+02    2.74942E-01    7.59616E-01
    2.63700E+02    3.94903E-01    6.73745E-01
    2.63800E+02    2.72250E-01    7.61664E-01
    2.63900E+02    2.63262E-01    7.68541E-01
    2.64000E+02    2.52923E-01    7.76528E-01
    2.64100E+02    2.50331E-01    7.78543E-01
    2.64200E+02    2.49246E-01    7.79389E-01
    2.64300E+02    2.48787E-01    7.79746E-01
    2.64400E+02    2.48645E-01    7.79856E-01
    2.64500E+02    2.48781E-01    7.79751E-01
    2.64600E+02    2.49184E-01    7.79436E-01
    2.64700E+02    2.49982E-01    7.78815E-01
    2.64800E+02    2.52015E-01    7.77233E-01
    2.64900E+02    2.63118E-01    7.68651E-01
    2.65000E+02    2.55270E-01    7.74707E-01
    2.65100E+02    2.51463E-01    7.77662E-01
    2.65200E+02    2.50618E-01    7.78320E-01
    2.65300E+02    2.50421E-01    7.78473E-01
    2.65400E+02    2.50474E-01    7.78432E-01
    2.65500E+02    2.50648E-01    7.78296E-01
    2.65600E+02    2.50898E-01    7.78102E-01
    2.65700E+02    2.51147E-01    7.77908E-01
    2.65800E+02    2.51438E-01    7.77682E-01
    2.65900E+02    2.51731E-01    7.77454E-01
    2.66000E+02    2.52026E-01    7.77225E-01
    2.66100E+02    2.52346E-01    7.76976E-01
    2.66200E+02    2.52685E-01    7.76712E-01
    2.66300E+02    2.52889E-01    7.76554E-01
    2.66400E+02    2.53166E-01    7.76339E-01
    2.66500E+02    2.53490E-01    7.76087E-01
    2.66600E+02    2.53884E-01    7.75782E-01
    2.66700E+02    2.54413E-01    7.75371E-01
    2.66800E+02    2.55178E-01    7.74779E-01
    2.66900E+02    2.56438E-01    7.73803E-01
    2.67000E+02    2.58720E-01    7.72039E-01
    2.67100E+02    2.64154E-01    7.67855E-01
    2.67200E+02    2.84341E-01    7.52510E-01
    2.67300E+02    3.07176E-01    7.35521E-01
    2.67400E+02    2.68120E-01    7.64816E-01
    2.67500E+02    2.60541E-01    7.70635E-01
    2.67600E+02    2.57817E-01    7.72736E-01
    2.67700E+02    2.56570E-01    7.73701E-01
    2.67800E+02    2.55944E-01    7.74186E-01
    2.67900E+02    2.55619E-01    7.74437E-01
    2.68000E+02    2.55467E-01    7.74555E-01
    2.68100E+02    2.55449E-01    7.74568E-01
    2.68200E+02    2.55797E-01    7.74299E-01
    2.68300E+02    2.55531E-01    7.74505E-01
    2.68400E+02    2.55617E-01    7.74438E-01
    2.68500E+02    2.55818E-01    7.74283E-01
    2.68600E+02    2.56370E-01    7.73855E-01
    2.68700E+02    2.56851E-01    7.73483E-01
    2.68800E+02    2.56237E-01    7.73958E-01
    2.68900E+02    2.56282E-01    7.73924E-01
    2.69000E+02    2.56408E-01    7.73826E-01
    2.69100E+02    2.56571E-01    7.73700E-01
    2.69200E+02    2.56741E-01    7.73568E-01
    2.69300E+02    2.56925E-01    7.73427E-01
    2.69400E+02    2.57116E-01    7.73278E-01
    2.69500E+02    2.57328E-01    7.73114E-01
    2.69600E+02    2.57522E-01    7.72965E-01
    2.69700E+02    2.57723E-01    7.72810E-01
    2.69800E+02    2.57941E-01    7.72641E-01
    2.69900E+02    2.58157E-01    7.72474E-01
    2.70000E+02    2.58380E-01    7.72302E-01
    2.70100E+02    2.58630E-01    7.72109E-01
    2.70200E+02    2.58828E-01    7.71956E-01
    2.70300E+02    2.59070E-01    7.71769E-01
    2.70400E+02    2.59337E-01    7.71563E-01
    2.70500E+02    2.59624E-01    7.71342E-01
    2.70600E+02    2.59812E-01    7.71196E-01
    2.70700E+02    2.60155E-01    7.70932E-01
    2.70800E+02    2.60420E-01    7.70728E-01
    2.70900E+02    2.60823E-01    7.70418E-01
    2.71000E+02    2.61228E-01    7.70105E-01
    2.71100E+02    2.63798E-01    7.68128E-01
    2.71200E+02    2.61626E-01    7.69799E-01
    2.71300E+02    2.61784E-01    7.69677E-01
    2.71400E+02    2.61845E-01    7.69631E-01
    2.71500E+02    2.62074E-01    7.69454E-01
    2.71600E+02    2.62348E-01    7.69243E-01
    2.71700E+02    2.62664E-01    7.69000E-01
    2.71800E+02    2.63060E-01    7.68695E-01
    2.71900E+02    2.64051E-01    7.67934E-01
    2.72000E+02    2.63887E-01    7.68060E-01
    2.72100E+02    2.64045E-01    7.67939E-01
    2.72200E+02    2.64422E-01    7.67650E-01
    2.72300E+02    2.64894E-01    7.67287E-01
    2.72400E+02    2.65492E-01    7.66829E-01
    2.72500E+02    2.66274E-01    7.66229E-01
    2.72600E+02    2.67363E-01    7.65395E-01
    2.72700E+02    2.69115E-01    7.64055E-01
    2.72800E+02    2.72320E-01    7.61610E-01
    2.72900E+02    2.80137E-01    7.55680E-01
    2.73000E+02    3.13411E-01    7.30949E-01
    2.73100E+02    3.15176E-01    7.29661E-01
    2.73200E+02    2.81218E-01    7.54864E-01
    2.73300E+02    2.73841E-01    7.60453E-01
    2.73400E+02    2.71072E-01    7.62562E-01
    2.73500E+02    2.69902E-01    7.63454E-01
    2.73600E+02    2.69405E-01    7.63834E-01
    2.73700E+02    2.69248E-01    7.63954E-01
    2.73800E+02    2.69365E-01    7.63865E-01
    2.73900E+02    2.69771E-01    7.63555E-01
    2.74000E+02    2.70211E-01    7.63218E-01
    2.74100E+02    2.70968E-01    7.62641E-01
    2.74200E+02    2.72487E-01    7.61483E-01
    2.74300E+02    2.75914E-01    7.58878E-01
    2.74400E+02    2.87520E-01    7.50121E-01
    2.74500E+02    3.17615E-01    7.27883E-01
    2.74600E+02    2.80875E-01    7.55123E-01
    2.74700E+02    2.74890E-01    7.59655E-01
    2.74800E+02    2.72911E-01    7.61161E-01
    2.74900E+02    2.72120E-01    7.61763E-01
    2.75000E+02    2.71838E-01    7.61978E-01
    2.75100E+02    2.71701E-01    7.62082E-01
    2.75200E+02    2.71795E-01    7.62011E-01
    2.75300E+02    2.71765E-01    7.62033E-01
    2.75400E+02    2.71880E-01    7.61946E-01
    2.75500E+02    2.72024E-01    7.61836E-01
    2.75600E+02    2.72199E-01    7.61703E-01
    2.75700E+02    2.72415E-01    7.61538E-01
    2.75800E+02    2.72644E-01    7.61364E-01
    2.75900E+02    2.72905E-01    7.61165E-01
    2.76000E+02    2.73137E-01    7.60989E-01
    2.76100E+02    2.73417E-01    7.60775E-01
    2.76200E+02    2.73725E-01    7.60541E-01
    2.76300E+02    2.74078E-01    7.60273E-01
    2.76400E+02    2.74479E-01    7.59968E-01
    2.76500E+02    2.74989E-01    7.59580E-01
    2.76600E+02    2.75712E-01    7.59031E-01
    2.76700E+02    2.76976E-01    7.58073E-01
    2.76800E+02    2.80097E-01    7.55711E-01
    2.76900E+02    2.97470E-01    7.42695E-01
    2.77000E+02    2.84509E-01    7.52384E-01
    2.77100E+02    2.79069E-01    7.56488E-01
    2.77200E+02    2.77646E-01    7.57565E-01
    2.77300E+02    2.77218E-01    7.57889E-01
    2.77400E+02    2.77168E-01    7.57927E-01
    2.77500E+02    2.77257E-01    7.57860E-01
    2.77600E+02    2.77354E-01    7.57786E-01
    2.77700E+02    2.77522E-01    7.57659E-01
    2.77800E+02    2.77758E-01    7.57480E-01
    2.77900E+02    2.78136E-01    7.57194E-01
    2.78000E+02    2.78291E-01    7.57076E-01
    2.78100E+02    2.78557E-01    7.56875E-01
    2.78200E+02    2.78754E-01    7.56726E-01
    2.78300E+02    2.79069E-01    7.56488E-01
    2.78400E+02    2.79566E-01    7.56112E-01
    2.78500E+02    2.80833E-01    7.55154E-01
    2.78600E+02    2.80225E-01    7.55614E-01
    2.78700E+02    2.80271E-01    7.55579E-01
    2.78800E+02    2.80542E-01    7.55374E-01
    2.78900E+02    2.80907E-01    7.55099E-01
    2.79000E+02    2.81364E-01    7.54754E-01
    2.79100E+02    2.81971E-01    7.54296E-01
    2.79200E+02    2.82956E-01    7.53553E-01
    2.79300E+02    2.85202E-01    7.51862E-01
    2.79400E+02    2.89230E-01    7.48840E-01
    2.79500E+02    3.07273E-01    7.35449E-01
    2.79600E+02    2.87947E-01    7.49801E-01
    2.79700E+02    2.85691E-01    7.51495E-01
    2.79800E+02    2.86343E-01    7.51005E-01
    2.79900E+02    2.96268E-01    7.43588E-01
    2.80000E+02    2.85878E-01    7.51354E-01
    2.80100E+02    2.84810E-01    7.52157E-01
    2.80200E+02    2.84622E-01    7.52299E-01
    2.80300E+02    2.84672E-01    7.52261E-01
    2.80400E+02    2.84825E-01    7.52146E-01
    2.80500E+02    2.85022E-01    7.51998E-01
    2.80600E+02    2.85261E-01    7.51818E-01
    2.80700E+02    2.85542E-01    7.51607E-01
    2.80800E+02    2.85902E-01    7.51336E-01
    2.80900E+02    2.86666E-01    7.50763E-01
    2.81000E+02    2.89384E-01    7.48725E-01
    2.81100E+02    2.86974E-01    7.50531E-01
    2.81200E+02    2.87164E-01    7.50389E-01
    2.81300E+02    2.87237E-01    7.50334E-01
    2.81400E+02    2.87604E-01    7.50059E-01
    2.81500E+02    2.88530E-01    7.49365E-01
    2.81600E+02    2.88289E-01    7.49545E-01
    2.81700E+02    2.88340E-01    7.49506E-01
    2.81800E+02    2.88615E-01    7.49301E-01
    2.81900E+02    2.89044E-01    7.48979E-01
    2.82000E+02    2.89550E-01    7.48600E-01
    2.82100E+02    2.89629E-01    7.48541E-01
    2.82200E+02    2.89939E-01    7.48309E-01
    2.82300E+02    2.90355E-01    7.47998E-01
    2.82400E+02    2.90692E-01    7.47746E-01
    2.82500E+02    2.91258E-01    7.47323E-01
    2.82600E+02    2.92147E-01    7.46659E-01
    2.82700E+02    2.94095E-01    7.45205E-01
    2.82800E+02    3.02925E-01    7.38654E-01
    2.82900E+02    2.99032E-01    7.41536E-01
    2.83000E+02    2.94367E-01    7.45003E-01
    2.83100E+02    2.93447E-01    7.45689E-01
    2.83200E+02    2.93262E-01    7.45827E-01
    2.83300E+02    2.93300E-01    7.45798E-01
    2.83400E+02    2.93496E-01    7.45652E-01
    2.83500E+02    2.93691E-01    7.45507E-01
    2.83600E+02    2.93932E-01    7.45327E-01
    2.83700E+02    2.94206E-01    7.45123E-01
    2.83800E+02    2.94501E-01    7.44903E-01
    2.83900E+02    2.94809E-01    7.44674E-01
    2.84000E+02    2.95148E-01    7.44421E-01
    2.84100E+02    2.95460E-01    7.44189E-01
    2.84200E+02    2.95797E-01    7.43938E-01
    2.84300E+02    2.96191E-01    7.43645E-01
    2.84400E+02    2.97013E-01    7.43035E-01
    2.84500E+02    2.96928E-01    7.43098E-01
    2.84600E+02    2.97398E-01    7.42748E-01
    2.84700E+02    2.97672E-01    7.42545E-01
    2.84800E+02    2.98127E-01    7.42207E-01
    2.84900E+02    2.98564E-01    7.41882E-01
    2.85000E+02    2.99012E-01    7.41551E-01
    2.85100E+02    2.99547E-01    7.41154E-01
    2.85200E+02    3.00158E-01    7.40701E-01
    2.85300E+02    3.00870E-01    7.40174E-01
    2.85400E+02    3.01734E-01    7.39535E-01
    2.85500E+02    3.02835E-01    7.38721E-01
    2.85600E+02    3.04398E-01    7.37567E-01
    2.85700E+02    3.06504E-01    7.36015E-01
    2.85800E+02    3.10185E-01    7.33311E-01
    2.85900E+02    3.17652E-01    7.27856E-01
    2.86000E+02    3.38829E-01    7.12604E-01
    2.86100E+02    4.32369E-01    6.48970E-01
    2.86200E+02    3.86695E-01    6.79298E-01
    2.86300E+02    3.82668E-01    6.82039E-01
    2.86400E+02    3.24102E-01    7.23177E-01
    2.86500E+02    3.14083E-01    7.30458E-01
    2.86600E+02    3.10174E-01    7.33319E-01
    2.86700E+02    3.08292E-01    7.34701E-01
    2.86800E+02    3.07308E-01    7.35424E-01
    2.86900E+02    3.06811E-01    7.35789E-01
    2.87000E+02    3.06646E-01    7.35911E-01
    2.87100E+02    3.06451E-01    7.36054E-01
    2.87200E+02    3.06466E-01    7.36044E-01
    2.87300E+02    3.06577E-01    7.35962E-01
    2.87400E+02    3.06753E-01    7.35832E-01
    2.87500E+02    3.06983E-01    7.35663E-01
    2.87600E+02    3.07256E-01    7.35462E-01
    2.87700E+02    3.07569E-01    7.35232E-01
    2.87800E+02    3.07928E-01    7.34968E-01
    2.87900E+02    3.08335E-01    7.34669E-01
    2.88000E+02    3.08803E-01    7.34325E-01
    2.88100E+02    3.09344E-01    7.33928E-01
    2.88200E+02    3.10003E-01    7.33445E-01
    2.88300E+02    3.10903E-01    7.32785E-01
    2.88400E+02    3.11877E-01    7.32072E-01
    2.88500E+02    3.13341E-01    7.31000E-01
    2.88600E+02    3.15714E-01    7.29268E-01
    2.88700E+02    3.20126E-01    7.26057E-01
    2.88800E+02    3.30599E-01    7.18493E-01
    2.88900E+02    3.71359E-01    6.89796E-01
    2.89000E+02    3.96212E-01    6.72864E-01
    2.89100E+02    3.35421E-01    7.15037E-01
    2.89200E+02    3.23039E-01    7.23946E-01
    2.89300E+02    3.18536E-01    7.27213E-01
    2.89400E+02    3.16515E-01    7.28684E-01
    2.89500E+02    3.15526E-01    7.29405E-01
    2.89600E+02    3.15041E-01    7.29759E-01
    2.89700E+02    3.14844E-01    7.29902E-01
    2.89800E+02    3.14894E-01    7.29866E-01
    2.89900E+02    3.15023E-01    7.29772E-01
    2.90000E+02    3.15175E-01    7.29661E-01
    2.90100E+02    3.15197E-01    7.29645E-01
    2.90200E+02    3.15395E-01    7.29501E-01
    2.90300E+02    3.15648E-01    7.29316E-01
    2.90400E+02    3.15951E-01    7.29095E-01
    2.90500E+02    3.16320E-01    7.28826E-01
    2.90600E+02    3.16703E-01    7.28547E-01
    2.90700E+02    3.17194E-01    7.28190E-01
    2.90800E+02    3.17985E-01    7.27614E-01
    2.90900E+02    3.20124E-01    7.26059E-01
    2.91000E+02    3.24764E-01    7.22698E-01
    2.91100E+02    3.19654E-01    7.26400E-01
    2.91200E+02    3.19165E-01    7.26756E-01
    2.91300E+02    3.19390E-01    7.26592E-01
    2.91400E+02    3.19581E-01    7.26454E-01
    2.91500E+02    3.19772E-01    7.26315E-01
    2.91600E+02    3.20228E-01    7.25983E-01
    2.91700E+02    3.22977E-01    7.23990E-01
    2.91800E+02    3.20906E-01    7.25492E-01
    2.91900E+02    3.21135E-01    7.25326E-01
    2.92000E+02    3.21493E-01    7.25066E-01
    2.92100E+02    3.21910E-01    7.24764E-01
    2.92200E+02    3.22367E-01    7.24432E-01
    2.92300E+02    3.22866E-01    7.24071E-01
    2.92400E+02    3.23447E-01    7.23651E-01
    2.92500E+02    3.24304E-01    7.23031E-01
    2.92600E+02    3.24967E-01    7.22551E-01
    2.92700E+02    3.25793E-01    7.21955E-01
    2.92800E+02    3.27168E-01    7.20963E-01
    2.92900E+02    3.29505E-01    7.19280E-01
    2.93000E+02    3.34534E-01    7.15672E-01
    2.93100E+02    3.51641E-01    7.03533E-01
    2.93200E+02    3.79468E-01    6.84225E-01
    2.93300E+02    3.40892E-01    7.11135E-01
    2.93400E+02    3.35377E-01    7.15069E-01
    2.93500E+02    3.39423E-01    7.12181E-01
    2.93600E+02    3.38035E-01    7.13170E-01
    2.93700E+02    3.31781E-01    7.17644E-01
    2.93800E+02    3.30345E-01    7.18676E-01
    2.93900E+02    3.29877E-01    7.19012E-01
    2.94000E+02    3.29789E-01    7.19075E-01
    2.94100E+02    3.29879E-01    7.19011E-01
    2.94200E+02    3.30076E-01    7.18869E-01
    2.94300E+02    3.30326E-01    7.18689E-01
    2.94400E+02    3.30622E-01    7.18477E-01
    2.94500E+02    3.30955E-01    7.18237E-01
    2.94600E+02    3.31390E-01    7.17925E-01
    2.94700E+02    3.31649E-01    7.17739E-01
    2.94800E+02    3.32031E-01    7.17465E-01
    2.94900E+02    3.32406E-01    7.17196E-01
    2.95000E+02    3.32799E-01    7.16915E-01
    2.95100E+02    3.33194E-01    7.16631E-01
    2.95200E+02    3.33631E-01    7.16318E-01
    2.95300E+02    3.34201E-01    7.15910E-01
    2.95400E+02    3.34624E-01    7.15607E-01
    2.95500E+02    3.34997E-01    7.15340E-01
    2.95600E+02    3.35316E-01    7.15112E-01
    2.95700E+02    3.35752E-01    7.14800E-01
    2.95800E+02    3.36302E-01    7.14407E-01
    2.95900E+02    3.36674E-01    7.14142E-01
    2.96000E+02    3.37206E-01    7.13762E-01
    2.96100E+02    3.37860E-01    7.13295E-01
    2.96200E+02    3.38103E-01    7.13122E-01
    2.96300E+02    3.38593E-01    7.12772E-01
    2.96400E+02    3.39404E-01    7.12195E-01
    2.96500E+02    3.39614E-01    7.12045E-01
    2.96600E+02    3.40126E-01    7.11681E-01
    2.96700E+02    3.40683E-01    7.11285E-01
    2.96800E+02    3.41310E-01    7.10839E-01
    2.96900E+02    3.41903E-01    7.10417E-01
    2.97000E+02    3.42632E-01    7.09899E-01
    2.97100E+02    3.43824E-01    7.09054E-01
    2.97200E+02    3.45751E-01    7.07688E-01
    2.97300E+02    3.44788E-01    7.08370E-01
    2.97400E+02    3.45462E-01    7.07893E-01
    2.97500E+02    3.45967E-01    7.07536E-01
    2.97600E+02    3.46729E-01    7.06997E-01
    2.97700E+02    3.47609E-01    7.06375E-01
    2.97800E+02    3.48598E-01    7.05677E-01
    2.97900E+02    3.49721E-01    7.04885E-01
    2.98000E+02    3.51018E-01    7.03971E-01
    2.98100E+02    3.52576E-01    7.02875E-01
    2.98200E+02    3.54539E-01    7.01497E-01
    2.98300E+02    3.57409E-01    6.99487E-01
    2.98400E+02    3.62048E-01    6.96249E-01
    2.98500E+02    3.66167E-01    6.93387E-01
    2.98600E+02    3.60904E-01    6.97046E-01
    2.98700E+02    3.57944E-01    6.99112E-01
    2.98800E+02    3.57163E-01    6.99658E-01
    2.98900E+02    3.56084E-01    7.00414E-01
    2.99000E+02    3.55623E-01    7.00737E-01
    2.99100E+02    3.55413E-01    7.00884E-01
    2.99200E+02    3.55372E-01    7.00913E-01
    2.99300E+02    3.55519E-01    7.00810E-01
    2.99400E+02    3.56080E-01    7.00417E-01
    2.99500E+02    3.58802E-01    6.98512E-01
    2.99600E+02    3.56377E-01    7.00209E-01
    2.99700E+02    3.56611E-01    7.00045E-01
    2.99800E+02    3.56680E-01    6.99996E-01
    2.99900E+02    3.57053E-01    6.99735E-01
    3.00000E+02    3.57523E-01    6.99407E-01
    3.00100E+02    3.58165E-01    6.98958E-01
    3.00200E+02    3.58796E-01    6.98517E-01
    3.00300E+02    3.59602E-01    6.97954E-01
    3.00400E+02    3.60820E-01    6.97104E-01
    3.00500E+02    3.63032E-01    6.95564E-01
    3.00600E+02    3.69253E-01    6.91251E-01
    3.00700E+02    3.92771E-01    6.75184E-01
    3.00800E+02    3.68010E-01    6.92111E-01
    3.00900E+02    3.65217E-01    6.94046E-01
    3.01000E+02    3.64881E-01    6.94279E-01
    3.01100E+02    3.65298E-01    6.93990E-01
    3.01200E+02    3.66238E-01    6.93338E-01
    3.01300E+02    3.67781E-01    6.92269E-01
    3.01400E+02    3.70193E-01    6.90601E-01
    3.01500E+02    3.74323E-01    6.87755E-01
    3.01600E+02    3.82771E-01    6.81969E-01
    3.01700E+02    4.06647E-01    6.65879E-01
    3.01800E+02    5.72841E-01    5.63921E-01
    3.01900E+02    4.21927E-01    6.55782E-01
    3.02000E+02    3.88730E-01    6.77917E-01
    3.02100E+02    3.79261E-01    6.84367E-01
    3.02200E+02    3.75550E-01    6.86911E-01
    3.02300E+02    3.73981E-01    6.87990E-01
    3.02400E+02    3.73436E-01    6.88365E-01
    3.02500E+02    3.73562E-01    6.88278E-01
    3.02600E+02    3.74042E-01    6.87948E-01
    3.02700E+02    3.74947E-01    6.87326E-01
    3.02800E+02    3.76594E-01    6.86195E-01
    3.02900E+02    3.79708E-01    6.84061E-01
    3.03000E+02    3.86934E-01    6.79136E-01
    3.03100E+02    4.12650E-01    6.61894E-01
    3.03200E+02    4.38110E-01    6.45255E-01
    3.03300E+02    3.92262E-01    6.75527E-01
    3.03400E+02    3.83572E-01    6.81423E-01
    3.03500E+02    3.80812E-01    6.83307E-01
    3.03600E+02    3.80020E-01    6.83847E-01
    3.03700E+02    3.79331E-01    6.84319E-01
    3.03800E+02    3.79350E-01    6.84306E-01
    3.03900E+02    3.79648E-01    6.84102E-01
    3.04000E+02    3.80044E-01    6.83831E-01
    3.04100E+02    3.80555E-01    6.83482E-01
    3.04200E+02    3.81151E-01    6.83075E-01
    3.04300E+02    3.81818E-01    6.82619E-01
    3.04400E+02    3.82557E-01    6.82115E-01
    3.04500E+02    3.83378E-01    6.81556E-01
    3.04600E+02    3.84315E-01    6.80917E-01
    3.04700E+02    3.85470E-01    6.80131E-01
    3.04800E+02    3.87546E-01    6.78720E-01
    3.04900E+02    3.87152E-01    6.78988E-01
    3.05000E+02    3.87127E-01    6.79005E-01
    3.05100E+02    3.87462E-01    6.78778E-01
    3.05200E+02    3.87857E-01    6.78510E-01
    3.05300E+02    3.88355E-01    6.78172E-01
    3.05400E+02    3.88911E-01    6.77795E-01
    3.05500E+02    3.89507E-01    6.77391E-01
    3.05600E+02    3.90139E-01    6.76963E-01
    3.05700E+02    3.90794E-01    6.76520E-01
    3.05800E+02    3.91473E-01    6.76060E-01
    3.05900E+02    3.92188E-01    6.75577E-01
    3.06000E+02    3.92929E-01    6.75076E-01
    3.06100E+02    3.93632E-01    6.74603E-01
    3.06200E+02    3.94382E-01    6.74097E-01
    3.06300E+02    3.95144E-01    6.73583E-01
    3.06400E+02    3.95930E-01    6.73054E-01
    3.06500E+02    3.96711E-01    6.72529E-01
    3.06600E+02    3.97517E-01    6.71987E-01
    3.06700E+02    3.98339E-01    6.71435E-01
    3.06800E+02    3.99183E-01    6.70868E-01
    3.06900E+02    4.00113E-01    6.70244E-01
    3.07000E+02    4.00921E-01    6.69703E-01
    3.07100E+02    4.01757E-01    6.69143E-01
    3.07200E+02    4.02650E-01    6.68546E-01
    3.07300E+02    4.03820E-01    6.67765E-01
    3.07400E+02    4.04817E-01    6.67099E-01
    3.07500E+02    4.05918E-01    6.66365E-01
    3.07600E+02    4.06639E-01    6.65884E-01
    3.07700E+02    4.07531E-01    6.65291E-01
    3.07800E+02    4.08480E-01    6.64660E-01
    3.07900E+02    4.09457E-01    6.64010E-01
    3.08000E+02    4.10445E-01    6.63355E-01
    3.08100E+02    4.11455E-01    6.62685E-01
    3.08200E+02    4.12494E-01    6.61997E-01
    3.08300E+02    4.13560E-01    6.61292E-01
    3.08400E+02    4.14688E-01    6.60546E-01
    3.08500E+02    4.16089E-01    6.59622E-01
    3.08600E+02    4.17599E-01    6.58626E-01
    3.08700E+02    4.18065E-01    6.58319E-01
    3.08800E+02    4.19226E-01    6.57556E-01
    3.08900E+02    4.20418E-01    6.56772E-01
    3.09000E+02    4.21401E-01    6.56127E-01
    3.09100E+02    4.22579E-01    6.55354E-01
    3.09200E+02    4.23855E-01    6.54519E-01
    3.09300E+02    4.25146E-01    6.53675E-01
    3.09400E+02    4.26592E-01    6.52730E-01
    3.09500E+02    4.27758E-01    6.51969E-01
    3.09600E+02    4.29190E-01    6.51036E-01
    3.09700E+02    4.30800E-01    6.49989E-01
    3.09800E+02    4.32789E-01    6.48697E-01
    3.09900E+02    4.35681E-01    6.46824E-01
    3.10000E+02    4.43203E-01    6.41977E-01
    3.10100E+02    4.50113E-01    6.37556E-01
    3.10200E+02    4.40612E-01    6.43642E-01
    3.10300E+02    4.39965E-01    6.44059E-01
    3.10400E+02    4.40486E-01    6.43723E-01
    3.10500E+02    4.41508E-01    6.43066E-01
    3.10600E+02    4.42692E-01    6.42305E-01
    3.10700E+02    4.43972E-01    6.41483E-01
    3.10800E+02    4.45309E-01    6.40626E-01
    3.10900E+02    4.46688E-01    6.39743E-01
    3.11000E+02    4.48113E-01    6.38832E-01
    3.11100E+02    4.49628E-01    6.37865E-01
    3.11200E+02    4.51075E-01    6.36943E-01
    3.11300E+02    4.52550E-01    6.36004E-01
    3.11400E+02    4.54088E-01    6.35027E-01
    3.11500E+02    4.55681E-01    6.34016E-01
    3.11600E+02    4.57392E-01    6.32932E-01
    3.11700E+02    4.59039E-01    6.31891E-01
    3.11800E+02    4.60665E-01    6.30864E-01
    3.11900E+02    4.62362E-01    6.29794E-01
    3.12000E+02    4.64137E-01    6.28677E-01
    3.12100E+02    4.65961E-01    6.27532E-01
    3.12200E+02    4.67829E-01    6.26361E-01
    3.12300E+02    4.69750E-01    6.25159E-01
    3.12400E+02    4.71722E-01    6.23927E-01
    3.12500E+02    4.73796E-01    6.22635E-01
    3.12600E+02    4.75881E-01    6.21337E-01
    3.12700E+02    4.77916E-01    6.20075E-01
    3.12800E+02    4.80080E-01    6.18734E-01
    3.12900E+02    4.82566E-01    6.17197E-01
    3.13000E+02    4.84555E-01    6.15971E-01
    3.13100E+02    4.86831E-01    6.14571E-01
    3.13200E+02    4.89114E-01    6.13169E-01
    3.13300E+02    4.91504E-01    6.11706E-01
    3.13400E+02    4.93964E-01    6.10203E-01
    3.13500E+02    4.96520E-01    6.08645E-01
    3.13600E+02    4.99257E-01    6.06982E-01
    3.13700E+02    5.01533E-01    6.05601E-01
    3.13800E+02    5.04115E-01    6.04040E-01
    3.13900E+02    5.06806E-01    6.02416E-01
    3.14000E+02    5.10084E-01    6.00445E-01
    3.14100E+02    5.12135E-01    5.99215E-01
    3.14200E+02    5.14845E-01    5.97593E-01
    3.14300E+02    5.17670E-01    5.95907E-01
    3.14400E+02    5.20582E-01    5.94174E-01
    3.14500E+02    5.23582E-01    5.92395E-01
    3.14600E+02    5.26681E-01    5.90562E-01
    3.14700E+02    5.29884E-01    5.88673E-01
    3.14800E+02    5.33205E-01    5.86721E-01
    3.14900E+02    5.36656E-01    5.84700E-01
    3.15000E+02    5.40262E-01    5.82596E-01
    3.15100E+02    5.44076E-01    5.80378E-01
    3.15200E+02    5.48034E-01    5.78085E-01
    3.15300E+02    5.52299E-01    5.75625E-01
    3.15400E+02    5.56986E-01    5.72933E-01
    3.15500E+02    5.62363E-01    5.69861E-01
    3.15600E+02    5.69106E-01    5.66031E-01
    3.15700E+02    5.79467E-01    5.60197E-01
    3.15800E+02    6.05679E-01    5.45704E-01
    3.15900E+02    6.59587E-01    5.17065E-01
    3.16000E+02    6.03652E-01    5.46811E-01
    3.16100E+02    6.02762E-01    5.47298E-01
    3.16200E+02    6.16766E-01    5.39687E-01
    3.16300E+02    6.90260E-01    5.01446E-01
    3.16400E+02    6.44791E-01    5.24772E-01
    3.16500E+02    6.22734E-01    5.36476E-01
    3.16600E+02    6.22351E-01    5.36681E-01
    3.16700E+02    6.32386E-01    5.31323E-01
    3.16800E+02    6.27747E-01    5.33793E-01
    3.16900E+02    6.31852E-01    5.31606E-01
    3.17000E+02    6.37795E-01    5.28457E-01
    3.17100E+02    6.46060E-01    5.24107E-01
    3.17200E+02    6.69630E-01    5.11898E-01
    3.17300E+02    6.58571E-01    5.17590E-01
    3.17400E+02    6.63435E-01    5.15079E-01
    3.17500E+02    6.70056E-01    5.11680E-01
    3.17600E+02    6.77412E-01    5.07930E-01
    3.17700E+02    6.85274E-01    5.03952E-01
    3.17800E+02    6.93535E-01    4.99806E-01
    3.17900E+02    7.02179E-01    4.95505E-01
    3.18000E+02    7.11237E-01    4.91037E-01
    3.18100E+02    7.20779E-01    4.86373E-01
    3.18200E+02    7.30655E-01    4.81593E-01
    3.18300E+02    7.41046E-01    4.76615E-01
    3.18400E+02    7.51930E-01    4.71456E-01
    3.18500E+02    7.63381E-01    4.66088E-01
    3.18600E+02    7.75262E-01    4.60583E-01
    3.18700E+02    7.87809E-01    4.54840E-01
    3.18800E+02    8.00984E-01    4.48887E-01
    3.18900E+02    8.14847E-01    4.42707E-01
    3.19000E+02    8.29424E-01    4.36300E-01
    3.19100E+02    8.44799E-01    4.29644E-01
    3.19200E+02    8.61147E-01    4.22677E-01
    3.19300E+02    8.78324E-01    4.15479E-01
    3.19400E+02    8.96691E-01    4.07917E-01
    3.19500E+02    9.16040E-01    4.00100E-01
    3.19600E+02    9.37045E-01    3.91784E-01
    3.19700E+02    9.60289E-01    3.82782E-01
    3.19800E+02    9.87618E-01    3.72463E-01
    3.19900E+02    1.02761E+00    3.57862E-01
    3.20000E+02    1.18873E+00    3.04608E-01
    3.20100E+02    1.07680E+00    3.40683E-01
    3.20200E+02    1.08962E+00    3.36345E-01
    3.20300E+02    1.11419E+00    3.28180E-01
    3.20400E+02    1.14305E+00    3.18846E-01
    3.20500E+02    1.17436E+00    3.09015E-01
    3.20600E+02    1.20780E+00    2.98854E-01
    3.20700E+02    1.24287E+00    2.88555E-01
    3.20800E+02    1.27946E+00    2.78186E-01
    3.20900E+02    1.31727E+00    2.67865E-01
    3.21000E+02    1.35609E+00    2.57666E-01
    3.21100E+02    1.39574E+00    2.47649E-01
    3.21200E+02    1.43583E+00    2.37917E-01
    3.21300E+02    1.47645E+00    2.28448E-01
    3.21400E+02    1.51809E+00    2.19129E-01
    3.21500E+02    1.56136E+00    2.09850E-01
    3.21600E+02    1.60660E+00    2.00568E-01
    3.21700E+02    1.65468E+00    1.91153E-01
    3.21800E+02    1.70613E+00    1.81567E-01
    3.21900E+02    1.76170E+00    1.71752E-01
    3.22000E+02    1.82414E+00    1.61356E-01
    3.22100E+02    1.88689E+00    1.51542E-01
    3.22200E+02    1.95652E+00    1.41350E-01
    3.22300E+02    2.03227E+00    1.31038E-01
    3.22400E+02    2.11479E+00    1.20659E-01
    3.22500E+02    2.20440E+00    1.10317E-01
    3.22600E+02    2.30164E+00    1.00094E-01
    3.22700E+02    2.40741E+00    9.00478E-02
    3.22800E+02    2.52185E+00    8.03108E-02
    3.22900E+02    2.64638E+00    7.09073E-02
    3.23000E+02    2.78164E+00    6.19371E-02
    3.23100E+02    2.92852E+00    5.34763E-02
    3.23200E+02    3.08800E+00    4.55933E-02
    3.23300E+02    3.26099E+00    3.83504E-02
    3.23400E+02    3.44857E+00    3.17910E-02
    3.23500E+02    3.65175E+00    2.59458E-02
    3.23600E+02    3.87154E+00    2.08262E-02
    3.23700E+02    4.11382E+00    1.63452E-02
    3.23800E+02    4.36279E+00    1.27428E-02
    3.23900E+02    4.63485E+00    9.70760E-03
    3.24000E+02    4.92508E+00    7.26215E-03
    3.24100E+02    5.23254E+00    5.33993E-03
    3.24200E+02    5.55617E+00    3.86355E-03
    3.24300E+02    5.89239E+00    2.76036E-03
    3.24400E+02    6.23784E+00    1.95407E-03
    3.24500E+02    6.58658E+00    1.37875E-03
    3.24600E+02    6.93117E+00    9.76856E-04
    3.24700E+02    7.26150E+00    7.02057E-04
    3.24800E+02    7.56503E+00    5.18263E-04
    3.24900E+02    7.82735E+00    3.98680E-04
    3.25000E+02    8.03064E+00    3.25340E-04
    3.25100E+02    8.15479E+00    2.87356E-04
    3.25200E+02    8.16311E+00    2.84974E-04
    3.25300E+02    8.05282E+00    3.18204E-04
    3.25400E+02    7.86199E+00    3.85105E-04
    3.25500E+02    7.61000E+00    4.95470E-04
    3.25600E+02    7.31519E+00    6.65355E-04
    3.25700E+02    6.99147E+00    9.19696E-04
    3.25800E+02    6.65246E+00    1.29084E-03
    3.25900E+02    6.30764E+00    1.82232E-03
    3.26000E+02    5.96509E+00    2.56680E-03
    3.26100E+02    5.63054E+00    3.58662E-03
    3.26200E+02    5.30802E+00    4.95172E-03
    3.26300E+02    5.00099E+00    6.73126E-03
    3.26400E+02    4.71198E+00    8.98695E-03
    3.26500E+02    4.44188E+00    1.17738E-02
    3.26600E+02    4.18719E+00    1.51888E-02
    3.26700E+02    3.95767E+00    1.91077E-02
    3.26800E+02    3.76562E+00    2.31533E-02
    3.26900E+02    3.83061E+00    2.16964E-02
    3.27000E+02    3.36969E+00    3.44002E-02
    3.27100E+02    3.16227E+00    4.23295E-02
    3.27200E+02    2.98916E+00    5.03296E-02
    3.27300E+02    2.83394E+00    5.87807E-02
    3.27400E+02    2.69228E+00    6.77260E-02
    3.27500E+02    2.56230E+00    7.71271E-02
    3.27600E+02    2.44309E+00    8.68918E-02
    3.27700E+02    2.33545E+00    9.67666E-02
    3.27800E+02    2.24525E+00    1.05901E-01
    3.27900E+02    2.14677E+00    1.16860E-01
    3.28000E+02    2.04766E+00    1.29036E-01
    3.28100E+02    1.96300E+00    1.40436E-01
    3.28200E+02    1.88577E+00    1.51712E-01
    3.28300E+02    1.81432E+00    1.62949E-01
    3.28400E+02    1.74794E+00    1.74133E-01
    3.28500E+02    1.68625E+00    1.85213E-01
    3.28600E+02    1.62855E+00    1.96214E-01
    3.28700E+02    1.57470E+00    2.07070E-01
    3.28800E+02    1.52443E+00    2.17745E-01
    3.28900E+02    1.47734E+00    2.28245E-01
    3.29000E+02    1.43326E+00    2.38531E-01
    3.29100E+02    1.39196E+00    2.48587E-01
    3.29200E+02    1.35307E+00    2.58445E-01
    3.29300E+02    1.31667E+00    2.68025E-01
    3.29400E+02    1.28219E+00    2.77429E-01
    3.29500E+02    1.24987E+00    2.86543E-01
    3.29600E+02    1.21953E+00    2.95370E-01
    3.29700E+02    1.19085E+00    3.03962E-01
    3.29800E+02    1.16460E+00    3.12048E-01
    3.29900E+02    1.13798E+00    3.20467E-01
    3.30000E+02    1.11360E+00    3.28375E-01
    3.30100E+02    1.09064E+00    3.36002E-01
    3.30200E+02    1.06892E+00    3.43378E-01
    3.30300E+02    1.04834E+00    3.50521E-01
    3.30400E+02    1.02884E+00    3.57423E-01
    3.30500E+02    1.01029E+00    3.64113E-01
    3.30600E+02    9.92733E-01    3.70562E-01
    3.30700E+02    9.76046E-01    3.76798E-01
    3.30800E+02    9.60145E-01    3.82837E-01
    3.30900E+02    9.45061E-01    3.88656E-01
    3.31000E+02    9.30749E-01    3.94258E-01
    3.31100E+02    9.17080E-01    3.99684E-01
    3.31200E+02    9.04039E-01    4.04931E-01
    3.31300E+02    8.91648E-01    4.09980E-01
    3.31400E+02    8.79848E-01    4.14846E-01
    3.31500E+02    8.68655E-01    4.19516E-01
    3.31600E+02    8.57999E-01    4.24010E-01
    3.31700E+02    8.47935E-01    4.28299E-01
    3.31800E+02    8.39036E-01    4.32127E-01
    3.31900E+02    8.29185E-01    4.36405E-01
    3.32000E+02    8.20561E-01    4.40185E-01
    3.32100E+02    8.12768E-01    4.43628E-01
    3.32200E+02    8.05433E-01    4.46894E-01
    3.32300E+02    7.99294E-01    4.49646E-01
    3.32400E+02    7.95030E-01    4.51568E-01
    3.32500E+02    7.94965E-01    4.51597E-01
    3.32600E+02    8.09082E-01    4.45266E-01
    3.32700E+02    9.74506E-01    3.77379E-01
    3.32800E+02    8.14851E-01    4.42705E-01
    3.32900E+02    8.22850E-01    4.39178E-01
    3.33000E+02    7.66614E-01    4.64583E-01
    3.33100E+02    7.50903E-01    4.71940E-01
    3.33200E+02    7.41316E-01    4.76487E-01
    3.33300E+02    7.33889E-01    4.80038E-01
    3.33400E+02    7.27574E-01    4.83080E-01
    3.33500E+02    7.21844E-01    4.85855E-01
    3.33600E+02    7.16630E-01    4.88395E-01
    3.33700E+02    7.11728E-01    4.90795E-01
    3.33800E+02    7.07156E-01    4.93045E-01
    3.33900E+02    7.02886E-01    4.95154E-01
    3.34000E+02    6.98796E-01    4.97183E-01
    3.34100E+02    6.94665E-01    4.99242E-01
    3.34200E+02    6.90848E-01    5.01151E-01
    3.34300E+02    6.87266E-01    5.02949E-01
    3.34400E+02    6.83793E-01    5.04699E-01
    3.34500E+02    6.80533E-01    5.06347E-01
    3.34600E+02    6.77421E-01    5.07925E-01
    3.34700E+02    6.74501E-01    5.09411E-01
    3.34800E+02    6.71735E-01    5.10821E-01
    3.34900E+02    6.69270E-01    5.12082E-01
    3.35000E+02    6.67269E-01    5.13108E-01
    3.35100E+02    6.66456E-01    5.13526E-01
    3.35200E+02    6.70471E-01    5.11468E-01
    3.35300E+02    6.79174E-01    5.07036E-01
    3.35400E+02    6.60603E-01    5.16540E-01
    3.35500E+02    6.55466E-01    5.19200E-01
    3.35600E+02    6.52308E-01    5.20842E-01
    3.35700E+02    6.50046E-01    5.22022E-01
    3.35800E+02    6.47180E-01    5.23520E-01
    3.35900E+02    6.45357E-01    5.24475E-01
    3.36000E+02    6.42794E-01    5.25821E-01
    3.36100E+02    6.40729E-01    5.26908E-01
    3.36200E+02    6.39184E-01    5.27723E-01
    3.36300E+02    6.36906E-01    5.28926E-01
    3.36400E+02    6.35080E-01    5.29893E-01
    3.36500E+02    6.33350E-01    5.30811E-01
    3.36600E+02    6.31710E-01    5.31682E-01
    3.36700E+02    6.30121E-01    5.32528E-01
    3.36800E+02    6.28610E-01    5.33332E-01
    3.36900E+02    6.27183E-01    5.34094E-01
    3.37000E+02    6.25793E-01    5.34837E-01
    3.37100E+02    6.24601E-01    5.35475E-01
    3.37200E+02    6.23328E-01    5.36157E-01
    3.37300E+02    6.22078E-01    5.36828E-01
    3.37400E+02    6.20915E-01    5.37453E-01
    3.37500E+02    6.19937E-01    5.37978E-01
    3.37600E+02    6.19204E-01    5.38373E-01
    3.37700E+02    6.17939E-01    5.39054E-01
    3.37800E+02    6.16733E-01    5.39705E-01
    3.37900E+02    6.15744E-01    5.40239E-01
    3.38000E+02    6.14838E-01    5.40728E-01
    3.38100E+02    6.14015E-01    5.41174E-01
    3.38200E+02    6.13209E-01    5.41610E-01
    3.38300E+02    6.12533E-01    5.41976E-01
    3.38400E+02    6.11814E-01    5.42366E-01
    3.38500E+02    6.11136E-01    5.42734E-01
    3.38600E+02    6.10655E-01    5.42995E-01
    3.38700E+02    6.11417E-01    5.42581E-01
    3.38800E+02    6.09693E-01    5.43518E-01
    3.38900E+02    6.08832E-01    5.43986E-01
    3.39000E+02    6.08193E-01    5.44333E-01
    3.39100E+02    6.07666E-01    5.44621E-01
    3.39200E+02    6.07197E-01    5.44876E-01
    3.39300E+02    6.06762E-01    5.45113E-01
    3.39400E+02    6.06366E-01    5.45329E-01
    3.39500E+02    6.05999E-01    5.45529E-01
    3.39600E+02    6.05663E-01    5.45712E-01
    3.39700E+02    6.05357E-01    5.45880E-01
    3.39800E+02    6.05093E-01    5.46024E-01
    3.39900E+02    6.04865E-01    5.46148E-01
    3.40000E+02    6.04605E-01    5.46290E-01
    3.40100E+02    6.04398E-01    5.46403E-01
    3.40200E+02    6.04222E-01    5.46499E-01
    3.40300E+02    6.04071E-01    5.46582E-01
    3.40400E+02    6.03950E-01    5.46648E-01
    3.40500E+02    6.03865E-01    5.46695E-01
    3.40600E+02    6.03884E-01    5.46684E-01
    3.40700E+02    6.04139E-01    5.46545E-01
    3.40800E+02    6.03719E-01    5.46775E-01
    3.40900E+02    6.03657E-01    5.46808E-01
    3.41000E+02    6.03647E-01    5.46814E-01
    3.41100E+02    6.03667E-01    5.46803E-01
    3.41200E+02    6.03714E-01    5.46777E-01
    3.41300E+02    6.03784E-01    5.46739E-01
    3.41400E+02    6.03876E-01    5.46689E-01
    3.41500E+02    6.03993E-01    5.46625E-01
    3.41600E+02    6.04132E-01    5.46549E-01
    3.41700E+02    6.04301E-01    5.46456E-01
    3.41800E+02    6.04527E-01    5.46333E-01
    3.41900E+02    6.04934E-01    5.46110E-01
    3.42000E+02    6.05012E-01    5.46068E-01
    3.42100E+02    6.05732E-01    5.45675E-01
    3.42200E+02    6.05531E-01    5.45785E-01
    3.42300E+02    6.05828E-01    5.45623E-01
    3.42400E+02    6.06190E-01    5.45425E-01
    3.42500E+02    6.06648E-01    5.45175E-01
    3.42600E+02    6.07096E-01    5.44931E-01
    3.42700E+02    6.07721E-01    5.44590E-01
    3.42800E+02    6.08580E-01    5.44123E-01
    3.42900E+02    6.09855E-01    5.43430E-01
    3.43000E+02    6.12281E-01    5.42113E-01
    3.43100E+02    6.18966E-01    5.38501E-01
    3.43200E+02    6.46320E-01    5.23971E-01
    3.43300E+02    6.27837E-01    5.33745E-01
    3.43400E+02    6.17944E-01    5.39052E-01
    3.43500E+02    6.27951E-01    5.33684E-01
    3.43600E+02    6.14873E-01    5.40709E-01
    3.43700E+02    6.12898E-01    5.41778E-01
    3.43800E+02    6.12440E-01    5.42027E-01
    3.43900E+02    6.12463E-01    5.42014E-01
    3.44000E+02    6.12640E-01    5.41918E-01
    3.44100E+02    6.12947E-01    5.41752E-01
    3.44200E+02    6.13326E-01    5.41547E-01
    3.44300E+02    6.13754E-01    5.41315E-01
    3.44400E+02    6.14228E-01    5.41059E-01
    3.44500E+02    6.14736E-01    5.40784E-01
    3.44600E+02    6.15297E-01    5.40480E-01
    3.44700E+02    6.15846E-01    5.40184E-01
    3.44800E+02    6.16471E-01    5.39846E-01
    3.44900E+02    6.17072E-01    5.39522E-01
    3.45000E+02    6.17614E-01    5.39229E-01
    3.45100E+02    6.18224E-01    5.38901E-01
    3.45200E+02    6.18863E-01    5.38556E-01
    3.45300E+02    6.19514E-01    5.38206E-01
    3.45400E+02    6.20188E-01    5.37843E-01
    3.45500E+02    6.20874E-01    5.37475E-01
    3.45600E+02    6.21579E-01    5.37096E-01
    3.45700E+02    6.22294E-01    5.36712E-01
    3.45800E+02    6.23024E-01    5.36320E-01
    3.45900E+02    6.23774E-01    5.35918E-01
    3.46000E+02    6.24532E-01    5.35512E-01
    3.46100E+02    6.25316E-01    5.35093E-01
    3.46200E+02    6.26108E-01    5.34669E-01
    3.46300E+02    6.26888E-01    5.34252E-01
    3.46400E+02    6.27720E-01    5.33808E-01
    3.46500E+02    6.28517E-01    5.33382E-01
    3.46600E+02    6.29393E-01    5.32915E-01
    3.46700E+02    6.30231E-01    5.32469E-01
    3.46800E+02    6.31142E-01    5.31984E-01
    3.46900E+02    6.32084E-01    5.31483E-01
    3.47000E+02    6.32904E-01    5.31047E-01
    3.47100E+02    6.33840E-01    5.30551E-01
    3.47200E+02    6.34989E-01    5.29941E-01
    3.47300E+02    6.35751E-01    5.29538E-01
    3.47400E+02    6.36592E-01    5.29092E-01
    3.47500E+02    6.37519E-01    5.28602E-01
    3.47600E+02    6.38508E-01    5.28080E-01
    3.47700E+02    6.39541E-01    5.27534E-01
    3.47800E+02    6.40923E-01    5.26806E-01
    3.47900E+02    6.41562E-01    5.26469E-01
    3.48000E+02    6.42634E-01    5.25906E-01
    3.48100E+02    6.43581E-01    5.25408E-01
    3.48200E+02    6.44624E-01    5.24860E-01
    3.48300E+02    6.45668E-01    5.24312E-01
    3.48400E+02    6.46763E-01    5.23738E-01
    3.48500E+02    6.47882E-01    5.23153E-01
    3.48600E+02    6.49086E-01    5.22523E-01
    3.48700E+02    6.50096E-01    5.21996E-01
    3.48800E+02    6.51257E-01    5.21390E-01
    3.48900E+02    6.52408E-01    5.20790E-01
    3.49000E+02    6.53856E-01    5.20037E-01
    3.49100E+02    6.54775E-01    5.19559E-01
    3.49200E+02    6.55986E-01    5.18930E-01
    3.49300E+02    6.57239E-01    5.18280E-01
    3.49400E+02    6.58587E-01    5.17582E-01
    3.49500E+02    6.60148E-01    5.16775E-01
    3.49600E+02    6.61780E-01    5.15932E-01
    3.49700E+02    6.64790E-01    5.14381E-01
    3.49800E+02    6.65610E-01    5.13960E-01
    3.49900E+02    6.65437E-01    5.14049E-01
