    1.49900E+02    8.39966E-02    9.19434E-01
    1.50000E+02    8.41677E-02    9.19277E-01
    1.50100E+02    8.43362E-02    9.19122E-01
    1.50200E+02    8.44544E-02    9.19014E-01
    1.50300E+02    8.46194E-02    9.18862E-01
    1.50400E+02    8.47586E-02    9.18734E-01
    1.50500E+02    8.49138E-02    9.18591E-01
    1.50600E+02    8.50735E-02    9.18445E-01
    1.50700E+02    8.52389E-02    9.18293E-01
    1.50800E+02    8.54029E-02    9.18142E-01
    1.50900E+02    8.55688E-02    9.17990E-01
    1.51000E+02    8.57356E-02    9.17837E-01
    1.51100E+02    8.59093E-02    9.17677E-01
    1.51200E+02    8.60763E-02    9.17524E-01
    1.51300E+02    8.62493E-02    9.17365E-01
    1.51400E+02    8.64196E-02    9.17209E-01
    1.51500E+02    8.65904E-02    9.17053E-01
    1.51600E+02    8.67651E-02    9.16892E-01
    1.51700E+02    8.69351E-02    9.16737E-01
    1.51800E+02    8.71051E-02    9.16581E-01
    1.51900E+02    8.72797E-02    9.16421E-01
    1.52000E+02    8.74511E-02    9.16264E-01
    1.52100E+02    8.76270E-02    9.16103E-01
    1.52200E+02    8.77956E-02    9.15948E-01
    1.52300E+02    8.79744E-02    9.15784E-01
    1.52400E+02    8.81522E-02    9.15621E-01
    1.52500E+02    8.83373E-02    9.15452E-01
    1.52600E+02    8.85176E-02    9.15287E-01
    1.52700E+02    8.87060E-02    9.15115E-01
    1.52800E+02    8.88951E-02    9.14942E-01
    1.52900E+02    8.90927E-02    9.14761E-01
    1.53000E+02    8.92979E-02    9.14573E-01
    1.53100E+02    8.95081E-02    9.14381E-01
    1.53200E+02    8.97219E-02    9.14185E-01
    1.53300E+02    8.99566E-02    9.13971E-01
    1.53400E+02    9.02192E-02    9.13731E-01
    1.53500E+02    9.05412E-02    9.13437E-01
    1.53600E+02    9.09845E-02    9.13032E-01
    1.53700E+02    9.22373E-02    9.11889E-01
    1.53800E+02    9.23660E-02    9.11771E-01
    1.53900E+02    9.43101E-02    9.10001E-01
    1.54000E+02    9.82438E-02    9.06428E-01
    1.54100E+02    9.64768E-02    9.08031E-01
    1.54200E+02    9.32798E-02    9.10939E-01
    1.54300E+02    9.26262E-02    9.11534E-01
    1.54400E+02    9.24629E-02    9.11683E-01
    1.54500E+02    9.24834E-02    9.11664E-01
    1.54600E+02    9.25881E-02    9.11569E-01
    1.54700E+02    9.27797E-02    9.11394E-01
    1.54800E+02    9.29473E-02    9.11241E-01
    1.54900E+02    9.31246E-02    9.11080E-01
    1.55000E+02    9.33196E-02    9.10902E-01
    1.55100E+02    9.35190E-02    9.10721E-01
    1.55200E+02    9.37245E-02    9.10534E-01
    1.55300E+02    9.39319E-02    9.10345E-01
    1.55400E+02    9.41478E-02    9.10148E-01
    1.55500E+02    9.43690E-02    9.09947E-01
    1.55600E+02    9.45950E-02    9.09741E-01
    1.55700E+02    9.48308E-02    9.09527E-01
    1.55800E+02    9.50782E-02    9.09302E-01
    1.55900E+02    9.53748E-02    9.09032E-01
    1.56000E+02    9.57576E-02    9.08684E-01
    1.56100E+02    9.75905E-02    9.07020E-01
    1.56200E+02    9.62639E-02    9.08224E-01
    1.56300E+02    9.63009E-02    9.08191E-01
    1.56400E+02    9.65003E-02    9.08010E-01
    1.56500E+02    9.68305E-02    9.07710E-01
    1.56600E+02    9.69454E-02    9.07606E-01
    1.56700E+02    9.71768E-02    9.07396E-01
    1.56800E+02    9.74032E-02    9.07190E-01
    1.56900E+02    9.76433E-02    9.06972E-01
    1.57000E+02    9.79071E-02    9.06733E-01
    1.57100E+02    9.81502E-02    9.06513E-01
    1.57200E+02    9.84250E-02    9.06264E-01
    1.57300E+02    9.87546E-02    9.05965E-01
    1.57400E+02    9.89257E-02    9.05810E-01
    1.57500E+02    9.91740E-02    9.05585E-01
    1.57600E+02    9.94346E-02    9.05349E-01
    1.57700E+02    9.97008E-02    9.05108E-01
    1.57800E+02    9.99680E-02    9.04866E-01
    1.57900E+02    1.00240E-01    9.04621E-01
    1.58000E+02    1.00516E-01    9.04371E-01
    1.58100E+02    1.00796E-01    9.04117E-01
    1.58200E+02    1.01075E-01    9.03865E-01
    1.58300E+02    1.01365E-01    9.03603E-01
    1.58400E+02    1.01662E-01    9.03335E-01
    1.58500E+02    1.02040E-01    9.02993E-01
    1.58600E+02    1.02299E-01    9.02760E-01
    1.58700E+02    1.02524E-01    9.02557E-01
    1.58800E+02    1.02813E-01    9.02296E-01
    1.58900E+02    1.03106E-01    9.02031E-01
    1.59000E+02    1.03404E-01    9.01763E-01
    1.59100E+02    1.03718E-01    9.01479E-01
    1.59200E+02    1.04035E-01    9.01193E-01
    1.59300E+02    1.04336E-01    9.00922E-01
    1.59400E+02    1.04642E-01    9.00647E-01
    1.59500E+02    1.04979E-01    9.00344E-01
    1.59600E+02    1.05281E-01    9.00071E-01
    1.59700E+02    1.05588E-01    8.99795E-01
    1.59800E+02    1.05918E-01    8.99498E-01
    1.59900E+02    1.06259E-01    8.99192E-01
    1.60000E+02    1.06587E-01    8.98897E-01
    1.60100E+02    1.06915E-01    8.98602E-01
    1.60200E+02    1.07253E-01    8.98298E-01
    1.60300E+02    1.07585E-01    8.98000E-01
    1.60400E+02    1.07946E-01    8.97676E-01
    1.60500E+02    1.08286E-01    8.97371E-01
    1.60600E+02    1.08633E-01    8.97060E-01
    1.60700E+02    1.08990E-01    8.96739E-01
    1.60800E+02    1.09346E-01    8.96420E-01
    1.60900E+02    1.09709E-01    8.96095E-01
    1.61000E+02    1.10080E-01    8.95762E-01
    1.61100E+02    1.10455E-01    8.95426E-01
    1.61200E+02    1.10837E-01    8.95084E-01
    1.61300E+02    1.11225E-01    8.94737E-01
    1.61400E+02    1.11598E-01    8.94404E-01
    1.61500E+02    1.11985E-01    8.94058E-01
    1.61600E+02    1.12377E-01    8.93707E-01
    1.61700E+02    1.12780E-01    8.93347E-01
    1.61800E+02    1.13181E-01    8.92989E-01
    1.61900E+02    1.13593E-01    8.92622E-01
    1.62000E+02    1.14004E-01    8.92254E-01
    1.62100E+02    1.14423E-01    8.91881E-01
    1.62200E+02    1.14846E-01    8.91503E-01
    1.62300E+02    1.15283E-01    8.91114E-01
    1.62400E+02    1.15708E-01    8.90735E-01
    1.62500E+02    1.16150E-01    8.90342E-01
    1.62600E+02    1.16596E-01    8.89944E-01
    1.62700E+02    1.17046E-01    8.89544E-01
    1.62800E+02    1.17505E-01    8.89136E-01
    1.62900E+02    1.17970E-01    8.88723E-01
    1.63000E+02    1.18446E-01    8.88299E-01
    1.63100E+02    1.18934E-01    8.87866E-01
    1.63200E+02    1.19457E-01    8.87402E-01
    1.63300E+02    1.19966E-01    8.86950E-01
    1.63400E+02    1.20415E-01    8.86553E-01
    1.63500E+02    1.20914E-01    8.86110E-01
    1.63600E+02    1.21434E-01    8.85650E-01
    1.63700E+02    1.21958E-01    8.85186E-01
    1.63800E+02    1.22498E-01    8.84707E-01
    1.63900E+02    1.23054E-01    8.84216E-01
    1.64000E+02    1.23629E-01    8.83708E-01
    1.64100E+02    1.24212E-01    8.83193E-01
    1.64200E+02    1.24828E-01    8.82649E-01
    1.64300E+02    1.25478E-01    8.82075E-01
    1.64400E+02    1.26179E-01    8.81457E-01
    1.64500E+02    1.26964E-01    8.80766E-01
    1.64600E+02    1.27907E-01    8.79935E-01
    1.64700E+02    1.29237E-01    8.78766E-01
    1.64800E+02    1.31605E-01    8.76687E-01
    1.64900E+02    1.38712E-01    8.70479E-01
    1.65000E+02    1.39912E-01    8.69435E-01
    1.65100E+02    1.33696E-01    8.74856E-01
    1.65200E+02    1.32986E-01    8.75477E-01
    1.65300E+02    1.33424E-01    8.75094E-01
    1.65400E+02    1.34466E-01    8.74182E-01
    1.65500E+02    1.36334E-01    8.72552E-01
    1.65600E+02    1.40121E-01    8.69253E-01
    1.65700E+02    1.51689E-01    8.59256E-01
    1.65800E+02    1.94561E-01    8.23196E-01
    1.65900E+02    1.47711E-01    8.62680E-01
    1.66000E+02    1.41318E-01    8.68213E-01
    1.66100E+02    1.39607E-01    8.69700E-01
    1.66200E+02    1.39481E-01    8.69809E-01
    1.66300E+02    1.39284E-01    8.69981E-01
    1.66400E+02    1.39597E-01    8.69709E-01
    1.66500E+02    1.40114E-01    8.69259E-01
    1.66600E+02    1.40856E-01    8.68615E-01
    1.66700E+02    1.41335E-01    8.68198E-01
    1.66800E+02    1.42011E-01    8.67612E-01
    1.66900E+02    1.42744E-01    8.66976E-01
    1.67000E+02    1.43518E-01    8.66305E-01
    1.67100E+02    1.44344E-01    8.65590E-01
    1.67200E+02    1.45215E-01    8.64837E-01
    1.67300E+02    1.46178E-01    8.64004E-01
    1.67400E+02    1.47338E-01    8.63002E-01
    1.67500E+02    1.49376E-01    8.61245E-01
    1.67600E+02    1.52392E-01    8.58651E-01
    1.67700E+02    1.50301E-01    8.60449E-01
    1.67800E+02    1.50675E-01    8.60127E-01
    1.67900E+02    1.51413E-01    8.59493E-01
    1.68000E+02    1.52275E-01    8.58752E-01
    1.68100E+02    1.53197E-01    8.57961E-01
    1.68200E+02    1.54154E-01    8.57140E-01
    1.68300E+02    1.55146E-01    8.56290E-01
    1.68400E+02    1.56166E-01    8.55418E-01
    1.68500E+02    1.57210E-01    8.54524E-01
    1.68600E+02    1.58284E-01    8.53608E-01
    1.68700E+02    1.59386E-01    8.52667E-01
    1.68800E+02    1.60535E-01    8.51688E-01
    1.68900E+02    1.61851E-01    8.50568E-01
    1.69000E+02    1.63278E-01    8.49355E-01
    1.69100E+02    1.64063E-01    8.48689E-01
    1.69200E+02    1.65186E-01    8.47736E-01
    1.69300E+02    1.66395E-01    8.46712E-01
    1.69400E+02    1.67635E-01    8.45662E-01
    1.69500E+02    1.68913E-01    8.44582E-01
    1.69600E+02    1.70232E-01    8.43469E-01
    1.69700E+02    1.71570E-01    8.42342E-01
    1.69800E+02    1.72975E-01    8.41159E-01
    1.69900E+02    1.74383E-01    8.39975E-01
    1.70000E+02    1.75867E-01    8.38730E-01
    1.70100E+02    1.77192E-01    8.37619E-01
    1.70200E+02    1.78669E-01    8.36383E-01
    1.70300E+02    1.80303E-01    8.35017E-01
    1.70400E+02    1.81722E-01    8.33833E-01
    1.70500E+02    1.83299E-01    8.32519E-01
    1.70600E+02    1.84912E-01    8.31177E-01
    1.70700E+02    1.86570E-01    8.29800E-01
    1.70800E+02    1.88265E-01    8.28395E-01
    1.70900E+02    1.90007E-01    8.26953E-01
    1.71000E+02    1.91799E-01    8.25473E-01
    1.71100E+02    1.93641E-01    8.23954E-01
    1.71200E+02    1.95537E-01    8.22393E-01
    1.71300E+02    1.97547E-01    8.20742E-01
    1.71400E+02    2.00444E-01    8.18367E-01
    1.71500E+02    2.01516E-01    8.17490E-01
    1.71600E+02    2.03398E-01    8.15953E-01
    1.71700E+02    2.05428E-01    8.14299E-01
    1.71800E+02    2.07548E-01    8.12574E-01
    1.71900E+02    2.09735E-01    8.10799E-01
    1.72000E+02    2.11981E-01    8.08980E-01
    1.72100E+02    2.14283E-01    8.07120E-01
    1.72200E+02    2.16651E-01    8.05211E-01
    1.72300E+02    2.19077E-01    8.03259E-01
    1.72400E+02    2.21572E-01    8.01259E-01
    1.72500E+02    2.24134E-01    7.99208E-01
    1.72600E+02    2.26766E-01    7.97107E-01
    1.72700E+02    2.29476E-01    7.94950E-01
    1.72800E+02    2.32277E-01    7.92726E-01
    1.72900E+02    2.35125E-01    7.90472E-01
    1.73000E+02    2.38078E-01    7.88141E-01
    1.73100E+02    2.41138E-01    7.85734E-01
    1.73200E+02    2.44334E-01    7.83226E-01
    1.73300E+02    2.47821E-01    7.80500E-01
    1.73400E+02    2.51750E-01    7.77439E-01
    1.73500E+02    2.58069E-01    7.72542E-01
    1.73600E+02    2.58240E-01    7.72410E-01
    1.73700E+02    2.61324E-01    7.70032E-01
    1.73800E+02    2.64838E-01    7.67330E-01
    1.73900E+02    2.68556E-01    7.64483E-01
    1.74000E+02    2.72432E-01    7.61525E-01
    1.74100E+02    2.76438E-01    7.58480E-01
    1.74200E+02    2.80596E-01    7.55333E-01
    1.74300E+02    2.84880E-01    7.52104E-01
    1.74400E+02    2.89315E-01    7.48776E-01
    1.74500E+02    2.93918E-01    7.45338E-01
    1.74600E+02    2.98664E-01    7.41809E-01
    1.74700E+02    3.03580E-01    7.38171E-01
    1.74800E+02    3.08708E-01    7.34395E-01
    1.74900E+02    3.14079E-01    7.30461E-01
    1.75000E+02    3.19813E-01    7.26285E-01
    1.75100E+02    3.26478E-01    7.21460E-01
    1.75200E+02    3.37001E-01    7.13908E-01
    1.75300E+02    3.38954E-01    7.12515E-01
    1.75400E+02    3.48377E-01    7.05832E-01
    1.75500E+02    3.53832E-01    7.01993E-01
    1.75600E+02    3.57130E-01    6.99681E-01
    1.75700E+02    3.63209E-01    6.95441E-01
    1.75800E+02    3.70017E-01    6.90722E-01
    1.75900E+02    3.77271E-01    6.85730E-01
    1.76000E+02    3.84870E-01    6.80539E-01
    1.76100E+02    3.92811E-01    6.75156E-01
    1.76200E+02    4.01101E-01    6.69582E-01
    1.76300E+02    4.09736E-01    6.63825E-01
    1.76400E+02    4.18907E-01    6.57765E-01
    1.76500E+02    4.28072E-01    6.51765E-01
    1.76600E+02    4.37803E-01    6.45453E-01
    1.76700E+02    4.47944E-01    6.38941E-01
    1.76800E+02    4.58552E-01    6.32198E-01
    1.76900E+02    4.69615E-01    6.25243E-01
    1.77000E+02    4.81171E-01    6.18059E-01
    1.77100E+02    4.93235E-01    6.10647E-01
    1.77200E+02    5.05833E-01    6.03003E-01
    1.77300E+02    5.18996E-01    5.95118E-01
    1.77400E+02    5.32799E-01    5.86960E-01
    1.77500E+02    5.47216E-01    5.78559E-01
    1.77600E+02    5.62342E-01    5.69873E-01
    1.77700E+02    5.78204E-01    5.60905E-01
    1.77800E+02    5.94840E-01    5.51651E-01
    1.77900E+02    6.12289E-01    5.42108E-01
    1.78000E+02    6.30628E-01    5.32258E-01
    1.78100E+02    6.49916E-01    5.22089E-01
    1.78200E+02    6.70191E-01    5.11611E-01
    1.78300E+02    6.91521E-01    5.00814E-01
    1.78400E+02    7.14022E-01    4.89671E-01
    1.78500E+02    7.37804E-01    4.78163E-01
    1.78600E+02    7.63022E-01    4.66255E-01
    1.78700E+02    7.89209E-01    4.54204E-01
    1.78800E+02    8.17026E-01    4.41744E-01
    1.78900E+02    8.46517E-01    4.28906E-01
    1.79000E+02    8.77741E-01    4.15721E-01
    1.79100E+02    9.10821E-01    4.02194E-01
    1.79200E+02    9.45898E-01    3.88331E-01
    1.79300E+02    9.83150E-01    3.74131E-01
    1.79400E+02    1.02267E+00    3.59632E-01
    1.79500E+02    1.06476E+00    3.44812E-01
    1.79600E+02    1.10950E+00    3.29723E-01
    1.79700E+02    1.15719E+00    3.14367E-01
    1.79800E+02    1.20802E+00    2.98789E-01
    1.79900E+02    1.26233E+00    2.82993E-01
    1.80000E+02    1.32137E+00    2.66769E-01
    1.80100E+02    1.38220E+00    2.51026E-01
    1.80200E+02    1.44837E+00    2.34953E-01
    1.80300E+02    1.51930E+00    2.18865E-01
    1.80400E+02    1.59536E+00    2.02836E-01
    1.80500E+02    1.67695E+00    1.86944E-01
    1.80600E+02    1.76456E+00    1.71261E-01
    1.80700E+02    1.85869E+00    1.55877E-01
    1.80800E+02    1.95985E+00    1.40879E-01
    1.80900E+02    2.06868E+00    1.26352E-01
    1.81000E+02    2.18582E+00    1.12385E-01
    1.81100E+02    2.31185E+00    9.90781E-02
    1.81200E+02    2.44753E+00    8.65070E-02
    1.81300E+02    2.59356E+00    7.47534E-02
    1.81400E+02    2.75074E+00    6.38804E-02
    1.81500E+02    2.91973E+00    5.39483E-02
    1.81600E+02    3.10125E+00    4.49930E-02
    1.81700E+02    3.29597E+00    3.70320E-02
    1.81800E+02    3.50449E+00    3.00620E-02
    1.81900E+02    3.72702E+00    2.40645E-02
    1.82000E+02    3.96409E+00    1.89853E-02
    1.82100E+02    4.21525E+00    1.47686E-02
    1.82200E+02    4.48076E+00    1.13248E-02
    1.82300E+02    4.75753E+00    8.58682E-03
    1.82400E+02    5.04529E+00    6.43961E-03
    1.82500E+02    5.34072E+00    4.79240E-03
    1.82600E+02    5.64041E+00    3.55141E-03
    1.82700E+02    5.93871E+00    2.63543E-03
    1.82800E+02    6.22896E+00    1.97149E-03
    1.82900E+02    6.50277E+00    1.49928E-03
    1.83000E+02    6.74929E+00    1.17171E-03
    1.83100E+02    6.95626E+00    9.52650E-04
    1.83200E+02    7.10865E+00    8.18000E-04
    1.83300E+02    7.18370E+00    7.58856E-04
    1.83400E+02    7.14502E+00    7.88784E-04
    1.83500E+02    7.02131E+00    8.92653E-04
    1.83600E+02    6.83815E+00    1.07209E-03
    1.83700E+02    6.61131E+00    1.34507E-03
    1.83800E+02    6.35424E+00    1.73935E-03
    1.83900E+02    6.07721E+00    2.29458E-03
    1.84000E+02    5.78923E+00    3.06033E-03
    1.84100E+02    5.49807E+00    4.09465E-03
    1.84200E+02    5.21091E+00    5.45670E-03
    1.84300E+02    4.93787E+00    7.16986E-03
    1.84400E+02    4.69104E+00    9.17710E-03
    1.84500E+02    4.39148E+00    1.23824E-02
    1.84600E+02    4.13495E+00    1.60035E-02
    1.84700E+02    3.89930E+00    2.02562E-02
    1.84800E+02    3.67374E+00    2.53814E-02
    1.84900E+02    3.45778E+00    3.14997E-02
    1.85000E+02    3.25914E+00    3.84213E-02
    1.85100E+02    3.07422E+00    4.62255E-02
    1.85200E+02    2.90195E+00    5.49162E-02
    1.85300E+02    2.74166E+00    6.44631E-02
    1.85400E+02    2.59242E+00    7.48385E-02
    1.85500E+02    2.45415E+00    8.59361E-02
    1.85600E+02    2.32522E+00    9.77615E-02
    1.85700E+02    2.20420E+00    1.10338E-01
    1.85800E+02    2.09222E+00    1.23413E-01
    1.85900E+02    1.98806E+00    1.36960E-01
    1.86000E+02    1.89106E+00    1.50911E-01
    1.86100E+02    1.80074E+00    1.65177E-01
    1.86200E+02    1.71647E+00    1.79699E-01
    1.86300E+02    1.63789E+00    1.94389E-01
    1.86400E+02    1.56451E+00    2.09191E-01
    1.86500E+02    1.49592E+00    2.24043E-01
    1.86600E+02    1.43170E+00    2.38902E-01
    1.86700E+02    1.37161E+00    2.53698E-01
    1.86800E+02    1.31534E+00    2.68382E-01
    1.86900E+02    1.26256E+00    2.82930E-01
    1.87000E+02    1.21303E+00    2.97296E-01
    1.87100E+02    1.16680E+00    3.11361E-01
    1.87200E+02    1.12293E+00    3.25326E-01
    1.87300E+02    1.08145E+00    3.39105E-01
    1.87400E+02    1.04257E+00    3.52549E-01
    1.87500E+02    1.00593E+00    3.65705E-01
    1.87600E+02    9.71405E-01    3.78551E-01
    1.87700E+02    9.38762E-01    3.91112E-01
    1.87800E+02    9.07983E-01    4.03337E-01
    1.87900E+02    8.79172E-01    4.15127E-01
    1.88000E+02    8.51090E-01    4.26950E-01
    1.88100E+02    8.24831E-01    4.38309E-01
    1.88200E+02    7.99979E-01    4.49338E-01
    1.88300E+02    7.76404E-01    4.60057E-01
    1.88400E+02    7.54021E-01    4.70471E-01
    1.88500E+02    7.32718E-01    4.80601E-01
    1.88600E+02    7.12474E-01    4.90429E-01
    1.88700E+02    6.93214E-01    4.99967E-01
    1.88800E+02    6.74922E-01    5.09196E-01
    1.88900E+02    6.57658E-01    5.18063E-01
    1.89000E+02    6.40765E-01    5.26889E-01
    1.89100E+02    6.24831E-01    5.35352E-01
    1.89200E+02    6.09613E-01    5.43561E-01
    1.89300E+02    5.95124E-01    5.51494E-01
    1.89400E+02    5.81196E-01    5.59229E-01
    1.89500E+02    5.67921E-01    5.66703E-01
    1.89600E+02    5.55241E-01    5.73934E-01
    1.89700E+02    5.43066E-01    5.80964E-01
    1.89800E+02    5.31397E-01    5.87783E-01
    1.89900E+02    5.20227E-01    5.94385E-01
    1.90000E+02    5.09513E-01    6.00788E-01
    1.90100E+02    4.99226E-01    6.07000E-01
    1.90200E+02    4.89359E-01    6.13019E-01
    1.90300E+02    4.79923E-01    6.18831E-01
    1.90400E+02    4.70821E-01    6.24490E-01
    1.90500E+02    4.62190E-01    6.29902E-01
    1.90600E+02    4.54030E-01    6.35063E-01
    1.90700E+02    4.45599E-01    6.40441E-01
    1.90800E+02    4.37754E-01    6.45485E-01
    1.90900E+02    4.30215E-01    6.50369E-01
    1.91000E+02    4.22975E-01    6.55095E-01
    1.91100E+02    4.16009E-01    6.59674E-01
    1.91200E+02    4.09294E-01    6.64119E-01
    1.91300E+02    4.02818E-01    6.68433E-01
    1.91400E+02    3.96583E-01    6.72615E-01
    1.91500E+02    3.90566E-01    6.76674E-01
    1.91600E+02    3.84764E-01    6.80612E-01
    1.91700E+02    3.79177E-01    6.84425E-01
    1.91800E+02    3.73893E-01    6.88051E-01
    1.91900E+02    3.68555E-01    6.91733E-01
    1.92000E+02    3.63495E-01    6.95242E-01
    1.92100E+02    3.58627E-01    6.98635E-01
    1.92200E+02    3.53955E-01    7.01906E-01
    1.92300E+02    3.49440E-01    7.05083E-01
    1.92400E+02    3.45028E-01    7.08200E-01
    1.92500E+02    3.40797E-01    7.11203E-01
    1.92600E+02    3.36735E-01    7.14098E-01
    1.92700E+02    3.32844E-01    7.16882E-01
    1.92800E+02    3.29066E-01    7.19595E-01
    1.92900E+02    3.25487E-01    7.22175E-01
    1.93000E+02    3.22110E-01    7.24619E-01
    1.93100E+02    3.19072E-01    7.26823E-01
    1.93200E+02    3.16700E-01    7.28549E-01
    1.93300E+02    3.17825E-01    7.27730E-01
    1.93400E+02    3.14955E-01    7.29821E-01
    1.93500E+02    3.07371E-01    7.35378E-01
    1.93600E+02    3.03411E-01    7.38295E-01
    1.93700E+02    3.00159E-01    7.40701E-01
    1.93800E+02    2.97175E-01    7.42914E-01
    1.93900E+02    2.94330E-01    7.45031E-01
    1.94000E+02    2.91562E-01    7.47096E-01
    1.94100E+02    2.88829E-01    7.49140E-01
    1.94200E+02    2.86153E-01    7.51148E-01
    1.94300E+02    2.83540E-01    7.53113E-01
    1.94400E+02    2.80983E-01    7.55041E-01
    1.94500E+02    2.78521E-01    7.56902E-01
    1.94600E+02    2.76162E-01    7.58690E-01
    1.94700E+02    2.73921E-01    7.60393E-01
    1.94800E+02    2.71832E-01    7.61982E-01
    1.94900E+02    2.69961E-01    7.63409E-01
    1.95000E+02    2.68437E-01    7.64574E-01
    1.95100E+02    2.67549E-01    7.65253E-01
    1.95200E+02    2.68135E-01    7.64805E-01
    1.95300E+02    2.73388E-01    7.60797E-01
    1.95400E+02    3.10266E-01    7.33252E-01
    1.95500E+02    2.83679E-01    7.53008E-01
    1.95600E+02    2.66088E-01    7.66372E-01
    1.95700E+02    2.69421E-01    7.63822E-01
    1.95800E+02    2.57658E-01    7.72860E-01
    1.95900E+02    2.51966E-01    7.77271E-01
    1.96000E+02    2.48833E-01    7.79710E-01
    1.96100E+02    2.46443E-01    7.81576E-01
    1.96200E+02    2.44400E-01    7.83174E-01
    1.96300E+02    2.42533E-01    7.84638E-01
    1.96400E+02    2.40834E-01    7.85972E-01
    1.96500E+02    2.39149E-01    7.87297E-01
    1.96600E+02    2.37572E-01    7.88540E-01
    1.96700E+02    2.36068E-01    7.89727E-01
    1.96800E+02    2.34619E-01    7.90872E-01
    1.96900E+02    2.33223E-01    7.91977E-01
    1.97000E+02    2.31859E-01    7.93058E-01
    1.97100E+02    2.30549E-01    7.94097E-01
    1.97200E+02    2.29271E-01    7.95113E-01
    1.97300E+02    2.28027E-01    7.96103E-01
    1.97400E+02    2.26837E-01    7.97051E-01
    1.97500E+02    2.25737E-01    7.97928E-01
    1.97600E+02    2.24633E-01    7.98810E-01
    1.97700E+02    2.23452E-01    7.99753E-01
    1.97800E+02    2.22340E-01    8.00643E-01
    1.97900E+02    2.21295E-01    8.01480E-01
    1.98000E+02    2.20503E-01    8.02115E-01
    1.98100E+02    2.19269E-01    8.03106E-01
    1.98200E+02    2.18277E-01    8.03902E-01
    1.98300E+02    2.17325E-01    8.04668E-01
    1.98400E+02    2.16408E-01    8.05407E-01
    1.98500E+02    2.15516E-01    8.06126E-01
    1.98600E+02    2.14658E-01    8.06817E-01
    1.98700E+02    2.13823E-01    8.07491E-01
    1.98800E+02    2.13027E-01    8.08134E-01
    1.98900E+02    2.12270E-01    8.08746E-01
    1.99000E+02    2.11584E-01    8.09302E-01
    1.99100E+02    2.11026E-01    8.09753E-01
    1.99200E+02    2.11167E-01    8.09639E-01
    1.99300E+02    2.11215E-01    8.09600E-01
    1.99400E+02    2.14485E-01    8.06957E-01
    1.99500E+02    2.08963E-01    8.11426E-01
    1.99600E+02    2.07651E-01    8.12491E-01
    1.99700E+02    2.06770E-01    8.13206E-01
    1.99800E+02    2.06057E-01    8.13787E-01
    1.99900E+02    2.05417E-01    8.14307E-01
    2.00000E+02    2.04827E-01    8.14788E-01
    2.00100E+02    2.04264E-01    8.15247E-01
    2.00200E+02    2.03737E-01    8.15677E-01
    2.00300E+02    2.03241E-01    8.16082E-01
    2.00400E+02    2.02771E-01    8.16465E-01
    2.00500E+02    2.02331E-01    8.16825E-01
    2.00600E+02    2.01921E-01    8.17159E-01
    2.00700E+02    2.01540E-01    8.17471E-01
    2.00800E+02    2.01194E-01    8.17754E-01
    2.00900E+02    2.00877E-01    8.18013E-01
    2.01000E+02    2.00598E-01    8.18241E-01
    2.01100E+02    2.00351E-01    8.18443E-01
    2.01200E+02    2.00144E-01    8.18613E-01
    2.01300E+02    1.99983E-01    8.18745E-01
    2.01400E+02    1.99896E-01    8.18816E-01
    2.01500E+02    1.99839E-01    8.18862E-01
    2.01600E+02    1.99756E-01    8.18931E-01
    2.01700E+02    1.99773E-01    8.18916E-01
    2.01800E+02    1.99855E-01    8.18850E-01
    2.01900E+02    2.00000E-01    8.18731E-01
    2.02000E+02    2.00210E-01    8.18559E-01
    2.02100E+02    2.00488E-01    8.18332E-01
    2.02200E+02    2.00841E-01    8.18042E-01
    2.02300E+02    2.01255E-01    8.17704E-01
    2.02400E+02    2.01747E-01    8.17301E-01
    2.02500E+02    2.02301E-01    8.16849E-01
    2.02600E+02    2.02927E-01    8.16338E-01
    2.02700E+02    2.03599E-01    8.15789E-01
    2.02800E+02    2.04308E-01    8.15212E-01
    2.02900E+02    2.05024E-01    8.14628E-01
    2.03000E+02    2.05711E-01    8.14068E-01
    2.03100E+02    2.06334E-01    8.13561E-01
    2.03200E+02    2.06840E-01    8.13150E-01
    2.03300E+02    2.07198E-01    8.12859E-01
    2.03400E+02    2.07606E-01    8.12527E-01
    2.03500E+02    2.07167E-01    8.12884E-01
    2.03600E+02    2.05795E-01    8.14000E-01
    2.03700E+02    2.04622E-01    8.14956E-01
    2.03800E+02    2.03368E-01    8.15978E-01
    2.03900E+02    2.02045E-01    8.17058E-01
    2.04000E+02    2.00722E-01    8.18140E-01
    2.04100E+02    1.99303E-01    8.19302E-01
    2.04200E+02    1.97958E-01    8.20405E-01
    2.04300E+02    1.96662E-01    8.21468E-01
    2.04400E+02    1.95425E-01    8.22485E-01
    2.04500E+02    1.94250E-01    8.23452E-01
    2.04600E+02    1.93145E-01    8.24363E-01
    2.04700E+02    1.92106E-01    8.25220E-01
    2.04800E+02    1.91139E-01    8.26017E-01
    2.04900E+02    1.90244E-01    8.26757E-01
    2.05000E+02    1.89395E-01    8.27460E-01
    2.05100E+02    1.88632E-01    8.28091E-01
    2.05200E+02    1.88101E-01    8.28531E-01
    2.05300E+02    1.87235E-01    8.29249E-01
    2.05400E+02    1.86579E-01    8.29793E-01
    2.05500E+02    1.86027E-01    8.30251E-01
    2.05600E+02    1.85496E-01    8.30692E-01
    2.05700E+02    1.85006E-01    8.31099E-01
    2.05800E+02    1.84622E-01    8.31419E-01
    2.05900E+02    1.84417E-01    8.31589E-01
    2.06000E+02    1.84719E-01    8.31338E-01
    2.06100E+02    1.88486E-01    8.28212E-01
    2.06200E+02    1.85487E-01    8.30700E-01
    2.06300E+02    1.83186E-01    8.32613E-01
    2.06400E+02    1.82352E-01    8.33308E-01
    2.06500E+02    1.82181E-01    8.33450E-01
    2.06600E+02    1.81392E-01    8.34108E-01
    2.06700E+02    1.81007E-01    8.34430E-01
    2.06800E+02    1.80676E-01    8.34706E-01
    2.06900E+02    1.80383E-01    8.34950E-01
    2.07000E+02    1.80108E-01    8.35180E-01
    2.07100E+02    1.79857E-01    8.35390E-01
    2.07200E+02    1.79626E-01    8.35583E-01
    2.07300E+02    1.79419E-01    8.35756E-01
    2.07400E+02    1.79263E-01    8.35886E-01
    2.07500E+02    1.79315E-01    8.35842E-01
    2.07600E+02    1.78880E-01    8.36206E-01
    2.07700E+02    1.78712E-01    8.36347E-01
    2.07800E+02    1.78588E-01    8.36450E-01
    2.07900E+02    1.78515E-01    8.36512E-01
    2.08000E+02    1.78505E-01    8.36520E-01
    2.08100E+02    1.78593E-01    8.36446E-01
    2.08200E+02    1.78845E-01    8.36235E-01
    2.08300E+02    1.79435E-01    8.35742E-01
    2.08400E+02    1.80822E-01    8.34584E-01
    2.08500E+02    1.84702E-01    8.31352E-01
    2.08600E+02    2.03108E-01    8.16190E-01
    2.08700E+02    1.97177E-01    8.21046E-01
    2.08800E+02    1.83334E-01    8.32490E-01
    2.08900E+02    1.79790E-01    8.35446E-01
    2.09000E+02    1.78294E-01    8.36696E-01
    2.09100E+02    1.77486E-01    8.37372E-01
    2.09200E+02    1.76977E-01    8.37799E-01
    2.09300E+02    1.76633E-01    8.38087E-01
    2.09400E+02    1.76422E-01    8.38264E-01
    2.09500E+02    1.76561E-01    8.38148E-01
    2.09600E+02    1.76119E-01    8.38518E-01
    2.09700E+02    1.75847E-01    8.38746E-01
    2.09800E+02    1.75703E-01    8.38867E-01
    2.09900E+02    1.75604E-01    8.38950E-01
    2.10000E+02    1.75562E-01    8.38985E-01
    2.10100E+02    1.75606E-01    8.38949E-01
    2.10200E+02    1.76361E-01    8.38315E-01
    2.10300E+02    1.76036E-01    8.38588E-01
    2.10400E+02    1.78193E-01    8.36781E-01
    2.10500E+02    1.76796E-01    8.37951E-01
    2.10600E+02    1.76970E-01    8.37805E-01
    2.10700E+02    1.79603E-01    8.35602E-01
    2.10800E+02    1.99408E-01    8.19216E-01
    2.10900E+02    1.79038E-01    8.36074E-01
    2.11000E+02    1.76306E-01    8.38361E-01
    2.11100E+02    1.75388E-01    8.39132E-01
    2.11200E+02    1.74939E-01    8.39508E-01
    2.11300E+02    1.74653E-01    8.39748E-01
    2.11400E+02    1.74469E-01    8.39903E-01
    2.11500E+02    1.74335E-01    8.40015E-01
    2.11600E+02    1.74229E-01    8.40104E-01
    2.11700E+02    1.74141E-01    8.40179E-01
    2.11800E+02    1.74068E-01    8.40240E-01
    2.11900E+02    1.74000E-01    8.40297E-01
    2.12000E+02    1.73946E-01    8.40343E-01
    2.12100E+02    1.73903E-01    8.40379E-01
    2.12200E+02    1.73858E-01    8.40417E-01
    2.12300E+02    1.73817E-01    8.40450E-01
    2.12400E+02    1.73785E-01    8.40478E-01
    2.12500E+02    1.73761E-01    8.40498E-01
    2.12600E+02    1.73744E-01    8.40512E-01
    2.12700E+02    1.73738E-01    8.40517E-01
    2.12800E+02    1.73735E-01    8.40520E-01
    2.12900E+02    1.73743E-01    8.40513E-01
    2.13000E+02    1.73678E-01    8.40567E-01
    2.13100E+02    1.73659E-01    8.40584E-01
    2.13200E+02    1.73650E-01    8.40591E-01
    2.13300E+02    1.73649E-01    8.40591E-01
    2.13400E+02    1.73654E-01    8.40588E-01
    2.13500E+02    1.73662E-01    8.40581E-01
    2.13600E+02    1.73676E-01    8.40569E-01
    2.13700E+02    1.73695E-01    8.40553E-01
    2.13800E+02    1.73732E-01    8.40522E-01
    2.13900E+02    1.73771E-01    8.40489E-01
    2.14000E+02    1.73826E-01    8.40443E-01
    2.14100E+02    1.73899E-01    8.40382E-01
    2.14200E+02    1.74000E-01    8.40297E-01
    2.14300E+02    1.74142E-01    8.40177E-01
    2.14400E+02    1.74351E-01    8.40002E-01
    2.14500E+02    1.74686E-01    8.39721E-01
    2.14600E+02    1.75256E-01    8.39242E-01
    2.14700E+02    1.76388E-01    8.38293E-01
    2.14800E+02    1.79223E-01    8.35919E-01
    2.14900E+02    1.90938E-01    8.26184E-01
    2.15000E+02    1.94575E-01    8.23184E-01
    2.15100E+02    1.79857E-01    8.35390E-01
    2.15200E+02    1.76682E-01    8.38046E-01
    2.15300E+02    1.75471E-01    8.39062E-01
    2.15400E+02    1.74895E-01    8.39545E-01
    2.15500E+02    1.74577E-01    8.39812E-01
    2.15600E+02    1.74394E-01    8.39966E-01
    2.15700E+02    1.74288E-01    8.40055E-01
    2.15800E+02    1.74223E-01    8.40109E-01
    2.15900E+02    1.74214E-01    8.40117E-01
    2.16000E+02    1.74529E-01    8.39853E-01
    2.16100E+02    1.74301E-01    8.40044E-01
    2.16200E+02    1.74172E-01    8.40152E-01
    2.16300E+02    1.74151E-01    8.40170E-01
    2.16400E+02    1.74166E-01    8.40157E-01
    2.16500E+02    1.74163E-01    8.40160E-01
    2.16600E+02    1.74180E-01    8.40146E-01
    2.16700E+02    1.74204E-01    8.40125E-01
    2.16800E+02    1.74240E-01    8.40095E-01
    2.16900E+02    1.74300E-01    8.40045E-01
    2.17000E+02    1.74304E-01    8.40042E-01
    2.17100E+02    1.74337E-01    8.40013E-01
    2.17200E+02    1.74385E-01    8.39974E-01
    2.17300E+02    1.74432E-01    8.39934E-01
    2.17400E+02    1.74504E-01    8.39873E-01
    2.17500E+02    1.74765E-01    8.39654E-01
    2.17600E+02    1.74610E-01    8.39784E-01
    2.17700E+02    1.74630E-01    8.39767E-01
    2.17800E+02    1.74681E-01    8.39724E-01
    2.17900E+02    1.74759E-01    8.39660E-01
    2.18000E+02    1.74893E-01    8.39547E-01
    2.18100E+02    1.75630E-01    8.38928E-01
    2.18200E+02    1.75097E-01    8.39376E-01
    2.18300E+02    1.74988E-01    8.39467E-01
    2.18400E+02    1.74998E-01    8.39458E-01
    2.18500E+02    1.75042E-01    8.39421E-01
    2.18600E+02    1.75098E-01    8.39375E-01
    2.18700E+02    1.75147E-01    8.39334E-01
    2.18800E+02    1.75207E-01    8.39283E-01
    2.18900E+02    1.75267E-01    8.39233E-01
    2.19000E+02    1.75341E-01    8.39171E-01
    2.19100E+02    1.75454E-01    8.39076E-01
    2.19200E+02    1.75522E-01    8.39019E-01
    2.19300E+02    1.75753E-01    8.38825E-01
    2.19400E+02    1.75669E-01    8.38896E-01
    2.19500E+02    1.75686E-01    8.38881E-01
    2.19600E+02    1.75750E-01    8.38827E-01
    2.19700E+02    1.75820E-01    8.38769E-01
    2.19800E+02    1.75906E-01    8.38697E-01
    2.19900E+02    1.76051E-01    8.38575E-01
    2.20000E+02    1.76123E-01    8.38515E-01
    2.20100E+02    1.76127E-01    8.38512E-01
    2.20200E+02    1.76190E-01    8.38459E-01
    2.20300E+02    1.76267E-01    8.38394E-01
    2.20400E+02    1.76344E-01    8.38330E-01
    2.20500E+02    1.76428E-01    8.38259E-01
    2.20600E+02    1.76524E-01    8.38178E-01
    2.20700E+02    1.76731E-01    8.38005E-01
    2.20800E+02    1.76721E-01    8.38014E-01
    2.20900E+02    1.76770E-01    8.37972E-01
    2.21000E+02    1.76853E-01    8.37903E-01
    2.21100E+02    1.76938E-01    8.37831E-01
    2.21200E+02    1.77039E-01    8.37747E-01
    2.21300E+02    1.77236E-01    8.37582E-01
    2.21400E+02    1.77245E-01    8.37575E-01
    2.21500E+02    1.77311E-01    8.37519E-01
    2.21600E+02    1.77400E-01    8.37445E-01
    2.21700E+02    1.77495E-01    8.37365E-01
    2.21800E+02    1.77595E-01    8.37282E-01
    2.21900E+02    1.77693E-01    8.37199E-01
    2.22000E+02    1.77797E-01    8.37113E-01
    2.22100E+02    1.77903E-01    8.37024E-01
    2.22200E+02    1.78011E-01    8.36933E-01
    2.22300E+02    1.78127E-01    8.36836E-01
    2.22400E+02    1.78291E-01    8.36699E-01
    2.22500E+02    1.78373E-01    8.36631E-01
    2.22600E+02    1.78463E-01    8.36555E-01
    2.22700E+02    1.78578E-01    8.36459E-01
    2.22800E+02    1.78698E-01    8.36359E-01
    2.22900E+02    1.78826E-01    8.36252E-01
    2.23000E+02    1.78974E-01    8.36128E-01
    2.23100E+02    1.79119E-01    8.36007E-01
    2.23200E+02    1.79308E-01    8.35848E-01
    2.23300E+02    1.79467E-01    8.35715E-01
    2.23400E+02    1.79573E-01    8.35627E-01
    2.23500E+02    1.79664E-01    8.35551E-01
    2.23600E+02    1.79806E-01    8.35432E-01
    2.23700E+02    1.79969E-01    8.35296E-01
    2.23800E+02    1.80150E-01    8.35145E-01
    2.23900E+02    1.80627E-01    8.34746E-01
    2.24000E+02    1.80488E-01    8.34863E-01
    2.24100E+02    1.80643E-01    8.34733E-01
    2.24200E+02    1.80828E-01    8.34579E-01
    2.24300E+02    1.81019E-01    8.34419E-01
    2.24400E+02    1.81227E-01    8.34246E-01
    2.24500E+02    1.81443E-01    8.34065E-01
    2.24600E+02    1.81692E-01    8.33858E-01
    2.24700E+02    1.82014E-01    8.33589E-01
    2.24800E+02    1.82487E-01    8.33196E-01
    2.24900E+02    1.82677E-01    8.33037E-01
    2.25000E+02    1.82745E-01    8.32981E-01
    2.25100E+02    1.82918E-01    8.32837E-01
    2.25200E+02    1.83178E-01    8.32620E-01
    2.25300E+02    1.83429E-01    8.32411E-01
    2.25400E+02    1.83720E-01    8.32169E-01
    2.25500E+02    1.84045E-01    8.31899E-01
    2.25600E+02    1.84417E-01    8.31589E-01
    2.25700E+02    1.84902E-01    8.31186E-01
    2.25800E+02    1.85718E-01    8.30508E-01
    2.25900E+02    1.87276E-01    8.29215E-01
    2.26000E+02    1.93058E-01    8.24434E-01
    2.26100E+02    1.94150E-01    8.23534E-01
    2.26200E+02    1.87426E-01    8.29090E-01
    2.26300E+02    1.85959E-01    8.30307E-01
    2.26400E+02    1.85388E-01    8.30782E-01
    2.26500E+02    1.85104E-01    8.31018E-01
    2.26600E+02    1.84931E-01    8.31161E-01
    2.26700E+02    1.84825E-01    8.31250E-01
    2.26800E+02    1.84755E-01    8.31308E-01
    2.26900E+02    1.84720E-01    8.31337E-01
    2.27000E+02    1.84662E-01    8.31386E-01
    2.27100E+02    1.84641E-01    8.31403E-01
    2.27200E+02    1.84631E-01    8.31411E-01
    2.27300E+02    1.84642E-01    8.31402E-01
    2.27400E+02    1.84657E-01    8.31389E-01
    2.27500E+02    1.84680E-01    8.31370E-01
    2.27600E+02    1.84718E-01    8.31338E-01
    2.27700E+02    1.84768E-01    8.31297E-01
    2.27800E+02    1.84829E-01    8.31247E-01
    2.27900E+02    1.84887E-01    8.31198E-01
    2.28000E+02    1.84946E-01    8.31149E-01
    2.28100E+02    1.85017E-01    8.31090E-01
    2.28200E+02    1.85098E-01    8.31023E-01
    2.28300E+02    1.85193E-01    8.30944E-01
    2.28400E+02    1.85283E-01    8.30869E-01
    2.28500E+02    1.85400E-01    8.30772E-01
    2.28600E+02    1.85507E-01    8.30683E-01
    2.28700E+02    1.85632E-01    8.30579E-01
    2.28800E+02    1.85767E-01    8.30467E-01
    2.28900E+02    1.85917E-01    8.30342E-01
    2.29000E+02    1.86088E-01    8.30201E-01
    2.29100E+02    1.86308E-01    8.30018E-01
    2.29200E+02    1.86554E-01    8.29814E-01
    2.29300E+02    1.86945E-01    8.29489E-01
    2.29400E+02    1.87708E-01    8.28857E-01
    2.29500E+02    1.90172E-01    8.26817E-01
    2.29600E+02    1.95520E-01    8.22407E-01
    2.29700E+02    1.88903E-01    8.27867E-01
    2.29800E+02    1.87972E-01    8.28638E-01
    2.29900E+02    1.87776E-01    8.28801E-01
    2.30000E+02    1.87813E-01    8.28770E-01
    2.30100E+02    1.87919E-01    8.28682E-01
    2.30200E+02    1.88088E-01    8.28542E-01
    2.30300E+02    1.88325E-01    8.28345E-01
    2.30400E+02    1.88599E-01    8.28118E-01
    2.30500E+02    1.88936E-01    8.27839E-01
    2.30600E+02    1.89366E-01    8.27484E-01
    2.30700E+02    1.89937E-01    8.27011E-01
    2.30800E+02    1.90746E-01    8.26342E-01
    2.30900E+02    1.92006E-01    8.25302E-01
    2.31000E+02    1.94283E-01    8.23425E-01
    2.31100E+02    1.99376E-01    8.19242E-01
    2.31200E+02    2.16358E-01    8.05447E-01
    2.31300E+02    2.71225E-01    7.62445E-01
    2.31400E+02    2.07490E-01    8.12621E-01
    2.31500E+02    1.97821E-01    8.20517E-01
    2.31600E+02    1.94621E-01    8.23147E-01
    2.31700E+02    1.93271E-01    8.24259E-01
    2.31800E+02    1.92660E-01    8.24762E-01
    2.31900E+02    1.92428E-01    8.24954E-01
    2.32000E+02    1.92582E-01    8.24826E-01
    2.32100E+02    1.92435E-01    8.24948E-01
    2.32200E+02    1.92582E-01    8.24826E-01
    2.32300E+02    1.92816E-01    8.24633E-01
    2.32400E+02    1.93148E-01    8.24360E-01
    2.32500E+02    1.93685E-01    8.23918E-01
    2.32600E+02    1.93984E-01    8.23671E-01
    2.32700E+02    1.94590E-01    8.23172E-01
    2.32800E+02    1.94973E-01    8.22857E-01
    2.32900E+02    1.95554E-01    8.22379E-01
    2.33000E+02    1.96392E-01    8.21690E-01
    2.33100E+02    1.97055E-01    8.21146E-01
    2.33200E+02    1.98013E-01    8.20359E-01
    2.33300E+02    1.99232E-01    8.19360E-01
    2.33400E+02    2.00590E-01    8.18248E-01
    2.33500E+02    2.02160E-01    8.16964E-01
    2.33600E+02    2.04282E-01    8.15232E-01
    2.33700E+02    2.07183E-01    8.12871E-01
    2.33800E+02    2.11545E-01    8.09333E-01
    2.33900E+02    2.20381E-01    8.02213E-01
    2.34000E+02    2.19605E-01    8.02836E-01
    2.34100E+02    2.11900E-01    8.09046E-01
    2.34200E+02    2.08153E-01    8.12082E-01
    2.34300E+02    2.05689E-01    8.14086E-01
    2.34400E+02    2.03932E-01    8.15518E-01
    2.34500E+02    2.02655E-01    8.16560E-01
    2.34600E+02    2.01689E-01    8.17349E-01
    2.34700E+02    2.00972E-01    8.17936E-01
    2.34800E+02    2.00469E-01    8.18347E-01
    2.34900E+02    2.00216E-01    8.18554E-01
    2.35000E+02    2.00209E-01    8.18559E-01
    2.35100E+02    2.00605E-01    8.18236E-01
    2.35200E+02    2.00924E-01    8.17975E-01
    2.35300E+02    2.02021E-01    8.17078E-01
    2.35400E+02    2.04298E-01    8.15219E-01
    2.35500E+02    2.09492E-01    8.10996E-01
    2.35600E+02    2.25267E-01    7.98303E-01
    2.35700E+02    3.47548E-01    7.06418E-01
    2.35800E+02    2.32564E-01    7.92499E-01
    2.35900E+02    2.12115E-01    8.08872E-01
    2.36000E+02    2.05312E-01    8.14393E-01
    2.36100E+02    2.02615E-01    8.16592E-01
    2.36200E+02    2.01273E-01    8.17689E-01
    2.36300E+02    2.00692E-01    8.18165E-01
    2.36400E+02    2.00497E-01    8.18324E-01
    2.36500E+02    2.00662E-01    8.18189E-01
    2.36600E+02    2.01413E-01    8.17575E-01
    2.36700E+02    2.02194E-01    8.16936E-01
    2.36800E+02    2.04082E-01    8.15396E-01
    2.36900E+02    2.08028E-01    8.12184E-01
    2.37000E+02    2.18111E-01    8.04036E-01
    2.37100E+02    2.64012E-01    7.67965E-01
    2.37200E+02    2.56215E-01    7.73975E-01
    2.37300E+02    2.17206E-01    8.04764E-01
    2.37400E+02    2.07932E-01    8.12263E-01
    2.37500E+02    2.04419E-01    8.15121E-01
    2.37600E+02    2.03000E-01    8.16279E-01
    2.37700E+02    2.01871E-01    8.17201E-01
    2.37800E+02    2.01414E-01    8.17574E-01
    2.37900E+02    2.01223E-01    8.17730E-01
    2.38000E+02    2.01214E-01    8.17737E-01
    2.38100E+02    2.01372E-01    8.17608E-01
    2.38200E+02    2.01725E-01    8.17319E-01
    2.38300E+02    2.02474E-01    8.16708E-01
    2.38400E+02    2.05319E-01    8.14388E-01
    2.38500E+02    2.04487E-01    8.15065E-01
    2.38600E+02    2.04432E-01    8.15110E-01
    2.38700E+02    2.05958E-01    8.13867E-01
    2.38800E+02    2.08465E-01    8.11829E-01
    2.38900E+02    2.14574E-01    8.06885E-01
    2.39000E+02    2.34235E-01    7.91175E-01
    2.39100E+02    3.65157E-01    6.94088E-01
    2.39200E+02    2.30379E-01    7.94232E-01
    2.39300E+02    2.15170E-01    8.06404E-01
    2.39400E+02    2.10289E-01    8.10350E-01
    2.39500E+02    2.08368E-01    8.11908E-01
    2.39600E+02    2.07999E-01    8.12208E-01
    2.39700E+02    2.06848E-01    8.13143E-01
    2.39800E+02    2.06965E-01    8.13048E-01
    2.39900E+02    2.07437E-01    8.12664E-01
    2.40000E+02    2.07181E-01    8.12872E-01
    2.40100E+02    2.06749E-01    8.13224E-01
    2.40200E+02    2.06745E-01    8.13227E-01
    2.40300E+02    2.06828E-01    8.13160E-01
    2.40400E+02    2.06527E-01    8.13404E-01
    2.40500E+02    2.06533E-01    8.13400E-01
    2.40600E+02    2.06295E-01    8.13593E-01
    2.40700E+02    2.06459E-01    8.13459E-01
    2.40800E+02    2.06527E-01    8.13404E-01
    2.40900E+02    2.07391E-01    8.12702E-01
    2.41000E+02    2.06918E-01    8.13086E-01
    2.41100E+02    2.07358E-01    8.12728E-01
    2.41200E+02    2.10190E-01    8.10431E-01
    2.41300E+02    2.09083E-01    8.11328E-01
    2.41400E+02    2.08229E-01    8.12021E-01
    2.41500E+02    2.08542E-01    8.11767E-01
    2.41600E+02    2.08843E-01    8.11522E-01
    2.41700E+02    2.09409E-01    8.11064E-01
    2.41800E+02    2.10247E-01    8.10384E-01
    2.41900E+02    2.11566E-01    8.09316E-01
    2.42000E+02    2.13902E-01    8.07427E-01
    2.42100E+02    2.18819E-01    8.03467E-01
    2.42200E+02    2.32761E-01    7.92343E-01
    2.42300E+02    3.20894E-01    7.25500E-01
    2.42400E+02    2.46160E-01    7.81797E-01
    2.42500E+02    2.22747E-01    8.00318E-01
    2.42600E+02    2.16155E-01    8.05611E-01
    2.42700E+02    2.13545E-01    8.07716E-01
    2.42800E+02    2.12456E-01    8.08596E-01
    2.42900E+02    2.12238E-01    8.08772E-01
    2.43000E+02    2.12887E-01    8.08248E-01
    2.43100E+02    2.14153E-01    8.07225E-01
    2.43200E+02    2.17267E-01    8.04715E-01
    2.43300E+02    2.25848E-01    7.97840E-01
    2.43400E+02    2.62382E-01    7.69217E-01
    2.43500E+02    2.67910E-01    7.64977E-01
    2.43600E+02    2.26747E-01    7.97122E-01
    2.43700E+02    2.17685E-01    8.04379E-01
    2.43800E+02    2.14422E-01    8.07008E-01
    2.43900E+02    2.13281E-01    8.07929E-01
    2.44000E+02    2.13810E-01    8.07502E-01
    2.44100E+02    2.18982E-01    8.03336E-01
    2.44200E+02    2.21255E-01    8.01513E-01
    2.44300E+02    2.13183E-01    8.08009E-01
    2.44400E+02    2.11585E-01    8.09300E-01
    2.44500E+02    2.10597E-01    8.10100E-01
    2.44600E+02    2.10258E-01    8.10375E-01
    2.44700E+02    2.10065E-01    8.10531E-01
    2.44800E+02    2.10084E-01    8.10516E-01
    2.44900E+02    2.10081E-01    8.10519E-01
    2.45000E+02    2.10114E-01    8.10492E-01
    2.45100E+02    2.10137E-01    8.10473E-01
    2.45200E+02    2.10193E-01    8.10428E-01
    2.45300E+02    2.10284E-01    8.10354E-01
    2.45400E+02    2.10389E-01    8.10269E-01
    2.45500E+02    2.10513E-01    8.10169E-01
    2.45600E+02    2.10658E-01    8.10051E-01
    2.45700E+02    2.10837E-01    8.09906E-01
    2.45800E+02    2.11351E-01    8.09490E-01
    2.45900E+02    2.11119E-01    8.09678E-01
    2.46000E+02    2.11254E-01    8.09568E-01
    2.46100E+02    2.11428E-01    8.09428E-01
    2.46200E+02    2.11636E-01    8.09259E-01
    2.46300E+02    2.11913E-01    8.09035E-01
    2.46400E+02    2.12251E-01    8.08761E-01
    2.46500E+02    2.14202E-01    8.07186E-01
    2.46600E+02    2.12847E-01    8.08279E-01
    2.46700E+02    2.12770E-01    8.08342E-01
    2.46800E+02    2.12952E-01    8.08195E-01
    2.46900E+02    2.13204E-01    8.07991E-01
    2.47000E+02    2.13515E-01    8.07740E-01
    2.47100E+02    2.13912E-01    8.07419E-01
    2.47200E+02    2.14305E-01    8.07103E-01
    2.47300E+02    2.14856E-01    8.06657E-01
    2.47400E+02    2.15588E-01    8.06067E-01
    2.47500E+02    2.16739E-01    8.05140E-01
    2.47600E+02    2.18954E-01    8.03359E-01
    2.47700E+02    2.25890E-01    7.97806E-01
    2.47800E+02    2.31855E-01    7.93061E-01
    2.47900E+02    2.25179E-01    7.98373E-01
    2.48000E+02    2.29762E-01    7.94723E-01
    2.48100E+02    2.51055E-01    7.77979E-01
    2.48200E+02    3.32105E-01    7.17412E-01
    2.48300E+02    2.40124E-01    7.86530E-01
    2.48400E+02    2.26637E-01    7.97210E-01
    2.48500E+02    2.22194E-01    8.00760E-01
    2.48600E+02    2.20310E-01    8.02270E-01
    2.48700E+02    2.19552E-01    8.02878E-01
    2.48800E+02    2.19099E-01    8.03242E-01
    2.48900E+02    2.19031E-01    8.03296E-01
    2.49000E+02    2.19234E-01    8.03134E-01
    2.49100E+02    2.19650E-01    8.02800E-01
    2.49200E+02    2.20314E-01    8.02267E-01
    2.49300E+02    2.21376E-01    8.01415E-01
    2.49400E+02    2.23107E-01    8.00029E-01
    2.49500E+02    2.26161E-01    7.97589E-01
    2.49600E+02    2.32525E-01    7.92530E-01
    2.49700E+02    2.51062E-01    7.77974E-01
    2.49800E+02    3.32570E-01    7.17079E-01
    2.49900E+02    2.84164E-01    7.52643E-01
    2.50000E+02    2.96069E-01    7.43736E-01
    2.50100E+02    2.42812E-01    7.84419E-01
    2.50200E+02    2.31461E-01    7.93374E-01
    2.50300E+02    2.27072E-01    7.96863E-01
    2.50400E+02    2.24097E-01    7.99238E-01
    2.50500E+02    2.22776E-01    8.00294E-01
    2.50600E+02    2.21955E-01    8.00952E-01
    2.50700E+02    2.21620E-01    8.01220E-01
    2.50800E+02    2.21214E-01    8.01545E-01
    2.50900E+02    2.20986E-01    8.01728E-01
    2.51000E+02    2.20893E-01    8.01802E-01
    2.51100E+02    2.20872E-01    8.01820E-01
    2.51200E+02    2.21011E-01    8.01708E-01
    2.51300E+02    2.20940E-01    8.01765E-01
    2.51400E+02    2.21007E-01    8.01711E-01
    2.51500E+02    2.21103E-01    8.01634E-01
    2.51600E+02    2.21218E-01    8.01542E-01
    2.51700E+02    2.21348E-01    8.01438E-01
    2.51800E+02    2.21487E-01    8.01326E-01
    2.51900E+02    2.21644E-01    8.01201E-01
    2.52000E+02    2.21826E-01    8.01055E-01
    2.52100E+02    2.22197E-01    8.00757E-01
    2.52200E+02    2.22188E-01    8.00765E-01
    2.52300E+02    2.22427E-01    8.00574E-01
    2.52400E+02    2.22633E-01    8.00408E-01
    2.52500E+02    2.23034E-01    8.00088E-01
    2.52600E+02    2.23217E-01    7.99941E-01
    2.52700E+02    2.23935E-01    7.99367E-01
    2.52800E+02    2.23882E-01    7.99409E-01
    2.52900E+02    2.23661E-01    7.99586E-01
    2.53000E+02    2.23800E-01    7.99475E-01
    2.53100E+02    2.23989E-01    7.99324E-01
    2.53200E+02    2.24202E-01    7.99153E-01
    2.53300E+02    2.24494E-01    7.98921E-01
    2.53400E+02    2.25014E-01    7.98505E-01
    2.53500E+02    2.24890E-01    7.98604E-01
    2.53600E+02    2.25142E-01    7.98403E-01
    2.53700E+02    2.25736E-01    7.97929E-01
    2.53800E+02    2.25844E-01    7.97842E-01
    2.53900E+02    2.25961E-01    7.97750E-01
    2.54000E+02    2.26182E-01    7.97573E-01
    2.54100E+02    2.26492E-01    7.97325E-01
    2.54200E+02    2.26997E-01    7.96923E-01
    2.54300E+02    2.28748E-01    7.95529E-01
    2.54400E+02    2.27477E-01    7.96540E-01
    2.54500E+02    2.27562E-01    7.96473E-01
    2.54600E+02    2.27795E-01    7.96287E-01
    2.54700E+02    2.28180E-01    7.95981E-01
    2.54800E+02    2.28335E-01    7.95857E-01
    2.54900E+02    2.29097E-01    7.95251E-01
    2.55000E+02    2.28778E-01    7.95506E-01
    2.55100E+02    2.28932E-01    7.95383E-01
    2.55200E+02    2.29109E-01    7.95242E-01
    2.55300E+02    2.29234E-01    7.95142E-01
    2.55400E+02    2.29365E-01    7.95038E-01
    2.55500E+02    2.29492E-01    7.94937E-01
    2.55600E+02    2.29614E-01    7.94841E-01
    2.55700E+02    2.29740E-01    7.94740E-01
    2.55800E+02    2.29884E-01    7.94626E-01
    2.55900E+02    2.29992E-01    7.94540E-01
    2.56000E+02    2.30146E-01    7.94417E-01
    2.56100E+02    2.30289E-01    7.94304E-01
    2.56200E+02    2.30372E-01    7.94238E-01
    2.56300E+02    2.30513E-01    7.94126E-01
    2.56400E+02    2.30693E-01    7.93983E-01
    2.56500E+02    2.30872E-01    7.93841E-01
    2.56600E+02    2.31038E-01    7.93709E-01
    2.56700E+02    2.31312E-01    7.93492E-01
    2.56800E+02    2.31440E-01    7.93390E-01
    2.56900E+02    2.32022E-01    7.92928E-01
    2.57000E+02    2.31756E-01    7.93140E-01
    2.57100E+02    2.31908E-01    7.93019E-01
    2.57200E+02    2.32120E-01    7.92851E-01
    2.57300E+02    2.32355E-01    7.92665E-01
    2.57400E+02    2.32641E-01    7.92438E-01
    2.57500E+02    2.32934E-01    7.92206E-01
    2.57600E+02    2.33293E-01    7.91922E-01
    2.57700E+02    2.33671E-01    7.91622E-01
    2.57800E+02    2.34205E-01    7.91199E-01
    2.57900E+02    2.34800E-01    7.90729E-01
    2.58000E+02    2.35963E-01    7.89810E-01
    2.58100E+02    2.38576E-01    7.87749E-01
    2.58200E+02    2.59914E-01    7.71118E-01
    2.58300E+02    2.41039E-01    7.85811E-01
    2.58400E+02    2.40745E-01    7.86042E-01
    2.58500E+02    2.44334E-01    7.83226E-01
    2.58600E+02    2.56057E-01    7.74098E-01
    2.58700E+02    3.33979E-01    7.16069E-01
    2.58800E+02    2.65467E-01    7.66848E-01
    2.58900E+02    2.46894E-01    7.81224E-01
    2.59000E+02    2.41510E-01    7.85441E-01
    2.59100E+02    2.39288E-01    7.87188E-01
    2.59200E+02    2.38243E-01    7.88011E-01
    2.59300E+02    2.37670E-01    7.88463E-01
    2.59400E+02    2.37400E-01    7.88676E-01
    2.59500E+02    2.37435E-01    7.88648E-01
    2.59600E+02    2.37199E-01    7.88834E-01
    2.59700E+02    2.37200E-01    7.88834E-01
    2.59800E+02    2.37262E-01    7.88785E-01
    2.59900E+02    2.37369E-01    7.88700E-01
    2.60000E+02    2.37562E-01    7.88548E-01
    2.60100E+02    2.37669E-01    7.88463E-01
    2.60200E+02    2.37770E-01    7.88384E-01
    2.60300E+02    2.37924E-01    7.88262E-01
    2.60400E+02    2.38107E-01    7.88119E-01
    2.60500E+02    2.38324E-01    7.87948E-01
    2.60600E+02    2.38547E-01    7.87772E-01
    2.60700E+02    2.38803E-01    7.87570E-01
    2.60800E+02    2.39705E-01    7.86860E-01
    2.60900E+02    2.39270E-01    7.87202E-01
    2.61000E+02    2.39334E-01    7.87152E-01
    2.61100E+02    2.39572E-01    7.86965E-01
    2.61200E+02    2.39736E-01    7.86835E-01
    2.61300E+02    2.39959E-01    7.86660E-01
    2.61400E+02    2.40187E-01    7.86481E-01
    2.61500E+02    2.40421E-01    7.86297E-01
    2.61600E+02    2.40673E-01    7.86098E-01
    2.61700E+02    2.40955E-01    7.85877E-01
    2.61800E+02    2.41226E-01    7.85664E-01
    2.61900E+02    2.41490E-01    7.85456E-01
    2.62000E+02    2.41807E-01    7.85208E-01
    2.62100E+02    2.42120E-01    7.84962E-01
    2.62200E+02    2.42462E-01    7.84693E-01
    2.62300E+02    2.42877E-01    7.84368E-01
    2.62400E+02    2.43401E-01    7.83957E-01
    2.62500E+02    2.44150E-01    7.83370E-01
    2.62600E+02    2.45090E-01    7.82634E-01
    2.62700E+02    2.47206E-01    7.80980E-01
    2.62800E+02    2.54960E-01    7.74947E-01
    2.62900E+02    2.58838E-01    7.71948E-01
    2.63000E+02    2.49297E-01    7.79349E-01
    2.63100E+02    2.48170E-01    7.80228E-01
    2.63200E+02    2.50120E-01    7.78707E-01
    2.63300E+02    2.49531E-01    7.79166E-01
    2.63400E+02    2.51796E-01    7.77403E-01
    2.63500E+02    2.57388E-01    7.73068E-01
    2.63600E+02    2.75644E-01    7.59083E-01
    2.63700E+02    3.95606E-01    6.73272E-01
    2.63800E+02    2.72954E-01    7.61128E-01
    2.63900E+02    2.63967E-01    7.67999E-01
    2.64000E+02    2.53628E-01    7.75980E-01
    2.64100E+02    2.51038E-01    7.77993E-01
    2.64200E+02    2.49953E-01    7.78838E-01
    2.64300E+02    2.49495E-01    7.79194E-01
    2.64400E+02    2.49354E-01    7.79304E-01
    2.64500E+02    2.49491E-01    7.79198E-01
    2.64600E+02    2.49895E-01    7.78883E-01
    2.64700E+02    2.50694E-01    7.78261E-01
    2.64800E+02    2.52727E-01    7.76680E-01
    2.64900E+02    2.63831E-01    7.68103E-01
    2.65000E+02    2.55984E-01    7.74154E-01
    2.65100E+02    2.52178E-01    7.77106E-01
    2.65200E+02    2.51334E-01    7.77763E-01
    2.65300E+02    2.51138E-01    7.77915E-01
    2.65400E+02    2.51192E-01    7.77873E-01
    2.65500E+02    2.51367E-01    7.77737E-01
    2.65600E+02    2.51617E-01    7.77542E-01
    2.65700E+02    2.51868E-01    7.77348E-01
    2.65800E+02    2.52160E-01    7.77121E-01
    2.65900E+02    2.52453E-01    7.76893E-01
    2.66000E+02    2.52749E-01    7.76663E-01
    2.66100E+02    2.53070E-01    7.76414E-01
    2.66200E+02    2.53410E-01    7.76150E-01
    2.66300E+02    2.53615E-01    7.75991E-01
    2.66400E+02    2.53892E-01    7.75776E-01
    2.66500E+02    2.54216E-01    7.75524E-01
    2.66600E+02    2.54611E-01    7.75218E-01
    2.66700E+02    2.55140E-01    7.74808E-01
    2.66800E+02    2.55905E-01    7.74216E-01
    2.66900E+02    2.57166E-01    7.73240E-01
    2.67000E+02    2.59448E-01    7.71477E-01
    2.67100E+02    2.64883E-01    7.67296E-01
    2.67200E+02    2.85070E-01    7.51962E-01
    2.67300E+02    3.07905E-01    7.34985E-01
    2.67400E+02    2.68849E-01    7.64259E-01
    2.67500E+02    2.61271E-01    7.70072E-01
    2.67600E+02    2.58548E-01    7.72172E-01
    2.67700E+02    2.57301E-01    7.73135E-01
    2.67800E+02    2.56675E-01    7.73620E-01
    2.67900E+02    2.56350E-01    7.73871E-01
    2.68000E+02    2.56199E-01    7.73988E-01
    2.68100E+02    2.56182E-01    7.74001E-01
    2.68200E+02    2.56530E-01    7.73732E-01
    2.68300E+02    2.56265E-01    7.73937E-01
    2.68400E+02    2.56351E-01    7.73870E-01
    2.68500E+02    2.56553E-01    7.73714E-01
    2.68600E+02    2.57106E-01    7.73287E-01
    2.68700E+02    2.57587E-01    7.72915E-01
    2.68800E+02    2.56973E-01    7.73389E-01
    2.68900E+02    2.57019E-01    7.73354E-01
    2.69000E+02    2.57146E-01    7.73255E-01
    2.69100E+02    2.57309E-01    7.73129E-01
    2.69200E+02    2.57480E-01    7.72997E-01
    2.69300E+02    2.57664E-01    7.72855E-01
    2.69400E+02    2.57856E-01    7.72706E-01
    2.69500E+02    2.58069E-01    7.72542E-01
    2.69600E+02    2.58263E-01    7.72392E-01
    2.69700E+02    2.58464E-01    7.72237E-01
    2.69800E+02    2.58683E-01    7.72067E-01
    2.69900E+02    2.58900E-01    7.71900E-01
    2.70000E+02    2.59123E-01    7.71728E-01
    2.70100E+02    2.59374E-01    7.71534E-01
    2.70200E+02    2.59572E-01    7.71381E-01
    2.70300E+02    2.59815E-01    7.71194E-01
    2.70400E+02    2.60083E-01    7.70987E-01
    2.70500E+02    2.60371E-01    7.70766E-01
    2.70600E+02    2.60560E-01    7.70620E-01
    2.70700E+02    2.60903E-01    7.70356E-01
    2.70800E+02    2.61169E-01    7.70151E-01
    2.70900E+02    2.61572E-01    7.69840E-01
    2.71000E+02    2.61978E-01    7.69528E-01
    2.71100E+02    2.64549E-01    7.67552E-01
    2.71200E+02    2.62378E-01    7.69220E-01
    2.71300E+02    2.62536E-01    7.69098E-01
    2.71400E+02    2.62598E-01    7.69051E-01
    2.71500E+02    2.62828E-01    7.68874E-01
    2.71600E+02    2.63102E-01    7.68663E-01
    2.71700E+02    2.63419E-01    7.68420E-01
    2.71800E+02    2.63816E-01    7.68115E-01
    2.71900E+02    2.64808E-01    7.67354E-01
    2.72000E+02    2.64644E-01    7.67479E-01
    2.72100E+02    2.64803E-01    7.67357E-01
    2.72200E+02    2.65180E-01    7.67068E-01
    2.72300E+02    2.65653E-01    7.66705E-01
    2.72400E+02    2.66252E-01    7.66246E-01
    2.72500E+02    2.67035E-01    7.65646E-01
    2.72600E+02    2.68124E-01    7.64813E-01
    2.72700E+02    2.69877E-01    7.63474E-01
    2.72800E+02    2.73083E-01    7.61030E-01
    2.72900E+02    2.80901E-01    7.55103E-01
    2.73000E+02    3.14175E-01    7.30391E-01
    2.73100E+02    3.15940E-01    7.29103E-01
    2.73200E+02    2.81983E-01    7.54287E-01
    2.73300E+02    2.74607E-01    7.59871E-01
    2.73400E+02    2.71839E-01    7.61977E-01
    2.73500E+02    2.70669E-01    7.62869E-01
    2.73600E+02    2.70173E-01    7.63247E-01
    2.73700E+02    2.70017E-01    7.63367E-01
    2.73800E+02    2.70134E-01    7.63277E-01
    2.73900E+02    2.70541E-01    7.62967E-01
    2.74000E+02    2.70982E-01    7.62630E-01
    2.74100E+02    2.71740E-01    7.62053E-01
    2.74200E+02    2.73260E-01    7.60895E-01
    2.74300E+02    2.76688E-01    7.58291E-01
    2.74400E+02    2.88294E-01    7.49541E-01
    2.74500E+02    3.18390E-01    7.27319E-01
    2.74600E+02    2.81650E-01    7.54537E-01
    2.74700E+02    2.75667E-01    7.59066E-01
    2.74800E+02    2.73688E-01    7.60570E-01
    2.74900E+02    2.72897E-01    7.61171E-01
    2.75000E+02    2.72616E-01    7.61385E-01
    2.75100E+02    2.72480E-01    7.61488E-01
    2.75200E+02    2.72575E-01    7.61417E-01
    2.75300E+02    2.72545E-01    7.61439E-01
    2.75400E+02    2.72661E-01    7.61351E-01
    2.75500E+02    2.72806E-01    7.61241E-01
    2.75600E+02    2.72981E-01    7.61107E-01
    2.75700E+02    2.73198E-01    7.60942E-01
    2.75800E+02    2.73428E-01    7.60767E-01
    2.75900E+02    2.73690E-01    7.60568E-01
    2.76000E+02    2.73923E-01    7.60391E-01
    2.76100E+02    2.74203E-01    7.60177E-01
    2.76200E+02    2.74512E-01    7.59943E-01
    2.76300E+02    2.74866E-01    7.59674E-01
    2.76400E+02    2.75268E-01    7.59369E-01
    2.76500E+02    2.75779E-01    7.58981E-01
    2.76600E+02    2.76502E-01    7.58432E-01
    2.76700E+02    2.77767E-01    7.57473E-01
    2.76800E+02    2.80888E-01    7.55113E-01
    2.76900E+02    2.98262E-01    7.42107E-01
    2.77000E+02    2.85302E-01    7.51787E-01
    2.77100E+02    2.79863E-01    7.55887E-01
    2.77200E+02    2.78441E-01    7.56963E-01
    2.77300E+02    2.78013E-01    7.57287E-01
    2.77400E+02    2.77964E-01    7.57324E-01
    2.77500E+02    2.78054E-01    7.57256E-01
    2.77600E+02    2.78152E-01    7.57182E-01
    2.77700E+02    2.78321E-01    7.57054E-01
    2.77800E+02    2.78557E-01    7.56875E-01
    2.77900E+02    2.78936E-01    7.56589E-01
    2.78000E+02    2.79092E-01    7.56470E-01
    2.78100E+02    2.79358E-01    7.56269E-01
    2.78200E+02    2.79556E-01    7.56119E-01
    2.78300E+02    2.79872E-01    7.55880E-01
    2.78400E+02    2.80370E-01    7.55504E-01
    2.78500E+02    2.81638E-01    7.54547E-01
    2.78600E+02    2.81030E-01    7.55006E-01
    2.78700E+02    2.81077E-01    7.54970E-01
    2.78800E+02    2.81349E-01    7.54765E-01
    2.78900E+02    2.81715E-01    7.54489E-01
    2.79000E+02    2.82173E-01    7.54143E-01
    2.79100E+02    2.82780E-01    7.53685E-01
    2.79200E+02    2.83766E-01    7.52943E-01
    2.79300E+02    2.86013E-01    7.51253E-01
    2.79400E+02    2.90042E-01    7.48232E-01
    2.79500E+02    3.08086E-01    7.34852E-01
    2.79600E+02    2.88760E-01    7.49192E-01
    2.79700E+02    2.86505E-01    7.50883E-01
    2.79800E+02    2.87158E-01    7.50393E-01
    2.79900E+02    2.97084E-01    7.42982E-01
    2.80000E+02    2.86695E-01    7.50741E-01
    2.80100E+02    2.85627E-01    7.51543E-01
    2.80200E+02    2.85440E-01    7.51683E-01
    2.80300E+02    2.85491E-01    7.51645E-01
    2.80400E+02    2.85645E-01    7.51530E-01
    2.80500E+02    2.85843E-01    7.51381E-01
    2.80600E+02    2.86083E-01    7.51201E-01
    2.80700E+02    2.86364E-01    7.50989E-01
    2.80800E+02    2.86725E-01    7.50718E-01
    2.80900E+02    2.87490E-01    7.50144E-01
    2.81000E+02    2.90209E-01    7.48107E-01
    2.81100E+02    2.87800E-01    7.49912E-01
    2.81200E+02    2.87990E-01    7.49769E-01
    2.81300E+02    2.88064E-01    7.49713E-01
    2.81400E+02    2.88431E-01    7.49438E-01
    2.81500E+02    2.89358E-01    7.48744E-01
    2.81600E+02    2.89119E-01    7.48923E-01
    2.81700E+02    2.89171E-01    7.48884E-01
    2.81800E+02    2.89446E-01    7.48678E-01
    2.81900E+02    2.89876E-01    7.48357E-01
    2.82000E+02    2.90383E-01    7.47977E-01
    2.82100E+02    2.90463E-01    7.47917E-01
    2.82200E+02    2.90774E-01    7.47685E-01
    2.82300E+02    2.91190E-01    7.47373E-01
    2.82400E+02    2.91528E-01    7.47121E-01
    2.82500E+02    2.92095E-01    7.46698E-01
    2.82600E+02    2.92984E-01    7.46034E-01
    2.82700E+02    2.94934E-01    7.44581E-01
    2.82800E+02    3.03764E-01    7.38035E-01
    2.82900E+02    2.99872E-01    7.40913E-01
    2.83000E+02    2.95208E-01    7.44377E-01
    2.83100E+02    2.94289E-01    7.45061E-01
    2.83200E+02    2.94105E-01    7.45198E-01
    2.83300E+02    2.94144E-01    7.45169E-01
    2.83400E+02    2.94341E-01    7.45022E-01
    2.83500E+02    2.94536E-01    7.44877E-01
    2.83600E+02    2.94778E-01    7.44697E-01
    2.83700E+02    2.95054E-01    7.44492E-01
    2.83800E+02    2.95349E-01    7.44272E-01
    2.83900E+02    2.95658E-01    7.44042E-01
    2.84000E+02    2.95998E-01    7.43789E-01
    2.84100E+02    2.96311E-01    7.43556E-01
    2.84200E+02    2.96649E-01    7.43305E-01
    2.84300E+02    2.97043E-01    7.43012E-01
    2.84400E+02    2.97866E-01    7.42401E-01
    2.84500E+02    2.97782E-01    7.42463E-01
    2.84600E+02    2.98253E-01    7.42114E-01
    2.84700E+02    2.98527E-01    7.41910E-01
    2.84800E+02    2.98983E-01    7.41572E-01
    2.84900E+02    2.99422E-01    7.41247E-01
    2.85000E+02    2.99870E-01    7.40915E-01
    2.85100E+02    3.00406E-01    7.40518E-01
    2.85200E+02    3.01018E-01    7.40064E-01
    2.85300E+02    3.01731E-01    7.39537E-01
    2.85400E+02    3.02596E-01    7.38898E-01
    2.85500E+02    3.03698E-01    7.38084E-01
    2.85600E+02    3.05262E-01    7.36930E-01
    2.85700E+02    3.07369E-01    7.35379E-01
    2.85800E+02    3.11050E-01    7.32677E-01
    2.85900E+02    3.18518E-01    7.27226E-01
    2.86000E+02    3.39696E-01    7.11986E-01
    2.86100E+02    4.33237E-01    6.48407E-01
    2.86200E+02    3.87564E-01    6.78708E-01
    2.86300E+02    3.83538E-01    6.81446E-01
    2.86400E+02    3.24972E-01    7.22547E-01
    2.86500E+02    3.14955E-01    7.29822E-01
    2.86600E+02    3.11046E-01    7.32680E-01
    2.86700E+02    3.09165E-01    7.34060E-01
    2.86800E+02    3.08182E-01    7.34782E-01
    2.86900E+02    3.07687E-01    7.35146E-01
    2.87000E+02    3.07522E-01    7.35267E-01
    2.87100E+02    3.07328E-01    7.35409E-01
    2.87200E+02    3.07344E-01    7.35398E-01
    2.87300E+02    3.07456E-01    7.35315E-01
    2.87400E+02    3.07633E-01    7.35185E-01
    2.87500E+02    3.07864E-01    7.35015E-01
    2.87600E+02    3.08138E-01    7.34814E-01
    2.87700E+02    3.08451E-01    7.34584E-01
    2.87800E+02    3.08812E-01    7.34319E-01
    2.87900E+02    3.09219E-01    7.34020E-01
    2.88000E+02    3.09689E-01    7.33675E-01
    2.88100E+02    3.10231E-01    7.33278E-01
    2.88200E+02    3.10890E-01    7.32794E-01
    2.88300E+02    3.11791E-01    7.32135E-01
    2.88400E+02    3.12766E-01    7.31421E-01
    2.88500E+02    3.14232E-01    7.30350E-01
    2.88600E+02    3.16606E-01    7.28618E-01
    2.88700E+02    3.21019E-01    7.25410E-01
    2.88800E+02    3.31492E-01    7.17852E-01
    2.88900E+02    3.72253E-01    6.89180E-01
    2.89000E+02    3.97107E-01    6.72262E-01
    2.89100E+02    3.36317E-01    7.14396E-01
    2.89200E+02    3.23936E-01    7.23297E-01
    2.89300E+02    3.19434E-01    7.26560E-01
    2.89400E+02    3.17414E-01    7.28029E-01
    2.89500E+02    3.16426E-01    7.28749E-01
    2.89600E+02    3.15942E-01    7.29102E-01
    2.89700E+02    3.15746E-01    7.29244E-01
    2.89800E+02    3.15797E-01    7.29208E-01
    2.89900E+02    3.15926E-01    7.29113E-01
    2.90000E+02    3.16080E-01    7.29001E-01
    2.90100E+02    3.16103E-01    7.28984E-01
    2.90200E+02    3.16302E-01    7.28839E-01
    2.90300E+02    3.16556E-01    7.28654E-01
    2.90400E+02    3.16860E-01    7.28433E-01
    2.90500E+02    3.17230E-01    7.28163E-01
    2.90600E+02    3.17614E-01    7.27884E-01
    2.90700E+02    3.18105E-01    7.27526E-01
    2.90800E+02    3.18898E-01    7.26950E-01
    2.90900E+02    3.21038E-01    7.25396E-01
    2.91000E+02    3.25679E-01    7.22037E-01
    2.91100E+02    3.20570E-01    7.25735E-01
    2.91200E+02    3.20082E-01    7.26090E-01
    2.91300E+02    3.20308E-01    7.25925E-01
    2.91400E+02    3.20500E-01    7.25786E-01
    2.91500E+02    3.20692E-01    7.25647E-01
    2.91600E+02    3.21149E-01    7.25315E-01
    2.91700E+02    3.23899E-01    7.23323E-01
    2.91800E+02    3.21829E-01    7.24822E-01
    2.91900E+02    3.22059E-01    7.24656E-01
    2.92000E+02    3.22418E-01    7.24395E-01
    2.92100E+02    3.22836E-01    7.24093E-01
    2.92200E+02    3.23294E-01    7.23761E-01
    2.92300E+02    3.23794E-01    7.23399E-01
    2.92400E+02    3.24376E-01    7.22978E-01
    2.92500E+02    3.25234E-01    7.22358E-01
    2.92600E+02    3.25899E-01    7.21878E-01
    2.92700E+02    3.26726E-01    7.21282E-01
    2.92800E+02    3.28102E-01    7.20290E-01
    2.92900E+02    3.30440E-01    7.18608E-01
    2.93000E+02    3.35470E-01    7.15002E-01
    2.93100E+02    3.52578E-01    7.02874E-01
    2.93200E+02    3.80406E-01    6.83584E-01
    2.93300E+02    3.41832E-01    7.10468E-01
    2.93400E+02    3.36317E-01    7.14397E-01
    2.93500E+02    3.40364E-01    7.11511E-01
    2.93600E+02    3.38977E-01    7.12499E-01
    2.93700E+02    3.32725E-01    7.16968E-01
    2.93800E+02    3.31289E-01    7.17997E-01
    2.93900E+02    3.30822E-01    7.18333E-01
    2.94000E+02    3.30736E-01    7.18395E-01
    2.94100E+02    3.30827E-01    7.18329E-01
    2.94200E+02    3.31025E-01    7.18187E-01
    2.94300E+02    3.31276E-01    7.18007E-01
    2.94400E+02    3.31573E-01    7.17794E-01
    2.94500E+02    3.31908E-01    7.17553E-01
    2.94600E+02    3.32343E-01    7.17241E-01
    2.94700E+02    3.32604E-01    7.17054E-01
    2.94800E+02    3.32987E-01    7.16780E-01
    2.94900E+02    3.33363E-01    7.16510E-01
    2.95000E+02    3.33757E-01    7.16228E-01
    2.95100E+02    3.34153E-01    7.15944E-01
    2.95200E+02    3.34591E-01    7.15630E-01
    2.95300E+02    3.35163E-01    7.15222E-01
    2.95400E+02    3.35587E-01    7.14918E-01
    2.95500E+02    3.35961E-01    7.14651E-01
    2.95600E+02    3.36281E-01    7.14422E-01
    2.95700E+02    3.36719E-01    7.14110E-01
    2.95800E+02    3.37270E-01    7.13716E-01
    2.95900E+02    3.37643E-01    7.13450E-01
    2.96000E+02    3.38176E-01    7.13070E-01
    2.96100E+02    3.38831E-01    7.12603E-01
    2.96200E+02    3.39076E-01    7.12428E-01
    2.96300E+02    3.39567E-01    7.12079E-01
    2.96400E+02    3.40379E-01    7.11501E-01
    2.96500E+02    3.40590E-01    7.11350E-01
    2.96600E+02    3.41103E-01    7.10986E-01
    2.96700E+02    3.41661E-01    7.10589E-01
    2.96800E+02    3.42290E-01    7.10142E-01
    2.96900E+02    3.42884E-01    7.09721E-01
    2.97000E+02    3.43614E-01    7.09202E-01
    2.97100E+02    3.44808E-01    7.08356E-01
    2.97200E+02    3.46736E-01    7.06992E-01
    2.97300E+02    3.45775E-01    7.07672E-01
    2.97400E+02    3.46450E-01    7.07194E-01
    2.97500E+02    3.46956E-01    7.06837E-01
    2.97600E+02    3.47719E-01    7.06298E-01
    2.97700E+02    3.48600E-01    7.05675E-01
    2.97800E+02    3.49591E-01    7.04977E-01
    2.97900E+02    3.50715E-01    7.04184E-01
    2.98000E+02    3.52013E-01    7.03271E-01
    2.98100E+02    3.53572E-01    7.02175E-01
    2.98200E+02    3.55537E-01    7.00797E-01
    2.98300E+02    3.58408E-01    6.98788E-01
    2.98400E+02    3.63049E-01    6.95552E-01
    2.98500E+02    3.67169E-01    6.92692E-01
    2.98600E+02    3.61908E-01    6.96347E-01
    2.98700E+02    3.58949E-01    6.98410E-01
    2.98800E+02    3.58169E-01    6.98955E-01
    2.98900E+02    3.57091E-01    6.99709E-01
    2.99000E+02    3.56631E-01    7.00030E-01
    2.99100E+02    3.56423E-01    7.00176E-01
    2.99200E+02    3.56383E-01    7.00204E-01
    2.99300E+02    3.56532E-01    7.00100E-01
    2.99400E+02    3.57094E-01    6.99707E-01
    2.99500E+02    3.59818E-01    6.97803E-01
    2.99600E+02    3.57394E-01    6.99497E-01
    2.99700E+02    3.57630E-01    6.99332E-01
    2.99800E+02    3.57701E-01    6.99282E-01
    2.99900E+02    3.58075E-01    6.99021E-01
    3.00000E+02    3.58546E-01    6.98692E-01
    3.00100E+02    3.59190E-01    6.98242E-01
    3.00200E+02    3.59822E-01    6.97800E-01
    3.00300E+02    3.60630E-01    6.97237E-01
    3.00400E+02    3.61849E-01    6.96387E-01
    3.00500E+02    3.64062E-01    6.94848E-01
    3.00600E+02    3.70285E-01    6.90538E-01
    3.00700E+02    3.93804E-01    6.74486E-01
    3.00800E+02    3.69045E-01    6.91394E-01
    3.00900E+02    3.66254E-01    6.93327E-01
    3.01000E+02    3.65919E-01    6.93559E-01
    3.01100E+02    3.66338E-01    6.93269E-01
    3.01200E+02    3.67279E-01    6.92616E-01
    3.01300E+02    3.68824E-01    6.91547E-01
    3.01400E+02    3.71238E-01    6.89880E-01
    3.01500E+02    3.75369E-01    6.87036E-01
    3.01600E+02    3.83819E-01    6.81255E-01
    3.01700E+02    4.07696E-01    6.65181E-01
    3.01800E+02    5.73892E-01    5.63329E-01
    3.01900E+02    4.22979E-01    6.55092E-01
    3.02000E+02    3.89784E-01    6.77203E-01
    3.02100E+02    3.80317E-01    6.83645E-01
    3.02200E+02    3.76608E-01    6.86185E-01
    3.02300E+02    3.75040E-01    6.87262E-01
    3.02400E+02    3.74497E-01    6.87635E-01
    3.02500E+02    3.74625E-01    6.87547E-01
    3.02600E+02    3.75107E-01    6.87216E-01
    3.02700E+02    3.76013E-01    6.86593E-01
    3.02800E+02    3.77661E-01    6.85463E-01
    3.02900E+02    3.80778E-01    6.83330E-01
    3.03000E+02    3.88006E-01    6.78409E-01
    3.03100E+02    4.13723E-01    6.61184E-01
    3.03200E+02    4.39185E-01    6.44562E-01
    3.03300E+02    3.93339E-01    6.74800E-01
    3.03400E+02    3.84650E-01    6.80689E-01
    3.03500E+02    3.81892E-01    6.82569E-01
    3.03600E+02    3.81103E-01    6.83108E-01
    3.03700E+02    3.80416E-01    6.83577E-01
    3.03800E+02    3.80436E-01    6.83563E-01
    3.03900E+02    3.80736E-01    6.83358E-01
    3.04000E+02    3.81134E-01    6.83086E-01
    3.04100E+02    3.81647E-01    6.82736E-01
    3.04200E+02    3.82245E-01    6.82328E-01
    3.04300E+02    3.82914E-01    6.81872E-01
    3.04400E+02    3.83655E-01    6.81367E-01
    3.04500E+02    3.84477E-01    6.80806E-01
    3.04600E+02    3.85417E-01    6.80167E-01
    3.04700E+02    3.86574E-01    6.79380E-01
    3.04800E+02    3.88652E-01    6.77970E-01
    3.04900E+02    3.88260E-01    6.78236E-01
    3.05000E+02    3.88237E-01    6.78251E-01
    3.05100E+02    3.88574E-01    6.78023E-01
    3.05200E+02    3.88971E-01    6.77754E-01
    3.05300E+02    3.89472E-01    6.77415E-01
    3.05400E+02    3.90029E-01    6.77037E-01
    3.05500E+02    3.90628E-01    6.76632E-01
    3.05600E+02    3.91262E-01    6.76203E-01
    3.05700E+02    3.91919E-01    6.75759E-01
    3.05800E+02    3.92601E-01    6.75298E-01
    3.05900E+02    3.93318E-01    6.74814E-01
    3.06000E+02    3.94061E-01    6.74313E-01
    3.06100E+02    3.94766E-01    6.73838E-01
    3.06200E+02    3.95518E-01    6.73331E-01
    3.06300E+02    3.96283E-01    6.72817E-01
    3.06400E+02    3.97071E-01    6.72286E-01
    3.06500E+02    3.97854E-01    6.71760E-01
    3.06600E+02    3.98663E-01    6.71217E-01
    3.06700E+02    3.99487E-01    6.70664E-01
    3.06800E+02    4.00334E-01    6.70096E-01
    3.06900E+02    4.01266E-01    6.69472E-01
    3.07000E+02    4.02077E-01    6.68929E-01
    3.07100E+02    4.02915E-01    6.68369E-01
    3.07200E+02    4.03811E-01    6.67770E-01
    3.07300E+02    4.04984E-01    6.66988E-01
    3.07400E+02    4.05984E-01    6.66321E-01
    3.07500E+02    4.07087E-01    6.65586E-01
    3.07600E+02    4.07811E-01    6.65104E-01
    3.07700E+02    4.08706E-01    6.64509E-01
    3.07800E+02    4.09657E-01    6.63878E-01
    3.07900E+02    4.10638E-01    6.63227E-01
    3.08000E+02    4.11629E-01    6.62570E-01
    3.08100E+02    4.12642E-01    6.61899E-01
    3.08200E+02    4.13683E-01    6.61211E-01
    3.08300E+02    4.14752E-01    6.60504E-01
    3.08400E+02    4.15883E-01    6.59757E-01
    3.08500E+02    4.17287E-01    6.58832E-01
    3.08600E+02    4.18801E-01    6.57835E-01
    3.08700E+02    4.19270E-01    6.57527E-01
    3.08800E+02    4.20434E-01    6.56762E-01
    3.08900E+02    4.21630E-01    6.55977E-01
    3.09000E+02    4.22615E-01    6.55331E-01
    3.09100E+02    4.23798E-01    6.54556E-01
    3.09200E+02    4.25076E-01    6.53720E-01
    3.09300E+02    4.26371E-01    6.52874E-01
    3.09400E+02    4.27820E-01    6.51929E-01
    3.09500E+02    4.28990E-01    6.51166E-01
    3.09600E+02    4.30426E-01    6.50232E-01
    3.09700E+02    4.32040E-01    6.49183E-01
    3.09800E+02    4.34033E-01    6.47891E-01
    3.09900E+02    4.36928E-01    6.46018E-01
    3.10000E+02    4.44454E-01    6.41174E-01
    3.10100E+02    4.51368E-01    6.36756E-01
    3.10200E+02    4.41871E-01    6.42832E-01
    3.10300E+02    4.41228E-01    6.43246E-01
    3.10400E+02    4.41753E-01    6.42908E-01
    3.10500E+02    4.42780E-01    6.42249E-01
    3.10600E+02    4.43968E-01    6.41486E-01
    3.10700E+02    4.45251E-01    6.40663E-01
    3.10800E+02    4.46592E-01    6.39805E-01
    3.10900E+02    4.47976E-01    6.38920E-01
    3.11000E+02    4.49405E-01    6.38008E-01
    3.11100E+02    4.50924E-01    6.37039E-01
    3.11200E+02    4.52376E-01    6.36115E-01
    3.11300E+02    4.53855E-01    6.35175E-01
    3.11400E+02    4.55397E-01    6.34196E-01
    3.11500E+02    4.56994E-01    6.33184E-01
    3.11600E+02    4.58711E-01    6.32098E-01
    3.11700E+02    4.60362E-01    6.31055E-01
    3.11800E+02    4.61993E-01    6.30027E-01
    3.11900E+02    4.63696E-01    6.28955E-01
    3.12000E+02    4.65476E-01    6.27836E-01
    3.12100E+02    4.67304E-01    6.26690E-01
    3.12200E+02    4.69178E-01    6.25516E-01
    3.12300E+02    4.71104E-01    6.24313E-01
    3.12400E+02    4.73082E-01    6.23079E-01
    3.12500E+02    4.75161E-01    6.21785E-01
    3.12600E+02    4.77252E-01    6.20486E-01
    3.12700E+02    4.79293E-01    6.19221E-01
    3.12800E+02    4.81464E-01    6.17878E-01
    3.12900E+02    4.83956E-01    6.16340E-01
    3.13000E+02    4.85951E-01    6.15112E-01
    3.13100E+02    4.88234E-01    6.13709E-01
    3.13200E+02    4.90524E-01    6.12306E-01
    3.13300E+02    4.92920E-01    6.10840E-01
    3.13400E+02    4.95388E-01    6.09335E-01
    3.13500E+02    4.97951E-01    6.07775E-01
    3.13600E+02    5.00694E-01    6.06110E-01
    3.13700E+02    5.02978E-01    6.04727E-01
    3.13800E+02    5.05567E-01    6.03164E-01
    3.13900E+02    5.08266E-01    6.01538E-01
    3.14000E+02    5.11551E-01    5.99565E-01
    3.14100E+02    5.13610E-01    5.98332E-01
    3.14200E+02    5.16328E-01    5.96708E-01
    3.14300E+02    5.19160E-01    5.95020E-01
    3.14400E+02    5.22081E-01    5.93285E-01
    3.14500E+02    5.25089E-01    5.91503E-01
    3.14600E+02    5.28196E-01    5.89668E-01
    3.14700E+02    5.31408E-01    5.87777E-01
    3.14800E+02    5.34739E-01    5.85822E-01
    3.14900E+02    5.38199E-01    5.83799E-01
    3.15000E+02    5.41814E-01    5.81692E-01
    3.15100E+02    5.45638E-01    5.79472E-01
    3.15200E+02    5.49607E-01    5.77177E-01
    3.15300E+02    5.53882E-01    5.74714E-01
    3.15400E+02    5.58579E-01    5.72021E-01
    3.15500E+02    5.63968E-01    5.68947E-01
    3.15600E+02    5.70723E-01    5.65117E-01
    3.15700E+02    5.81095E-01    5.59286E-01
    3.15800E+02    6.07320E-01    5.44809E-01
    3.15900E+02    6.61240E-01    5.16211E-01
    3.16000E+02    6.05318E-01    5.45901E-01
    3.16100E+02    6.04441E-01    5.46380E-01
    3.16200E+02    6.18460E-01    5.38774E-01
    3.16300E+02    6.91967E-01    5.00590E-01
    3.16400E+02    6.46514E-01    5.23869E-01
    3.16500E+02    6.24472E-01    5.35544E-01
    3.16600E+02    6.24104E-01    5.35741E-01
    3.16700E+02    6.34156E-01    5.30383E-01
    3.16800E+02    6.29534E-01    5.32840E-01
    3.16900E+02    6.33656E-01    5.30648E-01
    3.17000E+02    6.39617E-01    5.27494E-01
    3.17100E+02    6.47901E-01    5.23143E-01
    3.17200E+02    6.71490E-01    5.10947E-01
    3.17300E+02    6.60452E-01    5.16618E-01
    3.17400E+02    6.65336E-01    5.14101E-01
    3.17500E+02    6.71978E-01    5.10697E-01
    3.17600E+02    6.79357E-01    5.06943E-01
    3.17700E+02    6.87243E-01    5.02961E-01
    3.17800E+02    6.95528E-01    4.98811E-01
    3.17900E+02    7.04197E-01    4.94506E-01
    3.18000E+02    7.13281E-01    4.90034E-01
    3.18100E+02    7.22851E-01    4.85367E-01
    3.18200E+02    7.32755E-01    4.80583E-01
    3.18300E+02    7.43177E-01    4.75601E-01
    3.18400E+02    7.54091E-01    4.70438E-01
    3.18500E+02    7.65575E-01    4.65066E-01
    3.18600E+02    7.77490E-01    4.59558E-01
    3.18700E+02    7.90073E-01    4.53812E-01
    3.18800E+02    8.03286E-01    4.47855E-01
    3.18900E+02    8.17189E-01    4.41672E-01
    3.19000E+02    8.31807E-01    4.35262E-01
    3.19100E+02    8.47225E-01    4.28602E-01
    3.19200E+02    8.63620E-01    4.21633E-01
    3.19300E+02    8.80845E-01    4.14433E-01
    3.19400E+02    8.99262E-01    4.06870E-01
    3.19500E+02    9.18666E-01    3.99051E-01
    3.19600E+02    9.39728E-01    3.90734E-01
    3.19700E+02    9.63032E-01    3.81734E-01
    3.19800E+02    9.90425E-01    3.71419E-01
    3.19900E+02    1.03048E+00    3.56835E-01
    3.20000E+02    1.19167E+00    3.03713E-01
    3.20100E+02    1.07982E+00    3.39656E-01
    3.20200E+02    1.09272E+00    3.35304E-01
    3.20300E+02    1.11738E+00    3.27136E-01
    3.20400E+02    1.14632E+00    3.17804E-01
    3.20500E+02    1.17773E+00    3.07977E-01
    3.20600E+02    1.21126E+00    2.97820E-01
    3.20700E+02    1.24644E+00    2.87527E-01
    3.20800E+02    1.28314E+00    2.77167E-01
    3.20900E+02    1.32105E+00    2.66854E-01
    3.21000E+02    1.35999E+00    2.56664E-01
    3.21100E+02    1.39975E+00    2.46659E-01
    3.21200E+02    1.43996E+00    2.36938E-01
    3.21300E+02    1.48069E+00    2.27482E-01
    3.21400E+02    1.52245E+00    2.18176E-01
    3.21500E+02    1.56585E+00    2.08911E-01
    3.21600E+02    1.61122E+00    1.99645E-01
    3.21700E+02    1.65943E+00    1.90247E-01
    3.21800E+02    1.71103E+00    1.80680E-01
    3.21900E+02    1.76676E+00    1.70886E-01
    3.22000E+02    1.82937E+00    1.60515E-01
    3.22100E+02    1.89231E+00    1.50724E-01
    3.22200E+02    1.96213E+00    1.40558E-01
    3.22300E+02    2.03810E+00    1.30276E-01
    3.22400E+02    2.12086E+00    1.19929E-01
    3.22500E+02    2.21072E+00    1.09621E-01
    3.22600E+02    2.30825E+00    9.94354E-02
    3.22700E+02    2.41432E+00    8.94280E-02
    3.22800E+02    2.52909E+00    7.97318E-02
    3.22900E+02    2.65397E+00    7.03710E-02
    3.23000E+02    2.78962E+00    6.14448E-02
    3.23100E+02    2.93692E+00    5.30289E-02
    3.23200E+02    3.09685E+00    4.51912E-02
    3.23300E+02    3.27034E+00    3.79933E-02
    3.23400E+02    3.45846E+00    3.14781E-02
    3.23500E+02    3.66222E+00    2.56755E-02
    3.23600E+02    3.88264E+00    2.05963E-02
    3.23700E+02    4.12560E+00    1.61538E-02
    3.23800E+02    4.37529E+00    1.25844E-02
    3.23900E+02    4.64814E+00    9.57945E-03
    3.24000E+02    4.93920E+00    7.16032E-03
    3.24100E+02    5.24754E+00    5.26042E-03
    3.24200E+02    5.57210E+00    3.80250E-03
    3.24300E+02    5.90929E+00    2.71413E-03
    3.24400E+02    6.25572E+00    1.91944E-03
    3.24500E+02    6.60546E+00    1.35296E-03
    3.24600E+02    6.95104E+00    9.57638E-04
    3.24700E+02    7.28231E+00    6.87594E-04
    3.24800E+02    7.58671E+00    5.07145E-04
    3.24900E+02    7.84979E+00    3.89835E-04
    3.25000E+02    8.05366E+00    3.17937E-04
    3.25100E+02    8.17816E+00    2.80717E-04
    3.25200E+02    8.18651E+00    2.78383E-04
    3.25300E+02    8.07590E+00    3.10944E-04
    3.25400E+02    7.88453E+00    3.76524E-04
    3.25500E+02    7.63182E+00    4.84780E-04
    3.25600E+02    7.33616E+00    6.51549E-04
    3.25700E+02    7.01151E+00    9.01450E-04
    3.25800E+02    6.67153E+00    1.26646E-03
    3.25900E+02    6.32572E+00    1.78968E-03
    3.26000E+02    5.98219E+00    2.52329E-03
    3.26100E+02    5.64668E+00    3.52921E-03
    3.26200E+02    5.32323E+00    4.87697E-03
    3.26300E+02    5.01532E+00    6.63552E-03
    3.26400E+02    4.72547E+00    8.86651E-03
    3.26500E+02    4.45458E+00    1.16252E-02
    3.26600E+02    4.19916E+00    1.50081E-02
    3.26700E+02    3.96895E+00    1.88932E-02
    3.26800E+02    3.77627E+00    2.29080E-02
    3.26900E+02    3.84067E+00    2.14792E-02
    3.27000E+02    3.37920E+00    3.40746E-02
    3.27100E+02    3.17128E+00    4.19500E-02
    3.27200E+02    2.99770E+00    4.99017E-02
    3.27300E+02    2.84205E+00    5.83062E-02
    3.27400E+02    2.69999E+00    6.72062E-02
    3.27500E+02    2.56964E+00    7.65634E-02
    3.27600E+02    2.45009E+00    8.62862E-02
    3.27700E+02    2.34213E+00    9.61227E-02
    3.27800E+02    2.25164E+00    1.05227E-01
    3.27900E+02    2.15289E+00    1.16148E-01
    3.28000E+02    2.05352E+00    1.28282E-01
    3.28100E+02    1.96863E+00    1.39649E-01
    3.28200E+02    1.89118E+00    1.50894E-01
    3.28300E+02    1.81952E+00    1.62103E-01
    3.28400E+02    1.75295E+00    1.73262E-01
    3.28500E+02    1.69109E+00    1.84319E-01
    3.28600E+02    1.63323E+00    1.95299E-01
    3.28700E+02    1.57922E+00    2.06136E-01
    3.28800E+02    1.52880E+00    2.16795E-01
    3.28900E+02    1.48158E+00    2.27279E-01
    3.29000E+02    1.43737E+00    2.37552E-01
    3.29100E+02    1.39596E+00    2.47595E-01
    3.29200E+02    1.35696E+00    2.57443E-01
    3.29300E+02    1.32046E+00    2.67014E-01
    3.29400E+02    1.28587E+00    2.76409E-01
    3.29500E+02    1.25346E+00    2.85516E-01
    3.29600E+02    1.22303E+00    2.94337E-01
    3.29700E+02    1.19427E+00    3.02924E-01
    3.29800E+02    1.16794E+00    3.11006E-01
    3.29900E+02    1.14125E+00    3.19421E-01
    3.30000E+02    1.11680E+00    3.27326E-01
    3.30100E+02    1.09377E+00    3.34950E-01
    3.30200E+02    1.07200E+00    3.42324E-01
    3.30300E+02    1.05135E+00    3.49466E-01
    3.30400E+02    1.03179E+00    3.56367E-01
    3.30500E+02    1.01319E+00    3.63057E-01
    3.30600E+02    9.95587E-01    3.69506E-01
    3.30700E+02    9.78852E-01    3.75742E-01
    3.30800E+02    9.62906E-01    3.81782E-01
    3.30900E+02    9.47778E-01    3.87601E-01
    3.31000E+02    9.33424E-01    3.93205E-01
    3.31100E+02    9.19717E-01    3.98632E-01
    3.31200E+02    9.06638E-01    4.03880E-01
    3.31300E+02    8.94211E-01    4.08930E-01
    3.31400E+02    8.82377E-01    4.13798E-01
    3.31500E+02    8.71151E-01    4.18470E-01
    3.31600E+02    8.60464E-01    4.22966E-01
    3.31700E+02    8.50370E-01    4.27257E-01
    3.31800E+02    8.41443E-01    4.31088E-01
    3.31900E+02    8.31565E-01    4.35368E-01
    3.32000E+02    8.22915E-01    4.39150E-01
    3.32100E+02    8.15097E-01    4.42596E-01
    3.32200E+02    8.07739E-01    4.45865E-01
    3.32300E+02    8.01577E-01    4.48621E-01
    3.32400E+02    7.97291E-01    4.50548E-01
    3.32500E+02    7.97205E-01    4.50587E-01
    3.32600E+02    8.11302E-01    4.44279E-01
    3.32700E+02    9.76706E-01    3.76550E-01
    3.32800E+02    8.17033E-01    4.41740E-01
    3.32900E+02    8.25014E-01    4.38229E-01
    3.33000E+02    7.68761E-01    4.63587E-01
    3.33100E+02    7.53033E-01    4.70936E-01
    3.33200E+02    7.43430E-01    4.75480E-01
    3.33300E+02    7.35989E-01    4.79032E-01
    3.33400E+02    7.29659E-01    4.82073E-01
    3.33500E+02    7.23916E-01    4.84850E-01
    3.33600E+02    7.18688E-01    4.87391E-01
    3.33700E+02    7.13773E-01    4.89793E-01
    3.33800E+02    7.09188E-01    4.92043E-01
    3.33900E+02    7.04907E-01    4.94155E-01
    3.34000E+02    7.00806E-01    4.96185E-01
    3.34100E+02    6.96663E-01    4.98245E-01
    3.34200E+02    6.92836E-01    5.00156E-01
    3.34300E+02    6.89244E-01    5.01956E-01
    3.34400E+02    6.85761E-01    5.03707E-01
    3.34500E+02    6.82492E-01    5.05356E-01
    3.34600E+02    6.79370E-01    5.06936E-01
    3.34700E+02    6.76442E-01    5.08423E-01
    3.34800E+02    6.73668E-01    5.09835E-01
    3.34900E+02    6.71195E-01    5.11098E-01
    3.35000E+02    6.69186E-01    5.12125E-01
    3.35100E+02    6.68365E-01    5.12546E-01
    3.35200E+02    6.72373E-01    5.10496E-01
    3.35300E+02    6.81069E-01    5.06076E-01
    3.35400E+02    6.62492E-01    5.15565E-01
    3.35500E+02    6.57348E-01    5.18224E-01
    3.35600E+02    6.54183E-01    5.19866E-01
    3.35700E+02    6.51916E-01    5.21047E-01
    3.35800E+02    6.49043E-01    5.22545E-01
    3.35900E+02    6.47214E-01    5.23502E-01
    3.36000E+02    6.44645E-01    5.24849E-01
    3.36100E+02    6.42575E-01    5.25937E-01
    3.36200E+02    6.41024E-01    5.26753E-01
    3.36300E+02    6.38742E-01    5.27956E-01
    3.36400E+02    6.36911E-01    5.28924E-01
    3.36500E+02    6.35176E-01    5.29842E-01
    3.36600E+02    6.33531E-01    5.30714E-01
    3.36700E+02    6.31937E-01    5.31561E-01
    3.36800E+02    6.30423E-01    5.32367E-01
    3.36900E+02    6.28991E-01    5.33130E-01
    3.37000E+02    6.27597E-01    5.33873E-01
    3.37100E+02    6.26401E-01    5.34512E-01
    3.37200E+02    6.25125E-01    5.35194E-01
    3.37300E+02    6.23871E-01    5.35866E-01
    3.37400E+02    6.22705E-01    5.36491E-01
    3.37500E+02    6.21725E-01    5.37018E-01
    3.37600E+02    6.20988E-01    5.37413E-01
    3.37700E+02    6.19720E-01    5.38095E-01
    3.37800E+02    6.18511E-01    5.38746E-01
    3.37900E+02    6.17520E-01    5.39280E-01
    3.38000E+02    6.16612E-01    5.39770E-01
    3.38100E+02    6.15785E-01    5.40216E-01
    3.38200E+02    6.14978E-01    5.40653E-01
    3.38300E+02    6.14299E-01    5.41020E-01
    3.38400E+02    6.13578E-01    5.41410E-01
    3.38500E+02    6.12899E-01    5.41778E-01
    3.38600E+02    6.12416E-01    5.42040E-01
    3.38700E+02    6.13176E-01    5.41628E-01
    3.38800E+02    6.11450E-01    5.42563E-01
    3.38900E+02    6.10587E-01    5.43032E-01
    3.39000E+02    6.09947E-01    5.43379E-01
    3.39100E+02    6.09418E-01    5.43667E-01
    3.39200E+02    6.08949E-01    5.43922E-01
    3.39300E+02    6.08513E-01    5.44160E-01
    3.39400E+02    6.08115E-01    5.44376E-01
    3.39500E+02    6.07747E-01    5.44576E-01
    3.39600E+02    6.07411E-01    5.44760E-01
    3.39700E+02    6.07103E-01    5.44927E-01
    3.39800E+02    6.06838E-01    5.45071E-01
    3.39900E+02    6.06610E-01    5.45196E-01
    3.40000E+02    6.06349E-01    5.45338E-01
    3.40100E+02    6.06141E-01    5.45452E-01
    3.40200E+02    6.05965E-01    5.45547E-01
    3.40300E+02    6.05813E-01    5.45631E-01
    3.40400E+02    6.05692E-01    5.45697E-01
    3.40500E+02    6.05607E-01    5.45743E-01
    3.40600E+02    6.05625E-01    5.45733E-01
    3.40700E+02    6.05880E-01    5.45594E-01
    3.40800E+02    6.05460E-01    5.45823E-01
    3.40900E+02    6.05398E-01    5.45857E-01
    3.41000E+02    6.05388E-01    5.45863E-01
    3.41100E+02    6.05408E-01    5.45851E-01
    3.41200E+02    6.05456E-01    5.45826E-01
    3.41300E+02    6.05525E-01    5.45788E-01
    3.41400E+02    6.05618E-01    5.45737E-01
    3.41500E+02    6.05735E-01    5.45673E-01
    3.41600E+02    6.05874E-01    5.45597E-01
    3.41700E+02    6.06044E-01    5.45505E-01
    3.41800E+02    6.06270E-01    5.45381E-01
    3.41900E+02    6.06678E-01    5.45159E-01
    3.42000E+02    6.06756E-01    5.45116E-01
    3.42100E+02    6.07477E-01    5.44723E-01
    3.42200E+02    6.07276E-01    5.44833E-01
    3.42300E+02    6.07574E-01    5.44671E-01
    3.42400E+02    6.07936E-01    5.44473E-01
    3.42500E+02    6.08396E-01    5.44223E-01
    3.42600E+02    6.08844E-01    5.43979E-01
    3.42700E+02    6.09471E-01    5.43639E-01
    3.42800E+02    6.10331E-01    5.43171E-01
    3.42900E+02    6.11606E-01    5.42479E-01
    3.43000E+02    6.14033E-01    5.41164E-01
    3.43100E+02    6.20719E-01    5.37558E-01
    3.43200E+02    6.48074E-01    5.23052E-01
    3.43300E+02    6.29593E-01    5.32809E-01
    3.43400E+02    6.19701E-01    5.38105E-01
    3.43500E+02    6.29709E-01    5.32747E-01
    3.43600E+02    6.16632E-01    5.39759E-01
    3.43700E+02    6.14659E-01    5.40825E-01
    3.43800E+02    6.14202E-01    5.41073E-01
    3.43900E+02    6.14226E-01    5.41059E-01
    3.44000E+02    6.14405E-01    5.40963E-01
    3.44100E+02    6.14713E-01    5.40796E-01
    3.44200E+02    6.15094E-01    5.40590E-01
    3.44300E+02    6.15523E-01    5.40358E-01
    3.44400E+02    6.15998E-01    5.40101E-01
    3.44500E+02    6.16508E-01    5.39826E-01
    3.44600E+02    6.17071E-01    5.39523E-01
    3.44700E+02    6.17622E-01    5.39225E-01
    3.44800E+02    6.18248E-01    5.38888E-01
    3.44900E+02    6.18851E-01    5.38563E-01
    3.45000E+02    6.19395E-01    5.38270E-01
    3.45100E+02    6.20006E-01    5.37941E-01
    3.45200E+02    6.20648E-01    5.37596E-01
    3.45300E+02    6.21301E-01    5.37245E-01
    3.45400E+02    6.21976E-01    5.36882E-01
    3.45500E+02    6.22664E-01    5.36513E-01
    3.45600E+02    6.23371E-01    5.36134E-01
    3.45700E+02    6.24089E-01    5.35749E-01
    3.45800E+02    6.24821E-01    5.35357E-01
    3.45900E+02    6.25572E-01    5.34955E-01
    3.46000E+02    6.26333E-01    5.34549E-01
    3.46100E+02    6.27119E-01    5.34129E-01
    3.46200E+02    6.27913E-01    5.33704E-01
    3.46300E+02    6.28696E-01    5.33287E-01
    3.46400E+02    6.29530E-01    5.32842E-01
    3.46500E+02    6.30329E-01    5.32417E-01
    3.46600E+02    6.31208E-01    5.31949E-01
    3.46700E+02    6.32048E-01    5.31502E-01
    3.46800E+02    6.32962E-01    5.31017E-01
    3.46900E+02    6.33906E-01    5.30516E-01
    3.47000E+02    6.34729E-01    5.30079E-01
    3.47100E+02    6.35667E-01    5.29582E-01
    3.47200E+02    6.36818E-01    5.28973E-01
    3.47300E+02    6.37583E-01    5.28568E-01
    3.47400E+02    6.38427E-01    5.28122E-01
    3.47500E+02    6.39357E-01    5.27632E-01
    3.47600E+02    6.40349E-01    5.27109E-01
    3.47700E+02    6.41385E-01    5.26563E-01
    3.47800E+02    6.42770E-01    5.25834E-01
    3.47900E+02    6.43411E-01    5.25497E-01
    3.48000E+02    6.44486E-01    5.24933E-01
    3.48100E+02    6.45436E-01    5.24434E-01
    3.48200E+02    6.46482E-01    5.23886E-01
    3.48300E+02    6.47529E-01    5.23337E-01
    3.48400E+02    6.48627E-01    5.22763E-01
    3.48500E+02    6.49748E-01    5.22177E-01
    3.48600E+02    6.50956E-01    5.21547E-01
    3.48700E+02    6.51969E-01    5.21019E-01
    3.48800E+02    6.53133E-01    5.20413E-01
    3.48900E+02    6.54288E-01    5.19812E-01
    3.49000E+02    6.55739E-01    5.19058E-01
    3.49100E+02    6.56661E-01    5.18580E-01
    3.49200E+02    6.57875E-01    5.17951E-01
    3.49300E+02    6.59132E-01    5.17300E-01
    3.49400E+02    6.60484E-01    5.16601E-01
    3.49500E+02    6.62048E-01    5.15794E-01
    3.49600E+02    6.63684E-01    5.14951E-01
    3.49700E+02    6.66697E-01    5.13402E-01
    3.49800E+02    6.67520E-01    5.12979E-01
    3.49900E+02    6.67351E-01    5.13066E-01
