    1.49900E+02    9.52088E-02    9.09183E-01
    1.50000E+02    9.54043E-02    9.09005E-01
    1.50100E+02    9.55974E-02    9.08830E-01
    1.50200E+02    9.57403E-02    9.08700E-01
    1.50300E+02    9.59302E-02    9.08527E-01
    1.50400E+02    9.60950E-02    9.08378E-01
    1.50500E+02    9.62754E-02    9.08214E-01
    1.50600E+02    9.64605E-02    9.08046E-01
    1.50700E+02    9.66519E-02    9.07872E-01
    1.50800E+02    9.68415E-02    9.07700E-01
    1.50900E+02    9.70333E-02    9.07526E-01
    1.51000E+02    9.72260E-02    9.07351E-01
    1.51100E+02    9.74262E-02    9.07169E-01
    1.51200E+02    9.76193E-02    9.06994E-01
    1.51300E+02    9.78189E-02    9.06813E-01
    1.51400E+02    9.80152E-02    9.06635E-01
    1.51500E+02    9.82122E-02    9.06457E-01
    1.51600E+02    9.84134E-02    9.06274E-01
    1.51700E+02    9.86094E-02    9.06097E-01
    1.51800E+02    9.88053E-02    9.05919E-01
    1.51900E+02    9.90063E-02    9.05737E-01
    1.52000E+02    9.92035E-02    9.05558E-01
    1.52100E+02    9.94059E-02    9.05375E-01
    1.52200E+02    9.96005E-02    9.05199E-01
    1.52300E+02    9.98059E-02    9.05013E-01
    1.52400E+02    1.00010E-01    9.04828E-01
    1.52500E+02    1.00222E-01    9.04637E-01
    1.52600E+02    1.00429E-01    9.04450E-01
    1.52700E+02    1.00644E-01    9.04255E-01
    1.52800E+02    1.00860E-01    9.04059E-01
    1.52900E+02    1.01086E-01    9.03856E-01
    1.53000E+02    1.01318E-01    9.03646E-01
    1.53100E+02    1.01556E-01    9.03430E-01
    1.53200E+02    1.01798E-01    9.03212E-01
    1.53300E+02    1.02061E-01    9.02975E-01
    1.53400E+02    1.02352E-01    9.02712E-01
    1.53500E+02    1.02702E-01    9.02396E-01
    1.53600E+02    1.03175E-01    9.01969E-01
    1.53700E+02    1.04456E-01    9.00814E-01
    1.53800E+02    1.04614E-01    9.00672E-01
    1.53900E+02    1.06587E-01    8.98896E-01
    1.54000E+02    1.10551E-01    8.95341E-01
    1.54100E+02    1.08814E-01    8.96897E-01
    1.54200E+02    1.05647E-01    8.99742E-01
    1.54300E+02    1.05023E-01    9.00303E-01
    1.54400E+02    1.04891E-01    9.00423E-01
    1.54500E+02    1.04942E-01    9.00377E-01
    1.54600E+02    1.05077E-01    9.00255E-01
    1.54700E+02    1.05308E-01    9.00048E-01
    1.54800E+02    1.05507E-01    8.99868E-01
    1.54900E+02    1.05715E-01    8.99681E-01
    1.55000E+02    1.05942E-01    8.99477E-01
    1.55100E+02    1.06174E-01    8.99268E-01
    1.55200E+02    1.06412E-01    8.99054E-01
    1.55300E+02    1.06651E-01    8.98839E-01
    1.55400E+02    1.06900E-01    8.98616E-01
    1.55500E+02    1.07154E-01    8.98387E-01
    1.55600E+02    1.07413E-01    8.98154E-01
    1.55700E+02    1.07683E-01    8.97912E-01
    1.55800E+02    1.07963E-01    8.97661E-01
    1.55900E+02    1.08294E-01    8.97364E-01
    1.56000E+02    1.08711E-01    8.96990E-01
    1.56100E+02    1.10579E-01    8.95316E-01
    1.56200E+02    1.09287E-01    8.96473E-01
    1.56300E+02    1.09358E-01    8.96409E-01
    1.56400E+02    1.09593E-01    8.96198E-01
    1.56500E+02    1.09959E-01    8.95871E-01
    1.56600E+02    1.10109E-01    8.95736E-01
    1.56700E+02    1.10376E-01    8.95497E-01
    1.56800E+02    1.10639E-01    8.95262E-01
    1.56900E+02    1.10916E-01    8.95014E-01
    1.57000E+02    1.11217E-01    8.94745E-01
    1.57100E+02    1.11497E-01    8.94494E-01
    1.57200E+02    1.11809E-01    8.94215E-01
    1.57300E+02    1.12176E-01    8.93887E-01
    1.57400E+02    1.12386E-01    8.93699E-01
    1.57500E+02    1.12672E-01    8.93444E-01
    1.57600E+02    1.12971E-01    8.93176E-01
    1.57700E+02    1.13277E-01    8.92904E-01
    1.57800E+02    1.13583E-01    8.92630E-01
    1.57900E+02    1.13894E-01    8.92352E-01
    1.58000E+02    1.14211E-01    8.92070E-01
    1.58100E+02    1.14532E-01    8.91784E-01
    1.58200E+02    1.14851E-01    8.91499E-01
    1.58300E+02    1.15182E-01    8.91204E-01
    1.58400E+02    1.15520E-01    8.90903E-01
    1.58500E+02    1.15940E-01    8.90529E-01
    1.58600E+02    1.16241E-01    8.90261E-01
    1.58700E+02    1.16507E-01    8.90024E-01
    1.58800E+02    1.16840E-01    8.89728E-01
    1.58900E+02    1.17176E-01    8.89429E-01
    1.59000E+02    1.17517E-01    8.89125E-01
    1.59100E+02    1.17876E-01    8.88807E-01
    1.59200E+02    1.18237E-01    8.88486E-01
    1.59300E+02    1.18582E-01    8.88179E-01
    1.59400E+02    1.18934E-01    8.87867E-01
    1.59500E+02    1.19315E-01    8.87528E-01
    1.59600E+02    1.19664E-01    8.87219E-01
    1.59700E+02    1.20017E-01    8.86906E-01
    1.59800E+02    1.20394E-01    8.86571E-01
    1.59900E+02    1.20782E-01    8.86227E-01
    1.60000E+02    1.21158E-01    8.85894E-01
    1.60100E+02    1.21534E-01    8.85561E-01
    1.60200E+02    1.21921E-01    8.85218E-01
    1.60300E+02    1.22302E-01    8.84881E-01
    1.60400E+02    1.22712E-01    8.84518E-01
    1.60500E+02    1.23103E-01    8.84173E-01
    1.60600E+02    1.23500E-01    8.83822E-01
    1.60700E+02    1.23909E-01    8.83460E-01
    1.60800E+02    1.24316E-01    8.83101E-01
    1.60900E+02    1.24731E-01    8.82735E-01
    1.61000E+02    1.25154E-01    8.82361E-01
    1.61100E+02    1.25583E-01    8.81982E-01
    1.61200E+02    1.26019E-01    8.81598E-01
    1.61300E+02    1.26461E-01    8.81209E-01
    1.61400E+02    1.26889E-01    8.80832E-01
    1.61500E+02    1.27331E-01    8.80442E-01
    1.61600E+02    1.27779E-01    8.80048E-01
    1.61700E+02    1.28240E-01    8.79642E-01
    1.61800E+02    1.28697E-01    8.79240E-01
    1.61900E+02    1.29167E-01    8.78827E-01
    1.62000E+02    1.29637E-01    8.78414E-01
    1.62100E+02    1.30115E-01    8.77994E-01
    1.62200E+02    1.30599E-01    8.77570E-01
    1.62300E+02    1.31096E-01    8.77134E-01
    1.62400E+02    1.31582E-01    8.76707E-01
    1.62500E+02    1.32086E-01    8.76266E-01
    1.62600E+02    1.32595E-01    8.75820E-01
    1.62700E+02    1.33108E-01    8.75370E-01
    1.62800E+02    1.33632E-01    8.74912E-01
    1.62900E+02    1.34161E-01    8.74449E-01
    1.63000E+02    1.34704E-01    8.73975E-01
    1.63100E+02    1.35258E-01    8.73490E-01
    1.63200E+02    1.35848E-01    8.72975E-01
    1.63300E+02    1.36426E-01    8.72471E-01
    1.63400E+02    1.36943E-01    8.72020E-01
    1.63500E+02    1.37513E-01    8.71523E-01
    1.63600E+02    1.38103E-01    8.71009E-01
    1.63700E+02    1.38699E-01    8.70490E-01
    1.63800E+02    1.39312E-01    8.69957E-01
    1.63900E+02    1.39941E-01    8.69410E-01
    1.64000E+02    1.40590E-01    8.68845E-01
    1.64100E+02    1.41248E-01    8.68274E-01
    1.64200E+02    1.41941E-01    8.67673E-01
    1.64300E+02    1.42669E-01    8.67041E-01
    1.64400E+02    1.43448E-01    8.66365E-01
    1.64500E+02    1.44312E-01    8.65617E-01
    1.64600E+02    1.45336E-01    8.64731E-01
    1.64700E+02    1.46748E-01    8.63512E-01
    1.64800E+02    1.49198E-01    8.61398E-01
    1.64900E+02    1.56390E-01    8.55226E-01
    1.65000E+02    1.57675E-01    8.54128E-01
    1.65100E+02    1.51545E-01    8.59380E-01
    1.65200E+02    1.50923E-01    8.59914E-01
    1.65300E+02    1.51449E-01    8.59461E-01
    1.65400E+02    1.52582E-01    8.58489E-01
    1.65500E+02    1.54540E-01    8.56809E-01
    1.65600E+02    1.58421E-01    8.53491E-01
    1.65700E+02    1.70082E-01    8.43595E-01
    1.65800E+02    2.13051E-01    8.08115E-01
    1.65900E+02    1.66298E-01    8.46794E-01
    1.66000E+02    1.60002E-01    8.52142E-01
    1.66100E+02    1.58392E-01    8.53515E-01
    1.66200E+02    1.58367E-01    8.53537E-01
    1.66300E+02    1.58273E-01    8.53617E-01
    1.66400E+02    1.58690E-01    8.53261E-01
    1.66500E+02    1.59313E-01    8.52729E-01
    1.66600E+02    1.60163E-01    8.52005E-01
    1.66700E+02    1.60752E-01    8.51503E-01
    1.66800E+02    1.61539E-01    8.50833E-01
    1.66900E+02    1.62386E-01    8.50113E-01
    1.67000E+02    1.63275E-01    8.49358E-01
    1.67100E+02    1.64218E-01    8.48557E-01
    1.67200E+02    1.65208E-01    8.47717E-01
    1.67300E+02    1.66291E-01    8.46799E-01
    1.67400E+02    1.67575E-01    8.45713E-01
    1.67500E+02    1.69738E-01    8.43886E-01
    1.67600E+02    1.72881E-01    8.41238E-01
    1.67700E+02    1.70920E-01    8.42889E-01
    1.67800E+02    1.71425E-01    8.42464E-01
    1.67900E+02    1.72297E-01    8.41729E-01
    1.68000E+02    1.73296E-01    8.40889E-01
    1.68100E+02    1.74356E-01    8.39998E-01
    1.68200E+02    1.75454E-01    8.39076E-01
    1.68300E+02    1.76590E-01    8.38124E-01
    1.68400E+02    1.77756E-01    8.37147E-01
    1.68500E+02    1.78950E-01    8.36148E-01
    1.68600E+02    1.80175E-01    8.35124E-01
    1.68700E+02    1.81433E-01    8.34074E-01
    1.68800E+02    1.82739E-01    8.32985E-01
    1.68900E+02    1.84216E-01    8.31756E-01
    1.69000E+02    1.85807E-01    8.30434E-01
    1.69100E+02    1.86759E-01    8.29644E-01
    1.69200E+02    1.88053E-01    8.28571E-01
    1.69300E+02    1.89435E-01    8.27427E-01
    1.69400E+02    1.90852E-01    8.26255E-01
    1.69500E+02    1.92311E-01    8.25050E-01
    1.69600E+02    1.93814E-01    8.23811E-01
    1.69700E+02    1.95340E-01    8.22555E-01
    1.69800E+02    1.96937E-01    8.21242E-01
    1.69900E+02    1.98542E-01    8.19925E-01
    1.70000E+02    2.00226E-01    8.18546E-01
    1.70100E+02    2.01755E-01    8.17295E-01
    1.70200E+02    2.03441E-01    8.15918E-01
    1.70300E+02    2.05288E-01    8.14413E-01
    1.70400E+02    2.06925E-01    8.13081E-01
    1.70500E+02    2.08725E-01    8.11618E-01
    1.70600E+02    2.10565E-01    8.10126E-01
    1.70700E+02    2.12456E-01    8.08596E-01
    1.70800E+02    2.14389E-01    8.07035E-01
    1.70900E+02    2.16375E-01    8.05433E-01
    1.71000E+02    2.18415E-01    8.03792E-01
    1.71100E+02    2.20512E-01    8.02108E-01
    1.71200E+02    2.22668E-01    8.00381E-01
    1.71300E+02    2.24944E-01    7.98561E-01
    1.71400E+02    2.28115E-01    7.96032E-01
    1.71500E+02    2.29467E-01    7.94957E-01
    1.71600E+02    2.31635E-01    7.93236E-01
    1.71700E+02    2.33958E-01    7.91395E-01
    1.71800E+02    2.36379E-01    7.89482E-01
    1.71900E+02    2.38875E-01    7.87514E-01
    1.72000E+02    2.41436E-01    7.85499E-01
    1.72100E+02    2.44062E-01    7.83439E-01
    1.72200E+02    2.46763E-01    7.81326E-01
    1.72300E+02    2.49529E-01    7.79168E-01
    1.72400E+02    2.52373E-01    7.76955E-01
    1.72500E+02    2.55294E-01    7.74689E-01
    1.72600E+02    2.58294E-01    7.72368E-01
    1.72700E+02    2.61382E-01    7.69986E-01
    1.72800E+02    2.64573E-01    7.67534E-01
    1.72900E+02    2.67819E-01    7.65046E-01
    1.73000E+02    2.71183E-01    7.62477E-01
    1.73100E+02    2.74664E-01    7.59828E-01
    1.73200E+02    2.78294E-01    7.57074E-01
    1.73300E+02    2.82227E-01    7.54103E-01
    1.73400E+02    2.86615E-01    7.50801E-01
    1.73500E+02    2.93406E-01    7.45719E-01
    1.73600E+02    2.94063E-01    7.45230E-01
    1.73700E+02    2.97647E-01    7.42563E-01
    1.73800E+02    3.01677E-01    7.39577E-01
    1.73900E+02    3.05926E-01    7.36441E-01
    1.74000E+02    3.10350E-01    7.33190E-01
    1.74100E+02    3.14920E-01    7.29847E-01
    1.74200E+02    3.19660E-01    7.26396E-01
    1.74300E+02    3.24545E-01    7.22856E-01
    1.74400E+02    3.29600E-01    7.19212E-01
    1.74500E+02    3.34842E-01    7.15451E-01
    1.74600E+02    3.40249E-01    7.11593E-01
    1.74700E+02    3.45848E-01    7.07620E-01
    1.74800E+02    3.51681E-01    7.03504E-01
    1.74900E+02    3.57782E-01    6.99226E-01
    1.75000E+02    3.64270E-01    6.94704E-01
    1.75100E+02    3.71715E-01    6.89551E-01
    1.75200E+02    3.83046E-01    6.81782E-01
    1.75300E+02    3.85835E-01    6.79883E-01
    1.75400E+02    3.96125E-01    6.72923E-01
    1.75500E+02    4.02477E-01    6.68662E-01
    1.75600E+02    4.06706E-01    6.65840E-01
    1.75700E+02    4.13750E-01    6.61166E-01
    1.75800E+02    4.21559E-01    6.56023E-01
    1.75900E+02    4.29853E-01    6.50605E-01
    1.76000E+02    4.38531E-01    6.44983E-01
    1.76100E+02    4.47594E-01    6.39164E-01
    1.76200E+02    4.57050E-01    6.33149E-01
    1.76300E+02    4.66897E-01    6.26944E-01
    1.76400E+02    4.77330E-01    6.20438E-01
    1.76500E+02    4.87806E-01    6.13972E-01
    1.76600E+02    4.98906E-01    6.07194E-01
    1.76700E+02    5.10470E-01    6.00214E-01
    1.76800E+02    5.22564E-01    5.92998E-01
    1.76900E+02    5.35179E-01    5.85565E-01
    1.77000E+02    5.48353E-01    5.77901E-01
    1.77100E+02    5.62110E-01    5.70005E-01
    1.77200E+02    5.76473E-01    5.61877E-01
    1.77300E+02    5.91481E-01    5.53507E-01
    1.77400E+02    6.07215E-01    5.44866E-01
    1.77500E+02    6.23653E-01    5.35983E-01
    1.77600E+02    6.40899E-01    5.26819E-01
    1.77700E+02    6.58982E-01    5.17378E-01
    1.77800E+02    6.77947E-01    5.07658E-01
    1.77900E+02    6.97839E-01    4.97660E-01
    1.78000E+02    7.18747E-01    4.87362E-01
    1.78100E+02    7.40737E-01    4.76762E-01
    1.78200E+02    7.63851E-01    4.65869E-01
    1.78300E+02    7.88167E-01    4.54678E-01
    1.78400E+02    8.13816E-01    4.43164E-01
    1.78500E+02    8.40917E-01    4.31315E-01
    1.78600E+02    8.69636E-01    4.19104E-01
    1.78700E+02    8.99520E-01    4.06765E-01
    1.78800E+02    9.31244E-01    3.94063E-01
    1.78900E+02    9.64868E-01    3.81034E-01
    1.79000E+02    1.00046E+00    3.67709E-01
    1.79100E+02    1.03818E+00    3.54100E-01
    1.79200E+02    1.07817E+00    3.40219E-01
    1.79300E+02    1.12063E+00    3.26073E-01
    1.79400E+02    1.16569E+00    3.11707E-01
    1.79500E+02    1.21367E+00    2.97106E-01
    1.79600E+02    1.26468E+00    2.82330E-01
    1.79700E+02    1.31904E+00    2.67391E-01
    1.79800E+02    1.37698E+00    2.52339E-01
    1.79900E+02    1.43889E+00    2.37192E-01
    1.80000E+02    1.50604E+00    2.21787E-01
    1.80100E+02    1.57553E+00    2.06897E-01
    1.80200E+02    1.65098E+00    1.91861E-01
    1.80300E+02    1.73185E+00    1.76957E-01
    1.80400E+02    1.81856E+00    1.62260E-01
    1.80500E+02    1.91157E+00    1.47848E-01
    1.80600E+02    2.01145E+00    1.33794E-01
    1.80700E+02    2.11876E+00    1.20181E-01
    1.80800E+02    2.23408E+00    1.07090E-01
    1.80900E+02    2.35815E+00    9.45949E-02
    1.81000E+02    2.49168E+00    8.27707E-02
    1.81100E+02    2.63535E+00    7.16937E-02
    1.81200E+02    2.79004E+00    6.14190E-02
    1.81300E+02    2.95651E+00    5.20000E-02
    1.81400E+02    3.13570E+00    4.34694E-02
    1.81500E+02    3.32834E+00    3.58525E-02
    1.81600E+02    3.53528E+00    2.91507E-02
    1.81700E+02    3.75726E+00    2.33476E-02
    1.81800E+02    3.99497E+00    1.84079E-02
    1.81900E+02    4.24865E+00    1.42835E-02
    1.82000E+02    4.51890E+00    1.09010E-02
    1.82100E+02    4.80522E+00    8.18693E-03
    1.82200E+02    5.10783E+00    6.04919E-03
    1.82300E+02    5.42341E+00    4.41206E-03
    1.82400E+02    5.75146E+00    3.17812E-03
    1.82500E+02    6.08827E+00    2.26933E-03
    1.82600E+02    6.42991E+00    1.61259E-03
    1.82700E+02    6.76997E+00    1.14773E-03
    1.82800E+02    7.10086E+00    8.24396E-04
    1.82900E+02    7.41300E+00    6.03359E-04
    1.83000E+02    7.69402E+00    4.55542E-04
    1.83100E+02    7.92997E+00    3.59798E-04
    1.83200E+02    8.10368E+00    3.02424E-04
    1.83300E+02    8.18923E+00    2.77628E-04
    1.83400E+02    8.14512E+00    2.90147E-04
    1.83500E+02    8.00408E+00    3.34096E-04
    1.83600E+02    7.79525E+00    4.11684E-04
    1.83700E+02    7.53662E+00    5.33195E-04
    1.83800E+02    7.24351E+00    7.14799E-04
    1.83900E+02    6.92763E+00    9.80324E-04
    1.84000E+02    6.59924E+00    1.36140E-03
    1.84100E+02    6.26713E+00    1.89767E-03
    1.84200E+02    5.93931E+00    2.63385E-03
    1.84300E+02    5.62644E+00    3.60136E-03
    1.84400E+02    5.34102E+00    4.79098E-03
    1.84500E+02    5.00447E+00    6.70787E-03
    1.84600E+02    4.71272E+00    8.98032E-03
    1.84700E+02    4.44371E+00    1.17522E-02
    1.84800E+02    4.18676E+00    1.51954E-02
    1.84900E+02    3.94127E+00    1.94234E-02
    1.85000E+02    3.71502E+00    2.43549E-02
    1.85100E+02    3.50430E+00    3.00680E-02
    1.85200E+02    3.30795E+00    3.65912E-02
    1.85300E+02    3.12524E+00    4.39265E-02
    1.85400E+02    2.95512E+00    5.20725E-02
    1.85500E+02    2.79742E+00    6.09671E-02
    1.85600E+02    2.65042E+00    7.06215E-02
    1.85700E+02    2.51259E+00    8.10584E-02
    1.85800E+02    2.38496E+00    9.20930E-02
    1.85900E+02    2.26623E+00    1.03702E-01
    1.86000E+02    2.15566E+00    1.15826E-01
    1.86100E+02    2.05270E+00    1.28388E-01
    1.86200E+02    1.95664E+00    1.41332E-01
    1.86300E+02    1.86706E+00    1.54577E-01
    1.86400E+02    1.78341E+00    1.68064E-01
    1.86500E+02    1.70522E+00    1.81733E-01
    1.86600E+02    1.63202E+00    1.95535E-01
    1.86700E+02    1.56351E+00    2.09399E-01
    1.86800E+02    1.49937E+00    2.23270E-01
    1.86900E+02    1.43919E+00    2.37119E-01
    1.87000E+02    1.38272E+00    2.50894E-01
    1.87100E+02    1.32998E+00    2.64482E-01
    1.87200E+02    1.27998E+00    2.78043E-01
    1.87300E+02    1.23273E+00    2.91496E-01
    1.87400E+02    1.18841E+00    3.04704E-01
    1.87500E+02    1.14665E+00    3.17700E-01
    1.87600E+02    1.10729E+00    3.30454E-01
    1.87700E+02    1.07008E+00    3.42982E-01
    1.87800E+02    1.03498E+00    3.55234E-01
    1.87900E+02    1.00208E+00    3.67115E-01
    1.88000E+02    9.70130E-01    3.79034E-01
    1.88100E+02    9.40204E-01    3.90548E-01
    1.88200E+02    9.11877E-01    4.01770E-01
    1.88300E+02    8.85003E-01    4.12713E-01
    1.88400E+02    8.59488E-01    4.23379E-01
    1.88500E+02    8.35204E-01    4.33786E-01
    1.88600E+02    8.12127E-01    4.43913E-01
    1.88700E+02    7.90171E-01    4.53767E-01
    1.88800E+02    7.69315E-01    4.63330E-01
    1.88900E+02    7.49601E-01    4.72555E-01
    1.89000E+02    7.30373E-01    4.81729E-01
    1.89100E+02    7.12215E-01    4.90556E-01
    1.89200E+02    6.94869E-01    4.99140E-01
    1.89300E+02    6.78352E-01    5.07453E-01
    1.89400E+02    6.62477E-01    5.15573E-01
    1.89500E+02    6.47345E-01    5.23434E-01
    1.89600E+02    6.32891E-01    5.31054E-01
    1.89700E+02    6.19010E-01    5.38477E-01
    1.89800E+02    6.05709E-01    5.45687E-01
    1.89900E+02    5.92977E-01    5.52680E-01
    1.90000E+02    5.80764E-01    5.59471E-01
    1.90100E+02    5.69036E-01    5.66071E-01
    1.90200E+02    5.57787E-01    5.72474E-01
    1.90300E+02    5.47029E-01    5.78666E-01
    1.90400E+02    5.36649E-01    5.84704E-01
    1.90500E+02    5.26795E-01    5.90495E-01
    1.90600E+02    5.17455E-01    5.96035E-01
    1.90700E+02    5.07893E-01    6.01762E-01
    1.90800E+02    4.98957E-01    6.07163E-01
    1.90900E+02    4.90366E-01    6.12402E-01
    1.91000E+02    4.82114E-01    6.17477E-01
    1.91100E+02    4.74173E-01    6.22399E-01
    1.91200E+02    4.66518E-01    6.27182E-01
    1.91300E+02    4.59136E-01    6.31829E-01
    1.91400E+02    4.52028E-01    6.36336E-01
    1.91500E+02    4.45168E-01    6.40716E-01
    1.91600E+02    4.38553E-01    6.44969E-01
    1.91700E+02    4.32181E-01    6.49092E-01
    1.91800E+02    4.26139E-01    6.53025E-01
    1.91900E+02    4.20070E-01    6.57001E-01
    1.92000E+02    4.14304E-01    6.60800E-01
    1.92100E+02    4.08753E-01    6.64478E-01
    1.92200E+02    4.03423E-01    6.68029E-01
    1.92300E+02    3.98271E-01    6.71480E-01
    1.92400E+02    3.93244E-01    6.74864E-01
    1.92500E+02    3.88419E-01    6.78128E-01
    1.92600E+02    3.83783E-01    6.81279E-01
    1.92700E+02    3.79337E-01    6.84315E-01
    1.92800E+02    3.75023E-01    6.87273E-01
    1.92900E+02    3.70926E-01    6.90095E-01
    1.93000E+02    3.67048E-01    6.92776E-01
    1.93100E+02    3.63528E-01    6.95220E-01
    1.93200E+02    3.60687E-01    6.97197E-01
    1.93300E+02    3.61360E-01    6.96728E-01
    1.93400E+02    3.58052E-01    6.99037E-01
    1.93500E+02    3.50043E-01    7.04658E-01
    1.93600E+02    3.45669E-01    7.07747E-01
    1.93700E+02    3.42013E-01    7.10339E-01
    1.93800E+02    3.38636E-01    7.12742E-01
    1.93900E+02    3.35404E-01    7.15049E-01
    1.94000E+02    3.32253E-01    7.17306E-01
    1.94100E+02    3.29137E-01    7.19544E-01
    1.94200E+02    3.26083E-01    7.21745E-01
    1.94300E+02    3.23097E-01    7.23903E-01
    1.94400E+02    3.20174E-01    7.26023E-01
    1.94500E+02    3.17353E-01    7.28073E-01
    1.94600E+02    3.14643E-01    7.30049E-01
    1.94700E+02    3.12059E-01    7.31938E-01
    1.94800E+02    3.09637E-01    7.33714E-01
    1.94900E+02    3.07440E-01    7.35327E-01
    1.95000E+02    3.05599E-01    7.36682E-01
    1.95100E+02    3.04404E-01    7.37563E-01
    1.95200E+02    3.04690E-01    7.37352E-01
    1.95300E+02    3.09653E-01    7.33701E-01
    1.95400E+02    3.46249E-01    7.07337E-01
    1.95500E+02    3.19387E-01    7.26594E-01
    1.95600E+02    3.01529E-01    7.39686E-01
    1.95700E+02    3.04604E-01    7.37416E-01
    1.95800E+02    2.92588E-01    7.46330E-01
    1.95900E+02    2.86652E-01    7.50773E-01
    1.96000E+02    2.83280E-01    7.53309E-01
    1.96100E+02    2.80658E-01    7.55287E-01
    1.96200E+02    2.78389E-01    7.57003E-01
    1.96300E+02    2.76302E-01    7.58584E-01
    1.96400E+02    2.74390E-01    7.60036E-01
    1.96500E+02    2.72496E-01    7.61476E-01
    1.96600E+02    2.70716E-01    7.62833E-01
    1.96700E+02    2.69015E-01    7.64132E-01
    1.96800E+02    2.67373E-01    7.65388E-01
    1.96900E+02    2.65789E-01    7.66601E-01
    1.97000E+02    2.64243E-01    7.67787E-01
    1.97100E+02    2.62755E-01    7.68930E-01
    1.97200E+02    2.61303E-01    7.70047E-01
    1.97300E+02    2.59889E-01    7.71137E-01
    1.97400E+02    2.58535E-01    7.72182E-01
    1.97500E+02    2.57273E-01    7.73157E-01
    1.97600E+02    2.56013E-01    7.74132E-01
    1.97700E+02    2.54680E-01    7.75165E-01
    1.97800E+02    2.53418E-01    7.76143E-01
    1.97900E+02    2.52228E-01    7.77067E-01
    1.98000E+02    2.51295E-01    7.77793E-01
    1.98100E+02    2.49922E-01    7.78862E-01
    1.98200E+02    2.48796E-01    7.79739E-01
    1.98300E+02    2.47713E-01    7.80584E-01
    1.98400E+02    2.46668E-01    7.81400E-01
    1.98500E+02    2.45651E-01    7.82195E-01
    1.98600E+02    2.44673E-01    7.82960E-01
    1.98700E+02    2.43720E-01    7.83707E-01
    1.98800E+02    2.42810E-01    7.84420E-01
    1.98900E+02    2.41941E-01    7.85103E-01
    1.99000E+02    2.41147E-01    7.85726E-01
    1.99100E+02    2.40484E-01    7.86247E-01
    1.99200E+02    2.40523E-01    7.86217E-01
    1.99300E+02    2.40472E-01    7.86257E-01
    1.99400E+02    2.43646E-01    7.83765E-01
    1.99500E+02    2.38030E-01    7.88179E-01
    1.99600E+02    2.36629E-01    7.89284E-01
    1.99700E+02    2.35662E-01    7.90048E-01
    1.99800E+02    2.34865E-01    7.90678E-01
    1.99900E+02    2.34145E-01    7.91247E-01
    2.00000E+02    2.33478E-01    7.91775E-01
    2.00100E+02    2.32841E-01    7.92280E-01
    2.00200E+02    2.32243E-01    7.92753E-01
    2.00300E+02    2.31680E-01    7.93200E-01
    2.00400E+02    2.31146E-01    7.93623E-01
    2.00500E+02    2.30647E-01    7.94020E-01
    2.00600E+02    2.30181E-01    7.94390E-01
    2.00700E+02    2.29748E-01    7.94733E-01
    2.00800E+02    2.29355E-01    7.95046E-01
    2.00900E+02    2.28994E-01    7.95333E-01
    2.01000E+02    2.28677E-01    7.95585E-01
    2.01100E+02    2.28397E-01    7.95808E-01
    2.01200E+02    2.28162E-01    7.95995E-01
    2.01300E+02    2.27978E-01    7.96142E-01
    2.01400E+02    2.27875E-01    7.96224E-01
    2.01500E+02    2.27808E-01    7.96277E-01
    2.01600E+02    2.27721E-01    7.96346E-01
    2.01700E+02    2.27743E-01    7.96329E-01
    2.01800E+02    2.27837E-01    7.96254E-01
    2.01900E+02    2.28004E-01    7.96121E-01
    2.02000E+02    2.28243E-01    7.95931E-01
    2.02100E+02    2.28561E-01    7.95678E-01
    2.02200E+02    2.28963E-01    7.95358E-01
    2.02300E+02    2.29437E-01    7.94981E-01
    2.02400E+02    2.29998E-01    7.94535E-01
    2.02500E+02    2.30630E-01    7.94033E-01
    2.02600E+02    2.31344E-01    7.93467E-01
    2.02700E+02    2.32111E-01    7.92858E-01
    2.02800E+02    2.32918E-01    7.92218E-01
    2.02900E+02    2.33735E-01    7.91572E-01
    2.03000E+02    2.34518E-01    7.90952E-01
    2.03100E+02    2.35226E-01    7.90392E-01
    2.03200E+02    2.35798E-01    7.89940E-01
    2.03300E+02    2.36193E-01    7.89628E-01
    2.03400E+02    2.36595E-01    7.89311E-01
    2.03500E+02    2.36084E-01    7.89714E-01
    2.03600E+02    2.34593E-01    7.90892E-01
    2.03700E+02    2.33271E-01    7.91939E-01
    2.03800E+02    2.31846E-01    7.93068E-01
    2.03900E+02    2.30340E-01    7.94263E-01
    2.04000E+02    2.28828E-01    7.95465E-01
    2.04100E+02    2.27219E-01    7.96746E-01
    2.04200E+02    2.25687E-01    7.97968E-01
    2.04300E+02    2.24211E-01    7.99147E-01
    2.04400E+02    2.22801E-01    8.00274E-01
    2.04500E+02    2.21462E-01    8.01346E-01
    2.04600E+02    2.20202E-01    8.02357E-01
    2.04700E+02    2.19017E-01    8.03308E-01
    2.04800E+02    2.17915E-01    8.04194E-01
    2.04900E+02    2.16893E-01    8.05016E-01
    2.05000E+02    2.15924E-01    8.05796E-01
    2.05100E+02    2.15051E-01    8.06501E-01
    2.05200E+02    2.14415E-01    8.07013E-01
    2.05300E+02    2.13453E-01    8.07790E-01
    2.05400E+02    2.12707E-01    8.08393E-01
    2.05500E+02    2.12070E-01    8.08908E-01
    2.05600E+02    2.11460E-01    8.09402E-01
    2.05700E+02    2.10895E-01    8.09859E-01
    2.05800E+02    2.10440E-01    8.10227E-01
    2.05900E+02    2.10170E-01    8.10446E-01
    2.06000E+02    2.10410E-01    8.10252E-01
    2.06100E+02    2.14118E-01    8.07253E-01
    2.06200E+02    2.11063E-01    8.09723E-01
    2.06300E+02    2.08711E-01    8.11630E-01
    2.06400E+02    2.07826E-01    8.12348E-01
    2.06500E+02    2.07608E-01    8.12525E-01
    2.06600E+02    2.06775E-01    8.13203E-01
    2.06700E+02    2.06346E-01    8.13551E-01
    2.06800E+02    2.05974E-01    8.13854E-01
    2.06900E+02    2.05644E-01    8.14123E-01
    2.07000E+02    2.05331E-01    8.14378E-01
    2.07100E+02    2.05043E-01    8.14612E-01
    2.07200E+02    2.04778E-01    8.14828E-01
    2.07300E+02    2.04538E-01    8.15024E-01
    2.07400E+02    2.04350E-01    8.15177E-01
    2.07500E+02    2.04371E-01    8.15160E-01
    2.07600E+02    2.03906E-01    8.15539E-01
    2.07700E+02    2.03709E-01    8.15699E-01
    2.07800E+02    2.03557E-01    8.15824E-01
    2.07900E+02    2.03457E-01    8.15905E-01
    2.08000E+02    2.03421E-01    8.15935E-01
    2.08100E+02    2.03485E-01    8.15883E-01
    2.08200E+02    2.03712E-01    8.15697E-01
    2.08300E+02    2.04279E-01    8.15235E-01
    2.08400E+02    2.05643E-01    8.14124E-01
    2.08500E+02    2.09502E-01    8.10988E-01
    2.08600E+02    2.27887E-01    7.96214E-01
    2.08700E+02    2.21936E-01    8.00967E-01
    2.08800E+02    2.08073E-01    8.12148E-01
    2.08900E+02    2.04510E-01    8.15046E-01
    2.09000E+02    2.02998E-01    8.16280E-01
    2.09100E+02    2.02172E-01    8.16954E-01
    2.09200E+02    2.01646E-01    8.17384E-01
    2.09300E+02    2.01287E-01    8.17678E-01
    2.09400E+02    2.01059E-01    8.17864E-01
    2.09500E+02    2.01184E-01    8.17762E-01
    2.09600E+02    2.00728E-01    8.18135E-01
    2.09700E+02    2.00443E-01    8.18368E-01
    2.09800E+02    2.00286E-01    8.18497E-01
    2.09900E+02    2.00173E-01    8.18589E-01
    2.10000E+02    2.00120E-01    8.18633E-01
    2.10100E+02    2.00151E-01    8.18607E-01
    2.10200E+02    2.00896E-01    8.17998E-01
    2.10300E+02    2.00559E-01    8.18273E-01
    2.10400E+02    2.02706E-01    8.16518E-01
    2.10500E+02    2.01300E-01    8.17667E-01
    2.10600E+02    2.01465E-01    8.17532E-01
    2.10700E+02    2.04088E-01    8.15391E-01
    2.10800E+02    2.23885E-01    7.99407E-01
    2.10900E+02    2.03507E-01    8.15865E-01
    2.11000E+02    2.00767E-01    8.18103E-01
    2.11100E+02    1.99841E-01    8.18861E-01
    2.11200E+02    1.99385E-01    8.19234E-01
    2.11300E+02    1.99092E-01    8.19474E-01
    2.11400E+02    1.98902E-01    8.19630E-01
    2.11500E+02    1.98763E-01    8.19744E-01
    2.11600E+02    1.98651E-01    8.19836E-01
    2.11700E+02    1.98557E-01    8.19913E-01
    2.11800E+02    1.98479E-01    8.19977E-01
    2.11900E+02    1.98406E-01    8.20037E-01
    2.12000E+02    1.98348E-01    8.20085E-01
    2.12100E+02    1.98301E-01    8.20123E-01
    2.12200E+02    1.98252E-01    8.20163E-01
    2.12300E+02    1.98209E-01    8.20199E-01
    2.12400E+02    1.98173E-01    8.20228E-01
    2.12500E+02    1.98147E-01    8.20250E-01
    2.12600E+02    1.98127E-01    8.20266E-01
    2.12700E+02    1.98119E-01    8.20272E-01
    2.12800E+02    1.98114E-01    8.20277E-01
    2.12900E+02    1.98120E-01    8.20271E-01
    2.13000E+02    1.98054E-01    8.20325E-01
    2.13100E+02    1.98033E-01    8.20343E-01
    2.13200E+02    1.98023E-01    8.20351E-01
    2.13300E+02    1.98022E-01    8.20352E-01
    2.13400E+02    1.98026E-01    8.20348E-01
    2.13500E+02    1.98034E-01    8.20342E-01
    2.13600E+02    1.98049E-01    8.20330E-01
    2.13700E+02    1.98067E-01    8.20315E-01
    2.13800E+02    1.98106E-01    8.20283E-01
    2.13900E+02    1.98145E-01    8.20251E-01
    2.14000E+02    1.98201E-01    8.20205E-01
    2.14100E+02    1.98274E-01    8.20145E-01
    2.14200E+02    1.98378E-01    8.20060E-01
    2.14300E+02    1.98521E-01    8.19942E-01
    2.14400E+02    1.98732E-01    8.19770E-01
    2.14500E+02    1.99069E-01    8.19493E-01
    2.14600E+02    1.99642E-01    8.19024E-01
    2.14700E+02    2.00776E-01    8.18096E-01
    2.14800E+02    2.03613E-01    8.15778E-01
    2.14900E+02    2.15331E-01    8.06274E-01
    2.15000E+02    2.18972E-01    8.03344E-01
    2.15100E+02    2.04257E-01    8.15253E-01
    2.15200E+02    2.01086E-01    8.17842E-01
    2.15300E+02    1.99878E-01    8.18831E-01
    2.15400E+02    1.99306E-01    8.19299E-01
    2.15500E+02    1.98992E-01    8.19556E-01
    2.15600E+02    1.98813E-01    8.19703E-01
    2.15700E+02    1.98713E-01    8.19786E-01
    2.15800E+02    1.98652E-01    8.19835E-01
    2.15900E+02    1.98647E-01    8.19839E-01
    2.16000E+02    1.98967E-01    8.19577E-01
    2.16100E+02    1.98745E-01    8.19759E-01
    2.16200E+02    1.98621E-01    8.19861E-01
    2.16300E+02    1.98606E-01    8.19873E-01
    2.16400E+02    1.98627E-01    8.19856E-01
    2.16500E+02    1.98629E-01    8.19854E-01
    2.16600E+02    1.98652E-01    8.19835E-01
    2.16700E+02    1.98682E-01    8.19810E-01
    2.16800E+02    1.98725E-01    8.19776E-01
    2.16900E+02    1.98792E-01    8.19721E-01
    2.17000E+02    1.98802E-01    8.19712E-01
    2.17100E+02    1.98842E-01    8.19680E-01
    2.17200E+02    1.98897E-01    8.19635E-01
    2.17300E+02    1.98951E-01    8.19590E-01
    2.17400E+02    1.99030E-01    8.19525E-01
    2.17500E+02    1.99299E-01    8.19305E-01
    2.17600E+02    1.99152E-01    8.19425E-01
    2.17700E+02    1.99179E-01    8.19403E-01
    2.17800E+02    1.99238E-01    8.19355E-01
    2.17900E+02    1.99324E-01    8.19285E-01
    2.18000E+02    1.99466E-01    8.19168E-01
    2.18100E+02    2.00211E-01    8.18558E-01
    2.18200E+02    1.99687E-01    8.18987E-01
    2.18300E+02    1.99587E-01    8.19069E-01
    2.18400E+02    1.99606E-01    8.19054E-01
    2.18500E+02    1.99659E-01    8.19010E-01
    2.18600E+02    1.99724E-01    8.18957E-01
    2.18700E+02    1.99782E-01    8.18909E-01
    2.18800E+02    1.99852E-01    8.18852E-01
    2.18900E+02    1.99921E-01    8.18796E-01
    2.19000E+02    2.00005E-01    8.18727E-01
    2.19100E+02    2.00128E-01    8.18626E-01
    2.19200E+02    2.00205E-01    8.18563E-01
    2.19300E+02    2.00447E-01    8.18365E-01
    2.19400E+02    2.00373E-01    8.18425E-01
    2.19500E+02    2.00401E-01    8.18403E-01
    2.19600E+02    2.00476E-01    8.18341E-01
    2.19700E+02    2.00556E-01    8.18276E-01
    2.19800E+02    2.00653E-01    8.18196E-01
    2.19900E+02    2.00810E-01    8.18068E-01
    2.20000E+02    2.00892E-01    8.18001E-01
    2.20100E+02    2.00908E-01    8.17988E-01
    2.20200E+02    2.00982E-01    8.17927E-01
    2.20300E+02    2.01071E-01    8.17854E-01
    2.20400E+02    2.01160E-01    8.17782E-01
    2.20500E+02    2.01256E-01    8.17703E-01
    2.20600E+02    2.01364E-01    8.17614E-01
    2.20700E+02    2.01584E-01    8.17435E-01
    2.20800E+02    2.01585E-01    8.17434E-01
    2.20900E+02    2.01648E-01    8.17383E-01
    2.21000E+02    2.01743E-01    8.17305E-01
    2.21100E+02    2.01841E-01    8.17225E-01
    2.21200E+02    2.01955E-01    8.17131E-01
    2.21300E+02    2.02166E-01    8.16959E-01
    2.21400E+02    2.02188E-01    8.16941E-01
    2.21500E+02    2.02268E-01    8.16876E-01
    2.21600E+02    2.02371E-01    8.16792E-01
    2.21700E+02    2.02480E-01    8.16703E-01
    2.21800E+02    2.02595E-01    8.16609E-01
    2.21900E+02    2.02707E-01    8.16517E-01
    2.22000E+02    2.02826E-01    8.16420E-01
    2.22100E+02    2.02947E-01    8.16321E-01
    2.22200E+02    2.03071E-01    8.16220E-01
    2.22300E+02    2.03202E-01    8.16114E-01
    2.22400E+02    2.03382E-01    8.15966E-01
    2.22500E+02    2.03480E-01    8.15886E-01
    2.22600E+02    2.03587E-01    8.15799E-01
    2.22700E+02    2.03718E-01    8.15692E-01
    2.22800E+02    2.03855E-01    8.15580E-01
    2.22900E+02    2.04001E-01    8.15461E-01
    2.23000E+02    2.04168E-01    8.15326E-01
    2.23100E+02    2.04331E-01    8.15193E-01
    2.23200E+02    2.04539E-01    8.15023E-01
    2.23300E+02    2.04718E-01    8.14877E-01
    2.23400E+02    2.04844E-01    8.14775E-01
    2.23500E+02    2.04955E-01    8.14684E-01
    2.23600E+02    2.05118E-01    8.14552E-01
    2.23700E+02    2.05303E-01    8.14401E-01
    2.23800E+02    2.05505E-01    8.14236E-01
    2.23900E+02    2.06006E-01    8.13828E-01
    2.24000E+02    2.05891E-01    8.13922E-01
    2.24100E+02    2.06070E-01    8.13776E-01
    2.24200E+02    2.06282E-01    8.13604E-01
    2.24300E+02    2.06499E-01    8.13427E-01
    2.24400E+02    2.06733E-01    8.13236E-01
    2.24500E+02    2.06978E-01    8.13037E-01
    2.24600E+02    2.07257E-01    8.12811E-01
    2.24700E+02    2.07609E-01    8.12525E-01
    2.24800E+02    2.08112E-01    8.12116E-01
    2.24900E+02    2.08335E-01    8.11935E-01
    2.25000E+02    2.08435E-01    8.11854E-01
    2.25100E+02    2.08641E-01    8.11687E-01
    2.25200E+02    2.08935E-01    8.11448E-01
    2.25300E+02    2.09220E-01    8.11217E-01
    2.25400E+02    2.09544E-01    8.10954E-01
    2.25500E+02    2.09901E-01    8.10665E-01
    2.25600E+02    2.10302E-01    8.10339E-01
    2.25700E+02    2.10815E-01    8.09924E-01
    2.25800E+02    2.11656E-01    8.09243E-01
    2.25900E+02    2.13233E-01    8.07968E-01
    2.26000E+02    2.19027E-01    8.03300E-01
    2.26100E+02    2.20126E-01    8.02417E-01
    2.26200E+02    2.13406E-01    8.07828E-01
    2.26300E+02    2.11941E-01    8.09013E-01
    2.26400E+02    2.11368E-01    8.09476E-01
    2.26500E+02    2.11083E-01    8.09707E-01
    2.26600E+02    2.10908E-01    8.09848E-01
    2.26700E+02    2.10801E-01    8.09936E-01
    2.26800E+02    2.10728E-01    8.09994E-01
    2.26900E+02    2.10692E-01    8.10024E-01
    2.27000E+02    2.10633E-01    8.10071E-01
    2.27100E+02    2.10613E-01    8.10088E-01
    2.27200E+02    2.10604E-01    8.10095E-01
    2.27300E+02    2.10617E-01    8.10084E-01
    2.27400E+02    2.10635E-01    8.10069E-01
    2.27500E+02    2.10662E-01    8.10048E-01
    2.27600E+02    2.10705E-01    8.10013E-01
    2.27700E+02    2.10760E-01    8.09968E-01
    2.27800E+02    2.10828E-01    8.09913E-01
    2.27900E+02    2.10894E-01    8.09860E-01
    2.28000E+02    2.10961E-01    8.09806E-01
    2.28100E+02    2.11040E-01    8.09741E-01
    2.28200E+02    2.11131E-01    8.09668E-01
    2.28300E+02    2.11236E-01    8.09583E-01
    2.28400E+02    2.11336E-01    8.09502E-01
    2.28500E+02    2.11465E-01    8.09398E-01
    2.28600E+02    2.11583E-01    8.09302E-01
    2.28700E+02    2.11720E-01    8.09191E-01
    2.28800E+02    2.11868E-01    8.09071E-01
    2.28900E+02    2.12031E-01    8.08939E-01
    2.29000E+02    2.12215E-01    8.08791E-01
    2.29100E+02    2.12449E-01    8.08601E-01
    2.29200E+02    2.12708E-01    8.08392E-01
    2.29300E+02    2.13114E-01    8.08064E-01
    2.29400E+02    2.13891E-01    8.07436E-01
    2.29500E+02    2.16371E-01    8.05436E-01
    2.29600E+02    2.21733E-01    8.01129E-01
    2.29700E+02    2.15131E-01    8.06435E-01
    2.29800E+02    2.14216E-01    8.07174E-01
    2.29900E+02    2.14036E-01    8.07319E-01
    2.30000E+02    2.14089E-01    8.07277E-01
    2.30100E+02    2.14211E-01    8.07178E-01
    2.30200E+02    2.14397E-01    8.07028E-01
    2.30300E+02    2.14651E-01    8.06823E-01
    2.30400E+02    2.14941E-01    8.06589E-01
    2.30500E+02    2.15295E-01    8.06303E-01
    2.30600E+02    2.15741E-01    8.05944E-01
    2.30700E+02    2.16330E-01    8.05470E-01
    2.30800E+02    2.17156E-01    8.04804E-01
    2.30900E+02    2.18433E-01    8.03777E-01
    2.31000E+02    2.20729E-01    8.01934E-01
    2.31100E+02    2.25839E-01    7.97846E-01
    2.31200E+02    2.42838E-01    7.84398E-01
    2.31300E+02    2.97724E-01    7.42506E-01
    2.31400E+02    2.34007E-01    7.91356E-01
    2.31500E+02    2.24356E-01    7.99031E-01
    2.31600E+02    2.21174E-01    8.01577E-01
    2.31700E+02    2.19842E-01    8.02645E-01
    2.31800E+02    2.19250E-01    8.03121E-01
    2.31900E+02    2.19037E-01    8.03292E-01
    2.32000E+02    2.19210E-01    8.03153E-01
    2.32100E+02    2.19081E-01    8.03257E-01
    2.32200E+02    2.19247E-01    8.03123E-01
    2.32300E+02    2.19500E-01    8.02920E-01
    2.32400E+02    2.19851E-01    8.02638E-01
    2.32500E+02    2.20407E-01    8.02193E-01
    2.32600E+02    2.20725E-01    8.01937E-01
    2.32700E+02    2.21351E-01    8.01435E-01
    2.32800E+02    2.21753E-01    8.01113E-01
    2.32900E+02    2.22353E-01    8.00632E-01
    2.33000E+02    2.23211E-01    7.99946E-01
    2.33100E+02    2.23893E-01    7.99401E-01
    2.33200E+02    2.24871E-01    7.98619E-01
    2.33300E+02    2.26110E-01    7.97630E-01
    2.33400E+02    2.27488E-01    7.96532E-01
    2.33500E+02    2.29077E-01    7.95267E-01
    2.33600E+02    2.31219E-01    7.93566E-01
    2.33700E+02    2.34139E-01    7.91251E-01
    2.33800E+02    2.38521E-01    7.87792E-01
    2.33900E+02    2.47378E-01    7.80846E-01
    2.34000E+02    2.46621E-01    7.81436E-01
    2.34100E+02    2.38937E-01    7.87465E-01
    2.34200E+02    2.35210E-01    7.90405E-01
    2.34300E+02    2.32766E-01    7.92339E-01
    2.34400E+02    2.31030E-01    7.93716E-01
    2.34500E+02    2.29773E-01    7.94714E-01
    2.34600E+02    2.28828E-01    7.95465E-01
    2.34700E+02    2.28131E-01    7.96020E-01
    2.34800E+02    2.27649E-01    7.96404E-01
    2.34900E+02    2.27417E-01    7.96589E-01
    2.35000E+02    2.27431E-01    7.96577E-01
    2.35100E+02    2.27847E-01    7.96246E-01
    2.35200E+02    2.28187E-01    7.95975E-01
    2.35300E+02    2.29305E-01    7.95086E-01
    2.35400E+02    2.31605E-01    7.93259E-01
    2.35500E+02    2.36819E-01    7.89134E-01
    2.35600E+02    2.52617E-01    7.76766E-01
    2.35700E+02    3.74918E-01    6.87345E-01
    2.35800E+02    2.59957E-01    7.71085E-01
    2.35900E+02    2.39528E-01    7.86999E-01
    2.36000E+02    2.32748E-01    7.92354E-01
    2.36100E+02    2.30073E-01    7.94476E-01
    2.36200E+02    2.28753E-01    7.95525E-01
    2.36300E+02    2.28193E-01    7.95971E-01
    2.36400E+02    2.28021E-01    7.96107E-01
    2.36500E+02    2.28207E-01    7.95959E-01
    2.36600E+02    2.28981E-01    7.95343E-01
    2.36700E+02    2.29785E-01    7.94705E-01
    2.36800E+02    2.31695E-01    7.93188E-01
    2.36900E+02    2.35665E-01    7.90045E-01
    2.37000E+02    2.45771E-01    7.82102E-01
    2.37100E+02    2.91694E-01    7.46997E-01
    2.37200E+02    2.83920E-01    7.52827E-01
    2.37300E+02    2.44935E-01    7.82755E-01
    2.37400E+02    2.35684E-01    7.90030E-01
    2.37500E+02    2.32194E-01    7.92792E-01
    2.37600E+02    2.30799E-01    7.93899E-01
    2.37700E+02    2.29694E-01    7.94777E-01
    2.37800E+02    2.29262E-01    7.95120E-01
    2.37900E+02    2.29095E-01    7.95253E-01
    2.38000E+02    2.29110E-01    7.95241E-01
    2.38100E+02    2.29293E-01    7.95095E-01
    2.38200E+02    2.29672E-01    7.94795E-01
    2.38300E+02    2.30445E-01    7.94180E-01
    2.38400E+02    2.33316E-01    7.91903E-01
    2.38500E+02    2.32510E-01    7.92542E-01
    2.38600E+02    2.32482E-01    7.92564E-01
    2.38700E+02    2.34034E-01    7.91335E-01
    2.38800E+02    2.36568E-01    7.89333E-01
    2.38900E+02    2.42705E-01    7.84503E-01
    2.39000E+02    2.62393E-01    7.69208E-01
    2.39100E+02    3.93343E-01    6.74798E-01
    2.39200E+02    2.58594E-01    7.72137E-01
    2.39300E+02    2.43414E-01    7.83947E-01
    2.39400E+02    2.38563E-01    7.87759E-01
    2.39500E+02    2.36672E-01    7.89250E-01
    2.39600E+02    2.36334E-01    7.89517E-01
    2.39700E+02    2.35215E-01    7.90401E-01
    2.39800E+02    2.35365E-01    7.90283E-01
    2.39900E+02    2.35870E-01    7.89883E-01
    2.40000E+02    2.35648E-01    7.90059E-01
    2.40100E+02    2.35251E-01    7.90373E-01
    2.40200E+02    2.35282E-01    7.90348E-01
    2.40300E+02    2.35402E-01    7.90253E-01
    2.40400E+02    2.35139E-01    7.90461E-01
    2.40500E+02    2.35182E-01    7.90427E-01
    2.40600E+02    2.34984E-01    7.90584E-01
    2.40700E+02    2.35188E-01    7.90422E-01
    2.40800E+02    2.35297E-01    7.90336E-01
    2.40900E+02    2.36201E-01    7.89622E-01
    2.41000E+02    2.35768E-01    7.89964E-01
    2.41100E+02    2.36249E-01    7.89584E-01
    2.41200E+02    2.39120E-01    7.87321E-01
    2.41300E+02    2.38050E-01    7.88163E-01
    2.41400E+02    2.37231E-01    7.88809E-01
    2.41500E+02    2.37577E-01    7.88536E-01
    2.41600E+02    2.37904E-01    7.88278E-01
    2.41700E+02    2.38491E-01    7.87816E-01
    2.41800E+02    2.39345E-01    7.87143E-01
    2.41900E+02    2.40679E-01    7.86094E-01
    2.42000E+02    2.43026E-01    7.84251E-01
    2.42100E+02    2.47952E-01    7.80398E-01
    2.42200E+02    2.61902E-01    7.69587E-01
    2.42300E+02    3.50042E-01    7.04659E-01
    2.42400E+02    2.75314E-01    7.59334E-01
    2.42500E+02    2.51908E-01    7.77316E-01
    2.42600E+02    2.45322E-01    7.82452E-01
    2.42700E+02    2.42721E-01    7.84491E-01
    2.42800E+02    2.41639E-01    7.85340E-01
    2.42900E+02    2.41430E-01    7.85504E-01
    2.43000E+02    2.42089E-01    7.84987E-01
    2.43100E+02    2.43365E-01    7.83986E-01
    2.43200E+02    2.46489E-01    7.81540E-01
    2.43300E+02    2.55083E-01    7.74852E-01
    2.43400E+02    2.91630E-01    7.47045E-01
    2.43500E+02    2.97172E-01    7.42917E-01
    2.43600E+02    2.56023E-01    7.74124E-01
    2.43700E+02    2.46976E-01    7.81159E-01
    2.43800E+02    2.43728E-01    7.83701E-01
    2.43900E+02    2.42604E-01    7.84582E-01
    2.44000E+02    2.43150E-01    7.84154E-01
    2.44100E+02    2.48339E-01    7.80096E-01
    2.44200E+02    2.50630E-01    7.78310E-01
    2.44300E+02    2.42576E-01    7.84604E-01
    2.44400E+02    2.40998E-01    7.85843E-01
    2.44500E+02    2.40030E-01    7.86605E-01
    2.44600E+02    2.39709E-01    7.86857E-01
    2.44700E+02    2.39537E-01    7.86992E-01
    2.44800E+02    2.39576E-01    7.86962E-01
    2.44900E+02    2.39594E-01    7.86947E-01
    2.45000E+02    2.39648E-01    7.86905E-01
    2.45100E+02    2.39692E-01    7.86870E-01
    2.45200E+02    2.39770E-01    7.86809E-01
    2.45300E+02    2.39883E-01    7.86720E-01
    2.45400E+02    2.40009E-01    7.86621E-01
    2.45500E+02    2.40155E-01    7.86506E-01
    2.45600E+02    2.40323E-01    7.86374E-01
    2.45700E+02    2.40525E-01    7.86215E-01
    2.45800E+02    2.41062E-01    7.85793E-01
    2.45900E+02    2.40852E-01    7.85958E-01
    2.46000E+02    2.41011E-01    7.85833E-01
    2.46100E+02    2.41207E-01    7.85679E-01
    2.46200E+02    2.41439E-01    7.85497E-01
    2.46300E+02    2.41740E-01    7.85261E-01
    2.46400E+02    2.42101E-01    7.84977E-01
    2.46500E+02    2.44076E-01    7.83428E-01
    2.46600E+02    2.42745E-01    7.84471E-01
    2.46700E+02    2.42692E-01    7.84513E-01
    2.46800E+02    2.42898E-01    7.84351E-01
    2.46900E+02    2.43174E-01    7.84135E-01
    2.47000E+02    2.43510E-01    7.83872E-01
    2.47100E+02    2.43931E-01    7.83542E-01
    2.47200E+02    2.44348E-01    7.83215E-01
    2.47300E+02    2.44924E-01    7.82764E-01
    2.47400E+02    2.45681E-01    7.82171E-01
    2.47500E+02    2.46857E-01    7.81253E-01
    2.47600E+02    2.49097E-01    7.79504E-01
    2.47700E+02    2.56057E-01    7.74098E-01
    2.47800E+02    2.62048E-01    7.69474E-01
    2.47900E+02    2.55397E-01    7.74609E-01
    2.48000E+02    2.60005E-01    7.71048E-01
    2.48100E+02    2.81323E-01    7.54784E-01
    2.48200E+02    3.62398E-01    6.96005E-01
    2.48300E+02    2.70443E-01    7.63042E-01
    2.48400E+02    2.56981E-01    7.73383E-01
    2.48500E+02    2.52564E-01    7.76807E-01
    2.48600E+02    2.50706E-01    7.78251E-01
    2.48700E+02    2.49974E-01    7.78821E-01
    2.48800E+02    2.49546E-01    7.79155E-01
    2.48900E+02    2.49504E-01    7.79187E-01
    2.49000E+02    2.49733E-01    7.79009E-01
    2.49100E+02    2.50175E-01    7.78665E-01
    2.49200E+02    2.50865E-01    7.78128E-01
    2.49300E+02    2.51953E-01    7.77281E-01
    2.49400E+02    2.53711E-01    7.75916E-01
    2.49500E+02    2.56791E-01    7.73530E-01
    2.49600E+02    2.63181E-01    7.68603E-01
    2.49700E+02    2.81745E-01    7.54466E-01
    2.49800E+02    3.63279E-01    6.95392E-01
    2.49900E+02    3.14900E-01    7.29862E-01
    2.50000E+02    3.26832E-01    7.21205E-01
    2.50100E+02    2.73602E-01    7.60635E-01
    2.50200E+02    2.62277E-01    7.69298E-01
    2.50300E+02    2.57916E-01    7.72660E-01
    2.50400E+02    2.54968E-01    7.74941E-01
    2.50500E+02    2.53674E-01    7.75944E-01
    2.50600E+02    2.52881E-01    7.76561E-01
    2.50700E+02    2.52573E-01    7.76799E-01
    2.50800E+02    2.52195E-01    7.77093E-01
    2.50900E+02    2.51995E-01    7.77249E-01
    2.51000E+02    2.51930E-01    7.77299E-01
    2.51100E+02    2.51936E-01    7.77294E-01
    2.51200E+02    2.52103E-01    7.77165E-01
    2.51300E+02    2.52061E-01    7.77197E-01
    2.51400E+02    2.52157E-01    7.77122E-01
    2.51500E+02    2.52282E-01    7.77026E-01
    2.51600E+02    2.52425E-01    7.76915E-01
    2.51700E+02    2.52585E-01    7.76791E-01
    2.51800E+02    2.52752E-01    7.76660E-01
    2.51900E+02    2.52938E-01    7.76516E-01
    2.52000E+02    2.53150E-01    7.76352E-01
    2.52100E+02    2.53551E-01    7.76040E-01
    2.52200E+02    2.53573E-01    7.76023E-01
    2.52300E+02    2.53841E-01    7.75815E-01
    2.52400E+02    2.54079E-01    7.75631E-01
    2.52500E+02    2.54510E-01    7.75296E-01
    2.52600E+02    2.54725E-01    7.75130E-01
    2.52700E+02    2.55475E-01    7.74548E-01
    2.52800E+02    2.55454E-01    7.74565E-01
    2.52900E+02    2.55266E-01    7.74711E-01
    2.53000E+02    2.55437E-01    7.74578E-01
    2.53100E+02    2.55660E-01    7.74405E-01
    2.53200E+02    2.55907E-01    7.74214E-01
    2.53300E+02    2.56233E-01    7.73961E-01
    2.53400E+02    2.56789E-01    7.73531E-01
    2.53500E+02    2.56697E-01    7.73603E-01
    2.53600E+02    2.56985E-01    7.73380E-01
    2.53700E+02    2.57616E-01    7.72892E-01
    2.53800E+02    2.57763E-01    7.72779E-01
    2.53900E+02    2.57917E-01    7.72660E-01
    2.54000E+02    2.58176E-01    7.72459E-01
    2.54100E+02    2.58526E-01    7.72189E-01
    2.54200E+02    2.59071E-01    7.71768E-01
    2.54300E+02    2.60861E-01    7.70388E-01
    2.54400E+02    2.59630E-01    7.71337E-01
    2.54500E+02    2.59755E-01    7.71241E-01
    2.54600E+02    2.60026E-01    7.71031E-01
    2.54700E+02    2.60449E-01    7.70705E-01
    2.54800E+02    2.60641E-01    7.70558E-01
    2.54900E+02    2.61437E-01    7.69944E-01
    2.55000E+02    2.61150E-01    7.70166E-01
    2.55100E+02    2.61332E-01    7.70025E-01
    2.55200E+02    2.61534E-01    7.69870E-01
    2.55300E+02    2.61681E-01    7.69757E-01
    2.55400E+02    2.61831E-01    7.69641E-01
    2.55500E+02    2.61977E-01    7.69529E-01
    2.55600E+02    2.62115E-01    7.69422E-01
    2.55700E+02    2.62258E-01    7.69312E-01
    2.55800E+02    2.62419E-01    7.69189E-01
    2.55900E+02    2.62544E-01    7.69093E-01
    2.56000E+02    2.62715E-01    7.68961E-01
    2.56100E+02    2.62874E-01    7.68839E-01
    2.56200E+02    2.62975E-01    7.68761E-01
    2.56300E+02    2.63134E-01    7.68639E-01
    2.56400E+02    2.63332E-01    7.68487E-01
    2.56500E+02    2.63530E-01    7.68335E-01
    2.56600E+02    2.63716E-01    7.68192E-01
    2.56700E+02    2.64011E-01    7.67965E-01
    2.56800E+02    2.64160E-01    7.67850E-01
    2.56900E+02    2.64763E-01    7.67388E-01
    2.57000E+02    2.64519E-01    7.67575E-01
    2.57100E+02    2.64695E-01    7.67440E-01
    2.57200E+02    2.64929E-01    7.67260E-01
    2.57300E+02    2.65188E-01    7.67062E-01
    2.57400E+02    2.65497E-01    7.66824E-01
    2.57500E+02    2.65815E-01    7.66581E-01
    2.57600E+02    2.66198E-01    7.66287E-01
    2.57700E+02    2.66602E-01    7.65978E-01
    2.57800E+02    2.67162E-01    7.65549E-01
    2.57900E+02    2.67782E-01    7.65074E-01
    2.58000E+02    2.68971E-01    7.64165E-01
    2.58100E+02    2.71610E-01    7.62152E-01
    2.58200E+02    2.92974E-01    7.46041E-01
    2.58300E+02    2.74126E-01    7.60236E-01
    2.58400E+02    2.73859E-01    7.60439E-01
    2.58500E+02    2.77475E-01    7.57694E-01
    2.58600E+02    2.89226E-01    7.48843E-01
    2.58700E+02    3.67175E-01    6.92689E-01
    2.58800E+02    2.98691E-01    7.41789E-01
    2.58900E+02    2.80146E-01    7.55674E-01
    2.59000E+02    2.74790E-01    7.59732E-01
    2.59100E+02    2.72597E-01    7.61400E-01
    2.59200E+02    2.71579E-01    7.62175E-01
    2.59300E+02    2.71035E-01    7.62590E-01
    2.59400E+02    2.70794E-01    7.62774E-01
    2.59500E+02    2.70858E-01    7.62725E-01
    2.59600E+02    2.70650E-01    7.62883E-01
    2.59700E+02    2.70680E-01    7.62861E-01
    2.59800E+02    2.70771E-01    7.62791E-01
    2.59900E+02    2.70908E-01    7.62687E-01
    2.60000E+02    2.71130E-01    7.62517E-01
    2.60100E+02    2.71267E-01    7.62413E-01
    2.60200E+02    2.71398E-01    7.62313E-01
    2.60300E+02    2.71581E-01    7.62173E-01
    2.60400E+02    2.71793E-01    7.62012E-01
    2.60500E+02    2.72041E-01    7.61823E-01
    2.60600E+02    2.72294E-01    7.61630E-01
    2.60700E+02    2.72580E-01    7.61412E-01
    2.60800E+02    2.73513E-01    7.60703E-01
    2.60900E+02    2.73108E-01    7.61011E-01
    2.61000E+02    2.73202E-01    7.60939E-01
    2.61100E+02    2.73470E-01    7.60735E-01
    2.61200E+02    2.73666E-01    7.60586E-01
    2.61300E+02    2.73920E-01    7.60393E-01
    2.61400E+02    2.74179E-01    7.60196E-01
    2.61500E+02    2.74444E-01    7.59995E-01
    2.61600E+02    2.74728E-01    7.59779E-01
    2.61700E+02    2.75041E-01    7.59541E-01
    2.61800E+02    2.75343E-01    7.59312E-01
    2.61900E+02    2.75639E-01    7.59087E-01
    2.62000E+02    2.75987E-01    7.58822E-01
    2.62100E+02    2.76333E-01    7.58561E-01
    2.62200E+02    2.76707E-01    7.58277E-01
    2.62300E+02    2.77154E-01    7.57938E-01
    2.62400E+02    2.77711E-01    7.57516E-01
    2.62500E+02    2.78492E-01    7.56924E-01
    2.62600E+02    2.79466E-01    7.56188E-01
    2.62700E+02    2.81614E-01    7.54565E-01
    2.62800E+02    2.89402E-01    7.48711E-01
    2.62900E+02    2.93313E-01    7.45789E-01
    2.63000E+02    2.83805E-01    7.52913E-01
    2.63100E+02    2.82713E-01    7.53736E-01
    2.63200E+02    2.84698E-01    7.52242E-01
    2.63300E+02    2.84143E-01    7.52659E-01
    2.63400E+02    2.86444E-01    7.50929E-01
    2.63500E+02    2.92072E-01    7.46715E-01
    2.63600E+02    3.10363E-01    7.33180E-01
    2.63700E+02    4.30362E-01    6.50274E-01
    2.63800E+02    3.07746E-01    7.35102E-01
    2.63900E+02    2.98796E-01    7.41711E-01
    2.64000E+02    2.88495E-01    7.49391E-01
    2.64100E+02    2.85943E-01    7.51305E-01
    2.64200E+02    2.84897E-01    7.52092E-01
    2.64300E+02    2.84479E-01    7.52406E-01
    2.64400E+02    2.84379E-01    7.52482E-01
    2.64500E+02    2.84556E-01    7.52348E-01
    2.64600E+02    2.85002E-01    7.52013E-01
    2.64700E+02    2.85843E-01    7.51380E-01
    2.64800E+02    2.87920E-01    7.49822E-01
    2.64900E+02    2.99068E-01    7.41509E-01
    2.65000E+02    2.91266E-01    7.47317E-01
    2.65100E+02    2.87505E-01    7.50133E-01
    2.65200E+02    2.86707E-01    7.50731E-01
    2.65300E+02    2.86558E-01    7.50844E-01
    2.65400E+02    2.86659E-01    7.50768E-01
    2.65500E+02    2.86882E-01    7.50601E-01
    2.65600E+02    2.87179E-01    7.50377E-01
    2.65700E+02    2.87476E-01    7.50155E-01
    2.65800E+02    2.87814E-01    7.49901E-01
    2.65900E+02    2.88150E-01    7.49649E-01
    2.66000E+02    2.88488E-01    7.49396E-01
    2.66100E+02    2.88846E-01    7.49127E-01
    2.66200E+02    2.89220E-01    7.48848E-01
    2.66300E+02    2.89452E-01    7.48674E-01
    2.66400E+02    2.89752E-01    7.48449E-01
    2.66500E+02    2.90098E-01    7.48190E-01
    2.66600E+02    2.90511E-01    7.47881E-01
    2.66700E+02    2.91059E-01    7.47472E-01
    2.66800E+02    2.91841E-01    7.46887E-01
    2.66900E+02    2.93119E-01    7.45933E-01
    2.67000E+02    2.95418E-01    7.44221E-01
    2.67100E+02    3.00870E-01    7.40174E-01
    2.67200E+02    3.21075E-01    7.25369E-01
    2.67300E+02    3.43929E-01    7.08979E-01
    2.67400E+02    3.04893E-01    7.37203E-01
    2.67500E+02    2.97334E-01    7.42796E-01
    2.67600E+02    2.94632E-01    7.44806E-01
    2.67700E+02    2.93406E-01    7.45719E-01
    2.67800E+02    2.92802E-01    7.46170E-01
    2.67900E+02    2.92501E-01    7.46395E-01
    2.68000E+02    2.92373E-01    7.46490E-01
    2.68100E+02    2.92380E-01    7.46485E-01
    2.68200E+02    2.92753E-01    7.46207E-01
    2.68300E+02    2.92514E-01    7.46385E-01
    2.68400E+02    2.92627E-01    7.46301E-01
    2.68500E+02    2.92854E-01    7.46131E-01
    2.68600E+02    2.93434E-01    7.45698E-01
    2.68700E+02    2.93943E-01    7.45319E-01
    2.68800E+02    2.93359E-01    7.45755E-01
    2.68900E+02    2.93432E-01    7.45700E-01
    2.69000E+02    2.93588E-01    7.45583E-01
    2.69100E+02    2.93781E-01    7.45440E-01
    2.69200E+02    2.93981E-01    7.45291E-01
    2.69300E+02    2.94195E-01    7.45131E-01
    2.69400E+02    2.94417E-01    7.44965E-01
    2.69500E+02    2.94660E-01    7.44785E-01
    2.69600E+02    2.94885E-01    7.44617E-01
    2.69700E+02    2.95117E-01    7.44445E-01
    2.69800E+02    2.95368E-01    7.44258E-01
    2.69900E+02    2.95616E-01    7.44073E-01
    2.70000E+02    2.95870E-01    7.43884E-01
    2.70100E+02    2.96153E-01    7.43674E-01
    2.70200E+02    2.96383E-01    7.43503E-01
    2.70300E+02    2.96658E-01    7.43298E-01
    2.70400E+02    2.96958E-01    7.43075E-01
    2.70500E+02    2.97278E-01    7.42838E-01
    2.70600E+02    2.97499E-01    7.42673E-01
    2.70700E+02    2.97875E-01    7.42394E-01
    2.70800E+02    2.98174E-01    7.42172E-01
    2.70900E+02    2.98610E-01    7.41849E-01
    2.71000E+02    2.99049E-01    7.41523E-01
    2.71100E+02    3.01653E-01    7.39594E-01
    2.71200E+02    2.99515E-01    7.41178E-01
    2.71300E+02    2.99706E-01    7.41036E-01
    2.71400E+02    2.99801E-01    7.40965E-01
    2.71500E+02    3.00065E-01    7.40770E-01
    2.71600E+02    3.00373E-01    7.40542E-01
    2.71700E+02    3.00723E-01    7.40282E-01
    2.71800E+02    3.01154E-01    7.39964E-01
    2.71900E+02    3.02180E-01    7.39205E-01
    2.72000E+02    3.02050E-01    7.39301E-01
    2.72100E+02    3.02243E-01    7.39159E-01
    2.72200E+02    3.02654E-01    7.38855E-01
    2.72300E+02    3.03161E-01    7.38480E-01
    2.72400E+02    3.03795E-01    7.38012E-01
    2.72500E+02    3.04614E-01    7.37408E-01
    2.72600E+02    3.05737E-01    7.36580E-01
    2.72700E+02    3.07525E-01    7.35265E-01
    2.72800E+02    3.10765E-01    7.32886E-01
    2.72900E+02    3.18618E-01    7.27153E-01
    2.73000E+02    3.51927E-01    7.03331E-01
    2.73100E+02    3.53727E-01    7.02067E-01
    2.73200E+02    3.19804E-01    7.26291E-01
    2.73300E+02    3.12463E-01    7.31642E-01
    2.73400E+02    3.09730E-01    7.33645E-01
    2.73500E+02    3.08596E-01    7.34478E-01
    2.73600E+02    3.08136E-01    7.34816E-01
    2.73700E+02    3.08014E-01    7.34905E-01
    2.73800E+02    3.08167E-01    7.34793E-01
    2.73900E+02    3.08608E-01    7.34468E-01
    2.74000E+02    3.09085E-01    7.34118E-01
    2.74100E+02    3.09878E-01    7.33536E-01
    2.74200E+02    3.11434E-01    7.32396E-01
    2.74300E+02    3.14898E-01    7.29864E-01
    2.74400E+02    3.26540E-01    7.21416E-01
    2.74500E+02    3.56671E-01    7.00003E-01
    2.74600E+02    3.19968E-01    7.26173E-01
    2.74700E+02    3.14019E-01    7.30505E-01
    2.74800E+02    3.12076E-01    7.31926E-01
    2.74900E+02    3.11322E-01    7.32478E-01
    2.75000E+02    3.11077E-01    7.32657E-01
    2.75100E+02    3.10978E-01    7.32730E-01
    2.75200E+02    3.11108E-01    7.32635E-01
    2.75300E+02    3.11115E-01    7.32630E-01
    2.75400E+02    3.11267E-01    7.32518E-01
    2.75500E+02    3.11448E-01    7.32386E-01
    2.75600E+02    3.11659E-01    7.32231E-01
    2.75700E+02    3.11913E-01    7.32045E-01
    2.75800E+02    3.12180E-01    7.31850E-01
    2.75900E+02    3.12478E-01    7.31632E-01
    2.76000E+02    3.12747E-01    7.31435E-01
    2.76100E+02    3.13064E-01    7.31203E-01
    2.76200E+02    3.13410E-01    7.30950E-01
    2.76300E+02    3.13800E-01    7.30665E-01
    2.76400E+02    3.14239E-01    7.30344E-01
    2.76500E+02    3.14787E-01    7.29944E-01
    2.76600E+02    3.15548E-01    7.29389E-01
    2.76700E+02    3.16850E-01    7.28440E-01
    2.76800E+02    3.20008E-01    7.26143E-01
    2.76900E+02    3.37419E-01    7.13610E-01
    2.77000E+02    3.24496E-01    7.22892E-01
    2.77100E+02    3.19095E-01    7.26807E-01
    2.77200E+02    3.17710E-01    7.27814E-01
    2.77300E+02    3.17320E-01    7.28098E-01
    2.77400E+02    3.17308E-01    7.28107E-01
    2.77500E+02    3.17436E-01    7.28014E-01
    2.77600E+02    3.17571E-01    7.27915E-01
    2.77700E+02    3.17778E-01    7.27764E-01
    2.77800E+02    3.18052E-01    7.27565E-01
    2.77900E+02    3.18468E-01    7.27262E-01
    2.78000E+02    3.18663E-01    7.27121E-01
    2.78100E+02    3.18967E-01    7.26899E-01
    2.78200E+02    3.19203E-01    7.26728E-01
    2.78300E+02    3.19557E-01    7.26470E-01
    2.78400E+02    3.20093E-01    7.26081E-01
    2.78500E+02    3.21400E-01    7.25133E-01
    2.78600E+02    3.20830E-01    7.25547E-01
    2.78700E+02    3.20915E-01    7.25485E-01
    2.78800E+02    3.21225E-01    7.25260E-01
    2.78900E+02    3.21630E-01    7.24967E-01
    2.79000E+02    3.22126E-01    7.24607E-01
    2.79100E+02    3.22772E-01    7.24139E-01
    2.79200E+02    3.23797E-01    7.23397E-01
    2.79300E+02    3.26083E-01    7.21745E-01
    2.79400E+02    3.30150E-01    7.18816E-01
    2.79500E+02    3.48233E-01    7.05934E-01
    2.79600E+02    3.28947E-01    7.19681E-01
    2.79700E+02    3.26731E-01    7.21278E-01
    2.79800E+02    3.27422E-01    7.20779E-01
    2.79900E+02    3.37388E-01    7.13632E-01
    2.80000E+02    3.27038E-01    7.21056E-01
    2.80100E+02    3.26009E-01    7.21798E-01
    2.80200E+02    3.25862E-01    7.21905E-01
    2.80300E+02    3.25952E-01    7.21840E-01
    2.80400E+02    3.26146E-01    7.21700E-01
    2.80500E+02    3.26383E-01    7.21529E-01
    2.80600E+02    3.26663E-01    7.21327E-01
    2.80700E+02    3.26984E-01    7.21095E-01
    2.80800E+02    3.27385E-01    7.20806E-01
    2.80900E+02    3.28189E-01    7.20227E-01
    2.81000E+02    3.30948E-01    7.18242E-01
    2.81100E+02    3.28580E-01    7.19946E-01
    2.81200E+02    3.28810E-01    7.19780E-01
    2.81300E+02    3.28925E-01    7.19697E-01
    2.81400E+02    3.29332E-01    7.19404E-01
    2.81500E+02    3.30299E-01    7.18708E-01
    2.81600E+02    3.30100E-01    7.18852E-01
    2.81700E+02    3.30193E-01    7.18785E-01
    2.81800E+02    3.30508E-01    7.18558E-01
    2.81900E+02    3.30979E-01    7.18220E-01
    2.82000E+02    3.31526E-01    7.17827E-01
    2.82100E+02    3.31648E-01    7.17740E-01
    2.82200E+02    3.31999E-01    7.17488E-01
    2.82300E+02    3.32457E-01    7.17159E-01
    2.82400E+02    3.32836E-01    7.16888E-01
    2.82500E+02    3.33444E-01    7.16452E-01
    2.82600E+02    3.34374E-01    7.15786E-01
    2.82700E+02    3.36365E-01    7.14362E-01
    2.82800E+02    3.45237E-01    7.08053E-01
    2.82900E+02    3.41386E-01    7.10785E-01
    2.83000E+02    3.36764E-01    7.14078E-01
    2.83100E+02    3.35886E-01    7.14705E-01
    2.83200E+02    3.35744E-01    7.14806E-01
    2.83300E+02    3.35824E-01    7.14749E-01
    2.83400E+02    3.36063E-01    7.14578E-01
    2.83500E+02    3.36301E-01    7.14408E-01
    2.83600E+02    3.36584E-01    7.14206E-01
    2.83700E+02    3.36902E-01    7.13979E-01
    2.83800E+02    3.37240E-01    7.13738E-01
    2.83900E+02    3.37591E-01    7.13487E-01
    2.84000E+02    3.37973E-01    7.13215E-01
    2.84100E+02    3.38328E-01    7.12961E-01
    2.84200E+02    3.38709E-01    7.12690E-01
    2.84300E+02    3.39146E-01    7.12379E-01
    2.84400E+02    3.40011E-01    7.11762E-01
    2.84500E+02    3.39970E-01    7.11791E-01
    2.84600E+02    3.40484E-01    7.11426E-01
    2.84700E+02    3.40801E-01    7.11200E-01
    2.84800E+02    3.41301E-01    7.10845E-01
    2.84900E+02    3.41782E-01    7.10503E-01
    2.85000E+02    3.42273E-01    7.10154E-01
    2.85100E+02    3.42852E-01    7.09743E-01
    2.85200E+02    3.43508E-01    7.09278E-01
    2.85300E+02    3.44265E-01    7.08741E-01
    2.85400E+02    3.45173E-01    7.08098E-01
    2.85500E+02    3.46319E-01    7.07287E-01
    2.85600E+02    3.47927E-01    7.06150E-01
    2.85700E+02    3.50078E-01    7.04633E-01
    2.85800E+02    3.53803E-01    7.02013E-01
    2.85900E+02    3.61315E-01    6.96760E-01
    2.86000E+02    3.82538E-01    6.82128E-01
    2.86100E+02    4.76123E-01    6.21187E-01
    2.86200E+02    4.30494E-01    6.50188E-01
    2.86300E+02    4.26513E-01    6.52782E-01
    2.86400E+02    3.67991E-01    6.92123E-01
    2.86500E+02    3.58018E-01    6.99060E-01
    2.86600E+02    3.54155E-01    7.01766E-01
    2.86700E+02    3.52319E-01    7.03056E-01
    2.86800E+02    3.51380E-01    7.03716E-01
    2.86900E+02    3.50930E-01    7.04033E-01
    2.87000E+02    3.50811E-01    7.04117E-01
    2.87100E+02    3.50662E-01    7.04221E-01
    2.87200E+02    3.50723E-01    7.04179E-01
    2.87300E+02    3.50880E-01    7.04068E-01
    2.87400E+02    3.51103E-01    7.03911E-01
    2.87500E+02    3.51380E-01    7.03716E-01
    2.87600E+02    3.51700E-01    7.03491E-01
    2.87700E+02    3.52059E-01    7.03239E-01
    2.87800E+02    3.52465E-01    7.02953E-01
    2.87900E+02    3.52919E-01    7.02634E-01
    2.88000E+02    3.53435E-01    7.02271E-01
    2.88100E+02    3.54023E-01    7.01859E-01
    2.88200E+02    3.54729E-01    7.01363E-01
    2.88300E+02    3.55677E-01    7.00699E-01
    2.88400E+02    3.56699E-01    6.99983E-01
    2.88500E+02    3.58211E-01    6.98926E-01
    2.88600E+02    3.60632E-01    6.97235E-01
    2.88700E+02    3.65092E-01    6.94133E-01
    2.88800E+02    3.75613E-01    6.86868E-01
    2.88900E+02    4.16421E-01    6.59403E-01
    2.89000E+02    4.41323E-01    6.43185E-01
    2.89100E+02    3.80581E-01    6.83465E-01
    2.89200E+02    3.68247E-01    6.91947E-01
    2.89300E+02    3.63792E-01    6.95036E-01
    2.89400E+02    3.61820E-01    6.96408E-01
    2.89500E+02    3.60880E-01    6.97062E-01
    2.89600E+02    3.60444E-01    6.97366E-01
    2.89700E+02    3.60297E-01    6.97469E-01
    2.89800E+02    3.60396E-01    6.97400E-01
    2.89900E+02    3.60575E-01    6.97275E-01
    2.90000E+02    3.60776E-01    6.97135E-01
    2.90100E+02    3.60849E-01    6.97084E-01
    2.90200E+02    3.61096E-01    6.96912E-01
    2.90300E+02    3.61399E-01    6.96701E-01
    2.90400E+02    3.61753E-01    6.96455E-01
    2.90500E+02    3.62172E-01    6.96163E-01
    2.90600E+02    3.62606E-01    6.95861E-01
    2.90700E+02    3.63147E-01    6.95484E-01
    2.90800E+02    3.63989E-01    6.94899E-01
    2.90900E+02    3.66179E-01    6.93379E-01
    2.91000E+02    3.70870E-01    6.90133E-01
    2.91100E+02    3.65812E-01    6.93633E-01
    2.91200E+02    3.65374E-01    6.93937E-01
    2.91300E+02    3.65651E-01    6.93745E-01
    2.91400E+02    3.65893E-01    6.93577E-01
    2.91500E+02    3.66136E-01    6.93409E-01
    2.91600E+02    3.66643E-01    6.93057E-01
    2.91700E+02    3.69445E-01    6.91118E-01
    2.91800E+02    3.67425E-01    6.92515E-01
    2.91900E+02    3.67707E-01    6.92320E-01
    2.92000E+02    3.68117E-01    6.92036E-01
    2.92100E+02    3.68587E-01    6.91711E-01
    2.92200E+02    3.69098E-01    6.91358E-01
    2.92300E+02    3.69649E-01    6.90977E-01
    2.92400E+02    3.70284E-01    6.90538E-01
    2.92500E+02    3.71194E-01    6.89910E-01
    2.92600E+02    3.71911E-01    6.89415E-01
    2.92700E+02    3.72791E-01    6.88809E-01
    2.92800E+02    3.74220E-01    6.87826E-01
    2.92900E+02    3.76611E-01    6.86183E-01
    2.93000E+02    3.81695E-01    6.82703E-01
    2.93100E+02    3.98856E-01    6.71087E-01
    2.93200E+02    4.26738E-01    6.52634E-01
    2.93300E+02    3.88218E-01    6.78265E-01
    2.93400E+02    3.82757E-01    6.81979E-01
    2.93500E+02    3.86858E-01    6.79188E-01
    2.93600E+02    3.85526E-01    6.80093E-01
    2.93700E+02    3.79328E-01    6.84321E-01
    2.93800E+02    3.77946E-01    6.85267E-01
    2.93900E+02    3.77535E-01    6.85549E-01
    2.94000E+02    3.77504E-01    6.85571E-01
    2.94100E+02    3.77649E-01    6.85471E-01
    2.94200E+02    3.77903E-01    6.85297E-01
    2.94300E+02    3.78210E-01    6.85087E-01
    2.94400E+02    3.78563E-01    6.84845E-01
    2.94500E+02    3.78954E-01    6.84577E-01
    2.94600E+02    3.79446E-01    6.84241E-01
    2.94700E+02    3.79763E-01    6.84024E-01
    2.94800E+02    3.80202E-01    6.83723E-01
    2.94900E+02    3.80635E-01    6.83427E-01
    2.95000E+02    3.81086E-01    6.83119E-01
    2.95100E+02    3.81539E-01    6.82810E-01
    2.95200E+02    3.82035E-01    6.82471E-01
    2.95300E+02    3.82664E-01    6.82042E-01
    2.95400E+02    3.83147E-01    6.81713E-01
    2.95500E+02    3.83579E-01    6.81418E-01
    2.95600E+02    3.83957E-01    6.81160E-01
    2.95700E+02    3.84453E-01    6.80823E-01
    2.95800E+02    3.85063E-01    6.80408E-01
    2.95900E+02    3.85495E-01    6.80114E-01
    2.96000E+02    3.86088E-01    6.79711E-01
    2.96100E+02    3.86803E-01    6.79225E-01
    2.96200E+02    3.87107E-01    6.79018E-01
    2.96300E+02    3.87658E-01    6.78644E-01
    2.96400E+02    3.88530E-01    6.78053E-01
    2.96500E+02    3.88803E-01    6.77868E-01
    2.96600E+02    3.89376E-01    6.77480E-01
    2.96700E+02    3.89995E-01    6.77060E-01
    2.96800E+02    3.90685E-01    6.76593E-01
    2.96900E+02    3.91341E-01    6.76150E-01
    2.97000E+02    3.92133E-01    6.75614E-01
    2.97100E+02    3.93388E-01    6.74767E-01
    2.97200E+02    3.95379E-01    6.73424E-01
    2.97300E+02    3.94481E-01    6.74030E-01
    2.97400E+02    3.95219E-01    6.73533E-01
    2.97500E+02    3.95788E-01    6.73150E-01
    2.97600E+02    3.96614E-01    6.72594E-01
    2.97700E+02    3.97560E-01    6.71958E-01
    2.97800E+02    3.98614E-01    6.71250E-01
    2.97900E+02    3.99803E-01    6.70452E-01
    2.98000E+02    4.01166E-01    6.69539E-01
    2.98100E+02    4.02790E-01    6.68452E-01
    2.98200E+02    4.04820E-01    6.67097E-01
    2.98300E+02    4.07759E-01    6.65139E-01
    2.98400E+02    4.12467E-01    6.62015E-01
    2.98500E+02    4.16654E-01    6.59249E-01
    2.98600E+02    4.11458E-01    6.62683E-01
    2.98700E+02    4.08567E-01    6.64602E-01
    2.98800E+02    4.07855E-01    6.65076E-01
    2.98900E+02    4.06843E-01    6.65748E-01
    2.99000E+02    4.06452E-01    6.66009E-01
    2.99100E+02    4.06312E-01    6.66102E-01
    2.99200E+02    4.06341E-01    6.66083E-01
    2.99300E+02    4.06558E-01    6.65938E-01
    2.99400E+02    4.07190E-01    6.65518E-01
    2.99500E+02    4.09984E-01    6.63661E-01
    2.99600E+02    4.07630E-01    6.65225E-01
    2.99700E+02    4.07936E-01    6.65021E-01
    2.99800E+02    4.08078E-01    6.64927E-01
    2.99900E+02    4.08524E-01    6.64631E-01
    3.00000E+02    4.09066E-01    6.64270E-01
    3.00100E+02    4.09782E-01    6.63795E-01
    3.00200E+02    4.10487E-01    6.63327E-01
    3.00300E+02    4.11368E-01    6.62743E-01
    3.00400E+02    4.12661E-01    6.61887E-01
    3.00500E+02    4.14947E-01    6.60375E-01
    3.00600E+02    4.21244E-01    6.56230E-01
    3.00700E+02    4.44838E-01    6.40928E-01
    3.00800E+02    4.20154E-01    6.56946E-01
    3.00900E+02    4.17439E-01    6.58732E-01
    3.01000E+02    4.17180E-01    6.58902E-01
    3.01100E+02    4.17675E-01    6.58576E-01
    3.01200E+02    4.18693E-01    6.57906E-01
    3.01300E+02    4.20316E-01    6.56840E-01
    3.01400E+02    4.22808E-01    6.55205E-01
    3.01500E+02    4.27017E-01    6.52452E-01
    3.01600E+02    4.35546E-01    6.46911E-01
    3.01700E+02    4.59503E-01    6.31598E-01
    3.01800E+02    6.25779E-01    5.34845E-01
    3.01900E+02    4.74947E-01    6.21918E-01
    3.02000E+02    4.41833E-01    6.42857E-01
    3.02100E+02    4.32448E-01    6.48919E-01
    3.02200E+02    4.28821E-01    6.51276E-01
    3.02300E+02    4.27336E-01    6.52244E-01
    3.02400E+02    4.26877E-01    6.52544E-01
    3.02500E+02    4.27088E-01    6.52406E-01
    3.02600E+02    4.27655E-01    6.52036E-01
    3.02700E+02    4.28647E-01    6.51390E-01
    3.02800E+02    4.30381E-01    6.50261E-01
    3.02900E+02    4.33584E-01    6.48182E-01
    3.03000E+02    4.40899E-01    6.43457E-01
    3.03100E+02    4.66705E-01    6.27065E-01
    3.03200E+02    4.92255E-01    6.11246E-01
    3.03300E+02    4.46498E-01    6.39865E-01
    3.03400E+02    4.37901E-01    6.45390E-01
    3.03500E+02    4.35233E-01    6.47114E-01
    3.03600E+02    4.34536E-01    6.47565E-01
    3.03700E+02    4.33940E-01    6.47951E-01
    3.03800E+02    4.34055E-01    6.47877E-01
    3.03900E+02    4.34448E-01    6.47622E-01
    3.04000E+02    4.34942E-01    6.47302E-01
    3.04100E+02    4.35550E-01    6.46909E-01
    3.04200E+02    4.36245E-01    6.46459E-01
    3.04300E+02    4.37011E-01    6.45964E-01
    3.04400E+02    4.37850E-01    6.45423E-01
    3.04500E+02    4.38771E-01    6.44828E-01
    3.04600E+02    4.39810E-01    6.44159E-01
    3.04700E+02    4.41067E-01    6.43349E-01
    3.04800E+02    4.43247E-01    6.41949E-01
    3.04900E+02    4.42956E-01    6.42136E-01
    3.05000E+02    4.43036E-01    6.42084E-01
    3.05100E+02    4.43475E-01    6.41802E-01
    3.05200E+02    4.43975E-01    6.41481E-01
    3.05300E+02    4.44580E-01    6.41093E-01
    3.05400E+02    4.45243E-01    6.40669E-01
    3.05500E+02    4.45947E-01    6.40218E-01
    3.05600E+02    4.46688E-01    6.39743E-01
    3.05700E+02    4.47453E-01    6.39255E-01
    3.05800E+02    4.48243E-01    6.38750E-01
    3.05900E+02    4.49069E-01    6.38222E-01
    3.06000E+02    4.49924E-01    6.37677E-01
    3.06100E+02    4.50740E-01    6.37157E-01
    3.06200E+02    4.51607E-01    6.36604E-01
    3.06300E+02    4.52485E-01    6.36045E-01
    3.06400E+02    4.53389E-01    6.35471E-01
    3.06500E+02    4.54289E-01    6.34899E-01
    3.06600E+02    4.55217E-01    6.34310E-01
    3.06700E+02    4.56160E-01    6.33712E-01
    3.06800E+02    4.57129E-01    6.33099E-01
    3.06900E+02    4.58184E-01    6.32431E-01
    3.07000E+02    4.59119E-01    6.31840E-01
    3.07100E+02    4.60083E-01    6.31231E-01
    3.07200E+02    4.61106E-01    6.30586E-01
    3.07300E+02    4.62439E-01    6.29746E-01
    3.07400E+02    4.63569E-01    6.29034E-01
    3.07500E+02    4.64804E-01    6.28258E-01
    3.07600E+02    4.65662E-01    6.27719E-01
    3.07700E+02    4.66693E-01    6.27073E-01
    3.07800E+02    4.67782E-01    6.26390E-01
    3.07900E+02    4.68901E-01    6.25689E-01
    3.08000E+02    4.70033E-01    6.24981E-01
    3.08100E+02    4.71190E-01    6.24259E-01
    3.08200E+02    4.72376E-01    6.23519E-01
    3.08300E+02    4.73592E-01    6.22761E-01
    3.08400E+02    4.74873E-01    6.21964E-01
    3.08500E+02    4.76429E-01    6.20997E-01
    3.08600E+02    4.78096E-01    6.19963E-01
    3.08700E+02    4.78722E-01    6.19575E-01
    3.08800E+02    4.80044E-01    6.18756E-01
    3.08900E+02    4.81401E-01    6.17917E-01
    3.09000E+02    4.82551E-01    6.17207E-01
    3.09100E+02    4.83900E-01    6.16375E-01
    3.09200E+02    4.85347E-01    6.15483E-01
    3.09300E+02    4.86814E-01    6.14581E-01
    3.09400E+02    4.88438E-01    6.13584E-01
    3.09500E+02    4.89786E-01    6.12758E-01
    3.09600E+02    4.91401E-01    6.11768E-01
    3.09700E+02    4.93199E-01    6.10670E-01
    3.09800E+02    4.95378E-01    6.09341E-01
    3.09900E+02    4.98462E-01    6.07464E-01
    3.10000E+02    5.06178E-01    6.02795E-01
    3.10100E+02    5.13286E-01    5.98526E-01
    3.10200E+02    5.03984E-01    6.04119E-01
    3.10300E+02    5.03537E-01    6.04389E-01
    3.10400E+02    5.04261E-01    6.03952E-01
    3.10500E+02    5.05487E-01    6.03212E-01
    3.10600E+02    5.06874E-01    6.02376E-01
    3.10700E+02    5.08357E-01    6.01483E-01
    3.10800E+02    5.09899E-01    6.00556E-01
    3.10900E+02    5.11485E-01    5.99604E-01
    3.11000E+02    5.13120E-01    5.98625E-01
    3.11100E+02    5.14848E-01    5.97592E-01
    3.11200E+02    5.16511E-01    5.96598E-01
    3.11300E+02    5.18207E-01    5.95587E-01
    3.11400E+02    5.19969E-01    5.94539E-01
    3.11500E+02    5.21791E-01    5.93457E-01
    3.11600E+02    5.23737E-01    5.92303E-01
    3.11700E+02    5.25623E-01    5.91187E-01
    3.11800E+02    5.27493E-01    5.90082E-01
    3.11900E+02    5.29441E-01    5.88934E-01
    3.12000E+02    5.31472E-01    5.87739E-01
    3.12100E+02    5.33557E-01    5.86515E-01
    3.12200E+02    5.35693E-01    5.85263E-01
    3.12300E+02    5.37889E-01    5.83980E-01
    3.12400E+02    5.40141E-01    5.82666E-01
    3.12500E+02    5.42503E-01    5.81292E-01
    3.12600E+02    5.44882E-01    5.79910E-01
    3.12700E+02    5.47217E-01    5.78558E-01
    3.12800E+02    5.49690E-01    5.77129E-01
    3.12900E+02    5.52490E-01    5.75515E-01
    3.13000E+02    5.54799E-01    5.74187E-01
    3.13100E+02    5.57404E-01    5.72694E-01
    3.13200E+02    5.60021E-01    5.71197E-01
    3.13300E+02    5.62752E-01    5.69639E-01
    3.13400E+02    5.65560E-01    5.68042E-01
    3.13500E+02    5.68468E-01    5.66392E-01
    3.13600E+02    5.71562E-01    5.64643E-01
    3.13700E+02    5.74202E-01    5.63154E-01
    3.13800E+02    5.77149E-01    5.61497E-01
    3.13900E+02    5.80211E-01    5.59780E-01
    3.14000E+02    5.83865E-01    5.57739E-01
    3.14100E+02    5.86298E-01    5.56383E-01
    3.14200E+02    5.89399E-01    5.54661E-01
    3.14300E+02    5.92622E-01    5.52875E-01
    3.14400E+02    5.95943E-01    5.51043E-01
    3.14500E+02    5.99361E-01    5.49162E-01
    3.14600E+02    6.02890E-01    5.47228E-01
    3.14700E+02    6.06534E-01    5.45237E-01
    3.14800E+02    6.10310E-01    5.43183E-01
    3.14900E+02    6.14227E-01    5.41059E-01
    3.15000E+02    6.18314E-01    5.38852E-01
    3.15100E+02    6.22623E-01    5.36535E-01
    3.15200E+02    6.27092E-01    5.34143E-01
    3.15300E+02    6.31882E-01    5.31591E-01
    3.15400E+02    6.37109E-01    5.28819E-01
    3.15500E+02    6.43045E-01    5.25690E-01
    3.15600E+02    6.50363E-01    5.21856E-01
    3.15700E+02    6.61317E-01    5.16171E-01
    3.15800E+02    6.88141E-01    5.02509E-01
    3.15900E+02    7.42680E-01    4.75837E-01
    3.16000E+02    6.87396E-01    5.02884E-01
    3.16100E+02    6.87178E-01    5.02994E-01
    3.16200E+02    7.01876E-01    4.95654E-01
    3.16300E+02    7.76089E-01    4.60202E-01
    3.16400E+02    7.31361E-01    4.81254E-01
    3.16500E+02    7.10064E-01    4.91613E-01
    3.16600E+02    7.10472E-01    4.91412E-01
    3.16700E+02    7.21329E-01    4.86106E-01
    3.16800E+02    7.17532E-01    4.87955E-01
    3.16900E+02    7.22513E-01    4.85531E-01
    3.17000E+02    7.29361E-01    4.82217E-01
    3.17100E+02    7.38562E-01    4.77801E-01
    3.17200E+02    7.63095E-01    4.66221E-01
    3.17300E+02    7.53045E-01    4.70931E-01
    3.17400E+02    7.58946E-01    4.68160E-01
    3.17500E+02    7.66643E-01    4.64570E-01
    3.17600E+02    7.75120E-01    4.60648E-01
    3.17700E+02    7.84149E-01    4.56508E-01
    3.17800E+02    7.93622E-01    4.52204E-01
    3.17900E+02    8.03528E-01    4.47747E-01
    3.18000E+02    8.13898E-01    4.43127E-01
    3.18100E+02    8.24814E-01    4.38316E-01
    3.18200E+02    8.36119E-01    4.33389E-01
    3.18300E+02    8.48005E-01    4.28268E-01
    3.18400E+02    8.60450E-01    4.22972E-01
    3.18500E+02    8.73538E-01    4.17472E-01
    3.18600E+02    8.87127E-01    4.11837E-01
    3.18700E+02    9.01468E-01    4.05973E-01
    3.18800E+02    9.16523E-01    3.99907E-01
    3.18900E+02    9.32362E-01    3.93623E-01
    3.19000E+02    9.49012E-01    3.87123E-01
    3.19100E+02    9.66566E-01    3.80387E-01
    3.19200E+02    9.85215E-01    3.73359E-01
    3.19300E+02    1.00481E+00    3.66115E-01
    3.19400E+02    1.02573E+00    3.58535E-01
    3.19500E+02    1.04777E+00    3.50718E-01
    3.19600E+02    1.07162E+00    3.42453E-01
    3.19700E+02    1.09787E+00    3.33580E-01
    3.19800E+02    1.12838E+00    3.23556E-01
    3.19900E+02    1.17174E+00    3.09827E-01
    3.20000E+02    1.33643E+00    2.62783E-01
    3.20100E+02    1.22827E+00    2.92797E-01
    3.20200E+02    1.24508E+00    2.87919E-01
    3.20300E+02    1.27386E+00    2.79750E-01
    3.20400E+02    1.30716E+00    2.70589E-01
    3.20500E+02    1.34314E+00    2.61026E-01
    3.20600E+02    1.38146E+00    2.51211E-01
    3.20700E+02    1.42163E+00    2.41320E-01
    3.20800E+02    1.46351E+00    2.31422E-01
    3.20900E+02    1.50677E+00    2.21624E-01
    3.21000E+02    1.55118E+00    2.11998E-01
    3.21100E+02    1.59652E+00    2.02601E-01
    3.21200E+02    1.64238E+00    1.93519E-01
    3.21300E+02    1.68882E+00    1.84737E-01
    3.21400E+02    1.73645E+00    1.76145E-01
    3.21500E+02    1.78591E+00    1.67644E-01
    3.21600E+02    1.83765E+00    1.59191E-01
    3.21700E+02    1.89262E+00    1.50676E-01
    3.21800E+02    1.95144E+00    1.42070E-01
    3.21900E+02    2.01494E+00    1.33329E-01
    3.22000E+02    2.08594E+00    1.24190E-01
    3.22100E+02    2.15797E+00    1.15560E-01
    3.22200E+02    2.23765E+00    1.06709E-01
    3.22300E+02    2.32431E+00    9.78506E-02
    3.22400E+02    2.41867E+00    8.90399E-02
    3.22500E+02    2.52112E+00    8.03693E-02
    3.22600E+02    2.63230E+00    7.19128E-02
    3.22700E+02    2.75320E+00    6.37235E-02
    3.22800E+02    2.88406E+00    5.59071E-02
    3.22900E+02    3.02644E+00    4.84879E-02
    3.23000E+02    3.18107E+00    4.15411E-02
    3.23100E+02    3.34900E+00    3.51196E-02
    3.23200E+02    3.53132E+00    2.92662E-02
    3.23300E+02    3.72910E+00    2.40145E-02
    3.23400E+02    3.94354E+00    1.93794E-02
    3.23500E+02    4.17580E+00    1.53628E-02
    3.23600E+02    4.42702E+00    1.19501E-02
    3.23700E+02    4.70320E+00    9.06620E-03
    3.23800E+02    4.98863E+00    6.81503E-03
    3.23900E+02    5.29974E+00    4.99288E-03
    3.24000E+02    5.63158E+00    3.58291E-03
    3.24100E+02    5.98310E+00    2.52100E-03
    3.24200E+02    6.35308E+00    1.74137E-03
    3.24300E+02    6.73747E+00    1.18565E-03
    3.24400E+02    7.13243E+00    7.98780E-04
    3.24500E+02    7.53113E+00    5.36134E-04
    3.24600E+02    7.92509E+00    3.61558E-04
    3.24700E+02    8.30273E+00    2.47839E-04
    3.24800E+02    8.64974E+00    1.75173E-04
    3.24900E+02    8.94963E+00    1.29785E-04
    3.25000E+02    9.18205E+00    1.02869E-04
    3.25100E+02    9.32398E+00    8.92577E-05
    3.25200E+02    9.33349E+00    8.84131E-05
    3.25300E+02    9.20738E+00    1.00297E-04
    3.25400E+02    8.98920E+00    1.24750E-04
    3.25500E+02    8.70110E+00    1.66403E-04
    3.25600E+02    8.36403E+00    2.33104E-04
    3.25700E+02    7.99390E+00    3.37516E-04
    3.25800E+02    7.60629E+00    4.97314E-04
    3.25900E+02    7.21202E+00    7.37666E-04
    3.26000E+02    6.82032E+00    1.09137E-03
    3.26100E+02    6.43777E+00    1.59997E-03
    3.26200E+02    6.06895E+00    2.31360E-03
    3.26300E+02    5.71778E+00    3.28701E-03
    3.26400E+02    5.38702E+00    4.57557E-03
    3.26500E+02    5.07762E+00    6.23471E-03
    3.26600E+02    4.78620E+00    8.34412E-03
    3.26700E+02    4.52243E+00    1.08626E-02
    3.26800E+02    4.29856E+00    1.35881E-02
    3.26900E+02    4.33403E+00    1.31146E-02
    3.27000E+02    3.84577E+00    2.13700E-02
    3.27100E+02    3.61305E+00    2.69696E-02
    3.27200E+02    3.41654E+00    3.28258E-02
    3.27300E+02    3.23969E+00    3.91760E-02
    3.27400E+02    3.07804E+00    4.60496E-02
    3.27500E+02    2.92956E+00    5.34207E-02
    3.27600E+02    2.79324E+00    6.12227E-02
    3.27700E+02    2.66976E+00    6.92689E-02
    3.27800E+02    2.56489E+00    7.69277E-02
    3.27900E+02    2.45281E+00    8.60517E-02
    3.28000E+02    2.34107E+00    9.62246E-02
    3.28100E+02    2.24468E+00    1.05961E-01
    3.28200E+02    2.15655E+00    1.15723E-01
    3.28300E+02    2.07496E+00    1.25562E-01
    3.28400E+02    1.99912E+00    1.35454E-01
    3.28500E+02    1.92863E+00    1.45348E-01
    3.28600E+02    1.86270E+00    1.55252E-01
    3.28700E+02    1.80116E+00    1.65107E-01
    3.28800E+02    1.74371E+00    1.74871E-01
    3.28900E+02    1.68988E+00    1.84541E-01
    3.29000E+02    1.63949E+00    1.94078E-01
    3.29100E+02    1.59228E+00    2.03461E-01
    3.29200E+02    1.54783E+00    2.12708E-01
    3.29300E+02    1.50621E+00    2.21748E-01
    3.29400E+02    1.46681E+00    2.30659E-01
    3.29500E+02    1.42986E+00    2.39342E-01
    3.29600E+02    1.39516E+00    2.47793E-01
    3.29700E+02    1.36237E+00    2.56052E-01
    3.29800E+02    1.33224E+00    2.63887E-01
    3.29900E+02    1.30194E+00    2.72003E-01
    3.30000E+02    1.27409E+00    2.79685E-01
    3.30100E+02    1.24785E+00    2.87122E-01
    3.30200E+02    1.22302E+00    2.94339E-01
    3.30300E+02    1.19949E+00    3.01349E-01
    3.30400E+02    1.17719E+00    3.08143E-01
    3.30500E+02    1.15599E+00    3.14746E-01
    3.30600E+02    1.13591E+00    3.21129E-01
    3.30700E+02    1.11683E+00    3.27315E-01
    3.30800E+02    1.09865E+00    3.33321E-01
    3.30900E+02    1.08140E+00    3.39122E-01
    3.31000E+02    1.06502E+00    3.44721E-01
    3.31100E+02    1.04939E+00    3.50153E-01
    3.31200E+02    1.03447E+00    3.55414E-01
    3.31300E+02    1.02029E+00    3.60489E-01
    3.31400E+02    1.00679E+00    3.65391E-01
    3.31500E+02    9.93965E-01    3.70106E-01
    3.31600E+02    9.81752E-01    3.74654E-01
    3.31700E+02    9.70201E-01    3.79007E-01
    3.31800E+02    9.59881E-01    3.82939E-01
    3.31900E+02    9.48673E-01    3.87254E-01
    3.32000E+02    9.38749E-01    3.91117E-01
    3.32100E+02    9.29710E-01    3.94668E-01
    3.32200E+02    9.21185E-01    3.98047E-01
    3.32300E+02    9.13900E-01    4.00957E-01
    3.32400E+02    9.08541E-01    4.03112E-01
    3.32500E+02    9.07431E-01    4.03560E-01
    3.32600E+02    9.20538E-01    3.98305E-01
    3.32700E+02    1.08500E+00    3.37903E-01
    3.32800E+02    9.24418E-01    3.96762E-01
    3.32900E+02    9.31528E-01    3.93951E-01
    3.33000E+02    8.74439E-01    4.17096E-01
    3.33100E+02    8.57910E-01    4.24047E-01
    3.33200E+02    8.47541E-01    4.28467E-01
    3.33300E+02    8.39357E-01    4.31988E-01
    3.33400E+02    8.32320E-01    4.35039E-01
    3.33500E+02    8.25890E-01    4.37845E-01
    3.33600E+02    8.20010E-01    4.40427E-01
    3.33700E+02    8.14464E-01    4.42877E-01
    3.33800E+02    8.09278E-01    4.45180E-01
    3.33900E+02    8.04414E-01    4.47350E-01
    3.34000E+02    7.99752E-01    4.49440E-01
    3.34100E+02    7.95073E-01    4.51548E-01
    3.34200E+02    7.90729E-01    4.53514E-01
    3.34300E+02    7.86646E-01    4.55369E-01
    3.34400E+02    7.82682E-01    4.57178E-01
    3.34500E+02    7.78958E-01    4.58884E-01
    3.34600E+02    7.75397E-01    4.60521E-01
    3.34700E+02    7.72047E-01    4.62066E-01
    3.34800E+02    7.68862E-01    4.63540E-01
    3.34900E+02    7.65996E-01    4.64870E-01
    3.35000E+02    7.63610E-01    4.65981E-01
    3.35100E+02    7.62424E-01    4.66534E-01
    3.35200E+02    7.66080E-01    4.64831E-01
    3.35300E+02    7.74431E-01    4.60966E-01
    3.35400E+02    7.55520E-01    4.69766E-01
    3.35500E+02    7.50053E-01    4.72341E-01
    3.35600E+02    7.46572E-01    4.73989E-01
    3.35700E+02    7.43995E-01    4.75212E-01
    3.35800E+02    7.40826E-01    4.76720E-01
    3.35900E+02    7.38703E-01    4.77733E-01
    3.36000E+02    7.35855E-01    4.79096E-01
    3.36100E+02    7.33515E-01    4.80218E-01
    3.36200E+02    7.31705E-01    4.81088E-01
    3.36300E+02    7.29167E-01    4.82310E-01
    3.36400E+02    7.27096E-01    4.83310E-01
    3.36500E+02    7.25126E-01    4.84263E-01
    3.36600E+02    7.23258E-01    4.85169E-01
    3.36700E+02    7.21445E-01    4.86049E-01
    3.36800E+02    7.19722E-01    4.86888E-01
    3.36900E+02    7.18091E-01    4.87682E-01
    3.37000E+02    7.16505E-01    4.88456E-01
    3.37100E+02    7.15128E-01    4.89130E-01
    3.37200E+02    7.13675E-01    4.89841E-01
    3.37300E+02    7.12255E-01    4.90537E-01
    3.37400E+02    7.10928E-01    4.91188E-01
    3.37500E+02    7.09792E-01    4.91747E-01
    3.37600E+02    7.08905E-01    4.92183E-01
    3.37700E+02    7.07498E-01    4.92876E-01
    3.37800E+02    7.06154E-01    4.93539E-01
    3.37900E+02    7.05033E-01    4.94092E-01
    3.38000E+02    7.04001E-01    4.94602E-01
    3.38100E+02    7.03061E-01    4.95068E-01
    3.38200E+02    7.02140E-01    4.95524E-01
    3.38300E+02    7.01358E-01    4.95912E-01
    3.38400E+02    7.00536E-01    4.96319E-01
    3.38500E+02    6.99761E-01    4.96704E-01
    3.38600E+02    6.99188E-01    4.96989E-01
    3.38700E+02    6.99863E-01    4.96653E-01
    3.38800E+02    6.98056E-01    4.97551E-01
    3.38900E+02    6.97118E-01    4.98018E-01
    3.39000E+02    6.96407E-01    4.98373E-01
    3.39100E+02    6.95810E-01    4.98670E-01
    3.39200E+02    6.95278E-01    4.98936E-01
    3.39300E+02    6.94784E-01    4.99182E-01
    3.39400E+02    6.94332E-01    4.99408E-01
    3.39500E+02    6.93913E-01    4.99617E-01
    3.39600E+02    6.93530E-01    4.99808E-01
    3.39700E+02    6.93180E-01    4.99983E-01
    3.39800E+02    6.92877E-01    5.00135E-01
    3.39900E+02    6.92613E-01    5.00267E-01
    3.40000E+02    6.92320E-01    5.00414E-01
    3.40100E+02    6.92084E-01    5.00532E-01
    3.40200E+02    6.91883E-01    5.00632E-01
    3.40300E+02    6.91709E-01    5.00719E-01
    3.40400E+02    6.91570E-01    5.00789E-01
    3.40500E+02    6.91469E-01    5.00840E-01
    3.40600E+02    6.91476E-01    5.00836E-01
    3.40700E+02    6.91722E-01    5.00713E-01
    3.40800E+02    6.91296E-01    5.00926E-01
    3.40900E+02    6.91232E-01    5.00959E-01
    3.41000E+02    6.91221E-01    5.00964E-01
    3.41100E+02    6.91244E-01    5.00952E-01
    3.41200E+02    6.91297E-01    5.00926E-01
    3.41300E+02    6.91376E-01    5.00887E-01
    3.41400E+02    6.91479E-01    5.00835E-01
    3.41500E+02    6.91610E-01    5.00769E-01
    3.41600E+02    6.91766E-01    5.00691E-01
    3.41700E+02    6.91954E-01    5.00597E-01
    3.41800E+02    6.92203E-01    5.00472E-01
    3.41900E+02    6.92634E-01    5.00256E-01
    3.42000E+02    6.92739E-01    5.00204E-01
    3.42100E+02    6.93489E-01    4.99829E-01
    3.42200E+02    6.93320E-01    4.99914E-01
    3.42300E+02    6.93650E-01    4.99748E-01
    3.42400E+02    6.94049E-01    4.99549E-01
    3.42500E+02    6.94547E-01    4.99301E-01
    3.42600E+02    6.95036E-01    4.99057E-01
    3.42700E+02    6.95705E-01    4.98723E-01
    3.42800E+02    6.96610E-01    4.98272E-01
    3.42900E+02    6.97933E-01    4.97613E-01
    3.43000E+02    7.00409E-01    4.96382E-01
    3.43100E+02    7.07147E-01    4.93049E-01
    3.43200E+02    7.34556E-01    4.79719E-01
    3.43300E+02    7.16130E-01    4.88640E-01
    3.43400E+02    7.06295E-01    4.93469E-01
    3.43500E+02    7.16364E-01    4.88525E-01
    3.43600E+02    7.03349E-01    4.94925E-01
    3.43700E+02    7.01440E-01    4.95871E-01
    3.43800E+02    7.01048E-01    4.96065E-01
    3.43900E+02    7.01140E-01    4.96019E-01
    3.44000E+02    7.01389E-01    4.95896E-01
    3.44100E+02    7.01769E-01    4.95707E-01
    3.44200E+02    7.02224E-01    4.95482E-01
    3.44300E+02    7.02729E-01    4.95232E-01
    3.44400E+02    7.03281E-01    4.94958E-01
    3.44500E+02    7.03871E-01    4.94667E-01
    3.44600E+02    7.04515E-01    4.94348E-01
    3.44700E+02    7.05148E-01    4.94035E-01
    3.44800E+02    7.05860E-01    4.93684E-01
    3.44900E+02    7.06550E-01    4.93343E-01
    3.45000E+02    7.07183E-01    4.93031E-01
    3.45100E+02    7.07884E-01    4.92685E-01
    3.45200E+02    7.08618E-01    4.92324E-01
    3.45300E+02    7.09366E-01    4.91956E-01
    3.45400E+02    7.10137E-01    4.91577E-01
    3.45500E+02    7.10922E-01    4.91191E-01
    3.45600E+02    7.11730E-01    4.90795E-01
    3.45700E+02    7.12549E-01    4.90393E-01
    3.45800E+02    7.13384E-01    4.89984E-01
    3.45900E+02    7.14240E-01    4.89564E-01
    3.46000E+02    7.15107E-01    4.89140E-01
    3.46100E+02    7.16000E-01    4.88703E-01
    3.46200E+02    7.16906E-01    4.88261E-01
    3.46300E+02    7.17800E-01    4.87824E-01
    3.46400E+02    7.18751E-01    4.87361E-01
    3.46500E+02    7.19661E-01    4.86917E-01
    3.46600E+02    7.20661E-01    4.86430E-01
    3.46700E+02    7.21618E-01    4.85965E-01
    3.46800E+02    7.22653E-01    4.85463E-01
    3.46900E+02    7.23718E-01    4.84946E-01
    3.47000E+02    7.24668E-01    4.84486E-01
    3.47100E+02    7.25732E-01    4.83970E-01
    3.47200E+02    7.27010E-01    4.83352E-01
    3.47300E+02    7.27906E-01    4.82919E-01
    3.47400E+02    7.28882E-01    4.82448E-01
    3.47500E+02    7.29942E-01    4.81937E-01
    3.47600E+02    7.31070E-01    4.81394E-01
    3.47700E+02    7.32242E-01    4.80830E-01
    3.47800E+02    7.33768E-01    4.80096E-01
    3.47900E+02    7.34546E-01    4.79723E-01
    3.48000E+02    7.35766E-01    4.79138E-01
    3.48100E+02    7.36858E-01    4.78615E-01
    3.48200E+02    7.38050E-01    4.78045E-01
    3.48300E+02    7.39243E-01    4.77475E-01
    3.48400E+02    7.40492E-01    4.76879E-01
    3.48500E+02    7.41765E-01    4.76273E-01
    3.48600E+02    7.43128E-01    4.75624E-01
    3.48700E+02    7.44292E-01    4.75071E-01
    3.48800E+02    7.45617E-01    4.74441E-01
    3.48900E+02    7.46927E-01    4.73820E-01
    3.49000E+02    7.48540E-01    4.73057E-01
    3.49100E+02    7.49622E-01    4.72545E-01
    3.49200E+02    7.51002E-01    4.71893E-01
    3.49300E+02    7.52424E-01    4.71223E-01
    3.49400E+02    7.53947E-01    4.70506E-01
    3.49500E+02    7.55677E-01    4.69692E-01
    3.49600E+02    7.57489E-01    4.68842E-01
    3.49700E+02    7.60672E-01    4.67352E-01
    3.49800E+02    7.61671E-01    4.66886E-01
    3.49900E+02    7.61683E-01    4.66880E-01
