    1.49900E+02    7.27396E-02    9.29843E-01
    1.50000E+02    7.28861E-02    9.29707E-01
    1.50100E+02    7.30297E-02    9.29573E-01
    1.50200E+02    7.31228E-02    9.29487E-01
    1.50300E+02    7.32627E-02    9.29357E-01
    1.50400E+02    7.33761E-02    9.29251E-01
    1.50500E+02    7.35058E-02    9.29131E-01
    1.50600E+02    7.36398E-02    9.29006E-01
    1.50700E+02    7.37790E-02    9.28877E-01
    1.50800E+02    7.39170E-02    9.28749E-01
    1.50900E+02    7.40568E-02    9.28619E-01
    1.51000E+02    7.41975E-02    9.28488E-01
    1.51100E+02    7.43444E-02    9.28352E-01
    1.51200E+02    7.44851E-02    9.28221E-01
    1.51300E+02    7.46312E-02    9.28086E-01
    1.51400E+02    7.47750E-02    9.27952E-01
    1.51500E+02    7.49195E-02    9.27818E-01
    1.51600E+02    7.50673E-02    9.27681E-01
    1.51700E+02    7.52111E-02    9.27548E-01
    1.51800E+02    7.53550E-02    9.27414E-01
    1.51900E+02    7.55029E-02    9.27277E-01
    1.52000E+02    7.56481E-02    9.27142E-01
    1.52100E+02    7.57973E-02    9.27004E-01
    1.52200E+02    7.59396E-02    9.26872E-01
    1.52300E+02    7.60915E-02    9.26731E-01
    1.52400E+02    7.62428E-02    9.26591E-01
    1.52500E+02    7.64007E-02    9.26445E-01
    1.52600E+02    7.65542E-02    9.26303E-01
    1.52700E+02    7.67150E-02    9.26154E-01
    1.52800E+02    7.68770E-02    9.26004E-01
    1.52900E+02    7.70467E-02    9.25847E-01
    1.53000E+02    7.72243E-02    9.25682E-01
    1.53100E+02    7.74062E-02    9.25514E-01
    1.53200E+02    7.75920E-02    9.25342E-01
    1.53300E+02    7.77980E-02    9.25151E-01
    1.53400E+02    7.80322E-02    9.24935E-01
    1.53500E+02    7.83251E-02    9.24664E-01
    1.53600E+02    7.87391E-02    9.24281E-01
    1.53700E+02    7.99628E-02    9.23151E-01
    1.53800E+02    8.00618E-02    9.23059E-01
    1.53900E+02    8.19764E-02    9.21294E-01
    1.54000E+02    8.58800E-02    9.17704E-01
    1.54100E+02    8.40825E-02    9.19355E-01
    1.54200E+02    8.08555E-02    9.22327E-01
    1.54300E+02    8.01711E-02    9.22958E-01
    1.54400E+02    7.99768E-02    9.23138E-01
    1.54500E+02    7.99666E-02    9.23147E-01
    1.54600E+02    8.00399E-02    9.23080E-01
    1.54700E+02    8.01924E-02    9.22939E-01
    1.54800E+02    8.03282E-02    9.22813E-01
    1.54900E+02    8.04739E-02    9.22679E-01
    1.55000E+02    8.06365E-02    9.22529E-01
    1.55100E+02    8.08033E-02    9.22375E-01
    1.55200E+02    8.09761E-02    9.22216E-01
    1.55300E+02    8.11510E-02    9.22054E-01
    1.55400E+02    8.13336E-02    9.21886E-01
    1.55500E+02    8.15214E-02    9.21713E-01
    1.55600E+02    8.17138E-02    9.21536E-01
    1.55700E+02    8.19156E-02    9.21350E-01
    1.55800E+02    8.21293E-02    9.21153E-01
    1.55900E+02    8.23914E-02    9.20911E-01
    1.56000E+02    8.27395E-02    9.20591E-01
    1.56100E+02    8.45373E-02    9.18937E-01
    1.56200E+02    8.31756E-02    9.20190E-01
    1.56300E+02    8.31774E-02    9.20188E-01
    1.56400E+02    8.33408E-02    9.20038E-01
    1.56500E+02    8.36353E-02    9.19767E-01
    1.56600E+02    8.37141E-02    9.19694E-01
    1.56700E+02    8.39093E-02    9.19515E-01
    1.56800E+02    8.40986E-02    9.19341E-01
    1.56900E+02    8.43021E-02    9.19154E-01
    1.57000E+02    8.45282E-02    9.18946E-01
    1.57100E+02    8.47336E-02    9.18757E-01
    1.57200E+02    8.49707E-02    9.18539E-01
    1.57300E+02    8.52621E-02    9.18272E-01
    1.57400E+02    8.53944E-02    9.18150E-01
    1.57500E+02    8.56040E-02    9.17958E-01
    1.57600E+02    8.58254E-02    9.17754E-01
    1.57700E+02    8.60519E-02    9.17547E-01
    1.57800E+02    8.62794E-02    9.17338E-01
    1.57900E+02    8.65110E-02    9.17125E-01
    1.58000E+02    8.67462E-02    9.16910E-01
    1.58100E+02    8.69854E-02    9.16690E-01
    1.58200E+02    8.72236E-02    9.16472E-01
    1.58300E+02    8.74716E-02    9.16245E-01
    1.58400E+02    8.77269E-02    9.16011E-01
    1.58500E+02    8.80632E-02    9.15703E-01
    1.58600E+02    8.82793E-02    9.15505E-01
    1.58700E+02    8.84612E-02    9.15339E-01
    1.58800E+02    8.87067E-02    9.15114E-01
    1.58900E+02    8.89560E-02    9.14886E-01
    1.59000E+02    8.92105E-02    9.14653E-01
    1.59100E+02    8.94800E-02    9.14407E-01
    1.59200E+02    8.97524E-02    9.14158E-01
    1.59300E+02    9.00079E-02    9.13924E-01
    1.59400E+02    9.02678E-02    9.13686E-01
    1.59500E+02    9.05586E-02    9.13421E-01
    1.59600E+02    9.08144E-02    9.13187E-01
    1.59700E+02    9.10743E-02    9.12950E-01
    1.59800E+02    9.13561E-02    9.12693E-01
    1.59900E+02    9.16493E-02    9.12425E-01
    1.60000E+02    9.19293E-02    9.12170E-01
    1.60100E+02    9.22076E-02    9.11916E-01
    1.60200E+02    9.24965E-02    9.11652E-01
    1.60300E+02    9.27795E-02    9.11394E-01
    1.60400E+02    9.30892E-02    9.11112E-01
    1.60500E+02    9.33789E-02    9.10848E-01
    1.60600E+02    9.36743E-02    9.10579E-01
    1.60700E+02    9.39797E-02    9.10301E-01
    1.60800E+02    9.42835E-02    9.10025E-01
    1.60900E+02    9.45938E-02    9.09742E-01
    1.61000E+02    9.49110E-02    9.09454E-01
    1.61100E+02    9.52321E-02    9.09162E-01
    1.61200E+02    9.55594E-02    9.08864E-01
    1.61300E+02    9.58920E-02    9.08562E-01
    1.61400E+02    9.62093E-02    9.08274E-01
    1.61500E+02    9.65401E-02    9.07973E-01
    1.61600E+02    9.68753E-02    9.07669E-01
    1.61700E+02    9.72204E-02    9.07356E-01
    1.61800E+02    9.75629E-02    9.07045E-01
    1.61900E+02    9.79155E-02    9.06726E-01
    1.62000E+02    9.82676E-02    9.06406E-01
    1.62100E+02    9.86262E-02    9.06081E-01
    1.62200E+02    9.89890E-02    9.05753E-01
    1.62300E+02    9.93637E-02    9.05413E-01
    1.62400E+02    9.97274E-02    9.05084E-01
    1.62500E+02    1.00105E-01    9.04742E-01
    1.62600E+02    1.00488E-01    9.04396E-01
    1.62700E+02    1.00874E-01    9.04047E-01
    1.62800E+02    1.01268E-01    9.03691E-01
    1.62900E+02    1.01667E-01    9.03331E-01
    1.63000E+02    1.02076E-01    9.02961E-01
    1.63100E+02    1.02495E-01    9.02582E-01
    1.63200E+02    1.02951E-01    9.02171E-01
    1.63300E+02    1.03390E-01    9.01775E-01
    1.63400E+02    1.03768E-01    9.01434E-01
    1.63500E+02    1.04197E-01    9.01048E-01
    1.63600E+02    1.04644E-01    9.00645E-01
    1.63700E+02    1.05096E-01    9.00238E-01
    1.63800E+02    1.05563E-01    8.99818E-01
    1.63900E+02    1.06043E-01    8.99386E-01
    1.64000E+02    1.06542E-01    8.98937E-01
    1.64100E+02    1.07049E-01    8.98482E-01
    1.64200E+02    1.07587E-01    8.97998E-01
    1.64300E+02    1.08159E-01    8.97485E-01
    1.64400E+02    1.08780E-01    8.96928E-01
    1.64500E+02    1.09484E-01    8.96297E-01
    1.64600E+02    1.10345E-01    8.95525E-01
    1.64700E+02    1.11592E-01    8.94409E-01
    1.64800E+02    1.13876E-01    8.92369E-01
    1.64900E+02    1.20897E-01    8.86125E-01
    1.65000E+02    1.22011E-01    8.85139E-01
    1.65100E+02    1.15707E-01    8.90736E-01
    1.65200E+02    1.14909E-01    8.91448E-01
    1.65300E+02    1.15256E-01    8.91138E-01
    1.65400E+02    1.16206E-01    8.90291E-01
    1.65500E+02    1.17981E-01    8.88713E-01
    1.65600E+02    1.21674E-01    8.85437E-01
    1.65700E+02    1.33146E-01    8.75338E-01
    1.65800E+02    1.75921E-01    8.38684E-01
    1.65900E+02    1.28972E-01    8.78998E-01
    1.66000E+02    1.22479E-01    8.84724E-01
    1.66100E+02    1.20667E-01    8.86329E-01
    1.66200E+02    1.20437E-01    8.86533E-01
    1.66300E+02    1.20135E-01    8.86801E-01
    1.66400E+02    1.20342E-01    8.86617E-01
    1.66500E+02    1.20751E-01    8.86255E-01
    1.66600E+02    1.21383E-01    8.85695E-01
    1.66700E+02    1.21751E-01    8.85369E-01
    1.66800E+02    1.22313E-01    8.84871E-01
    1.66900E+02    1.22930E-01    8.84325E-01
    1.67000E+02    1.23588E-01    8.83744E-01
    1.67100E+02    1.24295E-01    8.83119E-01
    1.67200E+02    1.25044E-01    8.82458E-01
    1.67300E+02    1.25884E-01    8.81717E-01
    1.67400E+02    1.26918E-01    8.80806E-01
    1.67500E+02    1.28830E-01    8.79124E-01
    1.67600E+02    1.31717E-01    8.76589E-01
    1.67700E+02    1.29494E-01    8.78540E-01
    1.67800E+02    1.29734E-01    8.78329E-01
    1.67900E+02    1.30335E-01    8.77801E-01
    1.68000E+02    1.31058E-01    8.77167E-01
    1.68100E+02    1.31839E-01    8.76483E-01
    1.68200E+02    1.32652E-01    8.75770E-01
    1.68300E+02    1.33498E-01    8.75030E-01
    1.68400E+02    1.34368E-01    8.74268E-01
    1.68500E+02    1.35261E-01    8.73488E-01
    1.68600E+02    1.36179E-01    8.72686E-01
    1.68700E+02    1.37124E-01    8.71862E-01
    1.68800E+02    1.38112E-01    8.71001E-01
    1.68900E+02    1.39264E-01    8.69998E-01
    1.69000E+02    1.40525E-01    8.68902E-01
    1.69100E+02    1.41139E-01    8.68369E-01
    1.69200E+02    1.42089E-01    8.67544E-01
    1.69300E+02    1.43120E-01    8.66650E-01
    1.69400E+02    1.44181E-01    8.65731E-01
    1.69500E+02    1.45275E-01    8.64785E-01
    1.69600E+02    1.46406E-01    8.63807E-01
    1.69700E+02    1.47551E-01    8.62818E-01
    1.69800E+02    1.48761E-01    8.61775E-01
    1.69900E+02    1.49969E-01    8.60735E-01
    1.70000E+02    1.51249E-01    8.59634E-01
    1.70100E+02    1.52366E-01    8.58674E-01
    1.70200E+02    1.53630E-01    8.57589E-01
    1.70300E+02    1.55047E-01    8.56375E-01
    1.70400E+02    1.56244E-01    8.55350E-01
    1.70500E+02    1.57594E-01    8.54196E-01
    1.70600E+02    1.58976E-01    8.53017E-01
    1.70700E+02    1.60396E-01    8.51806E-01
    1.70800E+02    1.61849E-01    8.50570E-01
    1.70900E+02    1.63342E-01    8.49300E-01
    1.71000E+02    1.64881E-01    8.47995E-01
    1.71100E+02    1.66463E-01    8.46654E-01
    1.71200E+02    1.68094E-01    8.45275E-01
    1.71300E+02    1.69832E-01    8.43807E-01
    1.71400E+02    1.72451E-01    8.41600E-01
    1.71500E+02    1.73238E-01    8.40938E-01
    1.71600E+02    1.74828E-01    8.39602E-01
    1.71700E+02    1.76558E-01    8.38150E-01
    1.71800E+02    1.78372E-01    8.36631E-01
    1.71900E+02    1.80245E-01    8.35066E-01
    1.72000E+02    1.82169E-01    8.33461E-01
    1.72100E+02    1.84141E-01    8.31818E-01
    1.72200E+02    1.86170E-01    8.30132E-01
    1.72300E+02    1.88249E-01    8.28408E-01
    1.72400E+02    1.90387E-01    8.26639E-01
    1.72500E+02    1.92584E-01    8.24825E-01
    1.72600E+02    1.94840E-01    8.22966E-01
    1.72700E+02    1.97164E-01    8.21056E-01
    1.72800E+02    1.99569E-01    8.19084E-01
    1.72900E+02    2.02010E-01    8.17087E-01
    1.73000E+02    2.04545E-01    8.15018E-01
    1.73100E+02    2.07174E-01    8.12878E-01
    1.73200E+02    2.09929E-01    8.10642E-01
    1.73300E+02    2.12961E-01    8.08188E-01
    1.73400E+02    2.16422E-01    8.05396E-01
    1.73500E+02    2.22260E-01    8.00707E-01
    1.73600E+02    2.21935E-01    8.00967E-01
    1.73700E+02    2.24508E-01    7.98909E-01
    1.73800E+02    2.27496E-01    7.96526E-01
    1.73900E+02    2.30672E-01    7.94000E-01
    1.74000E+02    2.33990E-01    7.91370E-01
    1.74100E+02    2.37421E-01    7.88659E-01
    1.74200E+02    2.40985E-01    7.85854E-01
    1.74300E+02    2.44656E-01    7.82973E-01
    1.74400E+02    2.48460E-01    7.80001E-01
    1.74500E+02    2.52409E-01    7.76927E-01
    1.74600E+02    2.56481E-01    7.73769E-01
    1.74700E+02    2.60702E-01    7.70510E-01
    1.74800E+02    2.65110E-01    7.67122E-01
    1.74900E+02    2.69737E-01    7.63580E-01
    1.75000E+02    2.74702E-01    7.59798E-01
    1.75100E+02    2.80571E-01    7.55352E-01
    1.75200E+02    2.90270E-01    7.48062E-01
    1.75300E+02    2.91370E-01    7.47239E-01
    1.75400E+02    2.99910E-01    7.40885E-01
    1.75500E+02    3.04448E-01    7.37530E-01
    1.75600E+02    3.06798E-01    7.35799E-01
    1.75700E+02    3.11892E-01    7.32061E-01
    1.75800E+02    3.17679E-01    7.27837E-01
    1.75900E+02    3.23872E-01    7.23343E-01
    1.76000E+02    3.30370E-01    7.18658E-01
    1.76100E+02    3.37167E-01    7.13790E-01
    1.76200E+02    3.44267E-01    7.08740E-01
    1.76300E+02    3.51665E-01    7.03515E-01
    1.76400E+02    3.59550E-01    6.97990E-01
    1.76500E+02    3.67376E-01    6.92550E-01
    1.76600E+02    3.75711E-01    6.86801E-01
    1.76700E+02    3.84400E-01    6.80859E-01
    1.76800E+02    3.93491E-01    6.74697E-01
    1.76900E+02    4.02973E-01    6.68330E-01
    1.77000E+02    4.12877E-01    6.61744E-01
    1.77100E+02    4.23215E-01    6.54938E-01
    1.77200E+02    4.34011E-01    6.47905E-01
    1.77300E+02    4.45292E-01    6.40637E-01
    1.77400E+02    4.57123E-01    6.33102E-01
    1.77500E+02    4.69478E-01    6.25328E-01
    1.77600E+02    4.82443E-01    6.17274E-01
    1.77700E+02    4.96038E-01    6.08938E-01
    1.77800E+02    5.10298E-01    6.00317E-01
    1.77900E+02    5.25256E-01    5.91404E-01
    1.78000E+02    5.40972E-01    5.82182E-01
    1.78100E+02    5.57504E-01    5.72637E-01
    1.78200E+02    5.74882E-01    5.62771E-01
    1.78300E+02    5.93165E-01    5.52576E-01
    1.78400E+02    6.12454E-01    5.42019E-01
    1.78500E+02    6.32849E-01    5.31077E-01
    1.78600E+02    6.54496E-01    5.19704E-01
    1.78700E+02    6.76911E-01    5.08184E-01
    1.78800E+02    7.00741E-01    4.96218E-01
    1.78900E+02    7.26016E-01    4.83833E-01
    1.79000E+02    7.52777E-01    4.71056E-01
    1.79100E+02    7.81131E-01    4.57888E-01
    1.79200E+02    8.11196E-01    4.44326E-01
    1.79300E+02    8.43126E-01    4.30363E-01
    1.79400E+02    8.77004E-01    4.16027E-01
    1.79500E+02    9.13074E-01    4.01289E-01
    1.79600E+02    9.51430E-01    3.86189E-01
    1.79700E+02    9.92308E-01    3.70720E-01
    1.79800E+02    1.03588E+00    3.54916E-01
    1.79900E+02    1.08244E+00    3.38767E-01
    1.80000E+02    1.13321E+00    3.21999E-01
    1.80100E+02    1.18519E+00    3.05690E-01
    1.80200E+02    1.24189E+00    2.88838E-01
    1.80300E+02    1.30268E+00    2.71801E-01
    1.80400E+02    1.36787E+00    2.54648E-01
    1.80500E+02    1.43781E+00    2.37448E-01
    1.80600E+02    1.51291E+00    2.20269E-01
    1.80700E+02    1.59359E+00    2.03196E-01
    1.80800E+02    1.68030E+00    1.86319E-01
    1.80900E+02    1.77358E+00    1.69724E-01
    1.81000E+02    1.87399E+00    1.53510E-01
    1.81100E+02    1.98201E+00    1.37792E-01
    1.81200E+02    2.09831E+00    1.22664E-01
    1.81300E+02    2.22347E+00    1.08232E-01
    1.81400E+02    2.35820E+00    9.45899E-02
    1.81500E+02    2.50305E+00    8.18351E-02
    1.81600E+02    2.65864E+00    7.00437E-02
    1.81700E+02    2.82554E+00    5.92764E-02
    1.81800E+02    3.00428E+00    4.95746E-02
    1.81900E+02    3.19501E+00    4.09660E-02
    1.82000E+02    3.39822E+00    3.34327E-02
    1.82100E+02    3.61353E+00    2.69566E-02
    1.82200E+02    3.84117E+00    2.14684E-02
    1.82300E+02    4.07832E+00    1.69358E-02
    1.82400E+02    4.32497E+00    1.32339E-02
    1.82500E+02    4.57820E+00    1.02734E-02
    1.82600E+02    4.83507E+00    7.94611E-03
    1.82700E+02    5.09076E+00    6.15335E-03
    1.82800E+02    5.33955E+00    4.79802E-03
    1.82900E+02    5.57425E+00    3.79433E-03
    1.83000E+02    5.78555E+00    3.07162E-03
    1.83100E+02    5.96296E+00    2.57228E-03
    1.83200E+02    6.09359E+00    2.25730E-03
    1.83300E+02    6.15792E+00    2.11664E-03
    1.83400E+02    6.12478E+00    2.18797E-03
    1.83500E+02    6.01876E+00    2.43267E-03
    1.83600E+02    5.86179E+00    2.84615E-03
    1.83700E+02    5.66738E+00    3.45690E-03
    1.83800E+02    5.44711E+00    4.30875E-03
    1.83900E+02    5.20971E+00    5.46326E-03
    1.84000E+02    4.96297E+00    6.99210E-03
    1.84100E+02    4.71360E+00    8.97240E-03
    1.84200E+02    4.46793E+00    1.14711E-02
    1.84300E+02    4.23552E+00    1.44722E-02
    1.84400E+02    4.02809E+00    1.78084E-02
    1.84500E+02    3.76626E+00    2.31384E-02
    1.84600E+02    3.54566E+00    2.88495E-02
    1.84700E+02    3.34405E+00    3.52937E-02
    1.84800E+02    3.15053E+00    4.28294E-02
    1.84900E+02    2.96470E+00    5.15761E-02
    1.85000E+02    2.79425E+00    6.11610E-02
    1.85100E+02    2.63566E+00    7.16718E-02
    1.85200E+02    2.48794E+00    8.30806E-02
    1.85300E+02    2.35054E+00    9.53175E-02
    1.85400E+02    2.22261E+00    1.08326E-01
    1.85500E+02    2.10416E+00    1.21948E-01
    1.85600E+02    1.99368E+00    1.36194E-01
    1.85700E+02    1.88981E+00    1.51100E-01
    1.85800E+02    1.79380E+00    1.66327E-01
    1.85900E+02    1.70450E+00    1.81863E-01
    1.86000E+02    1.62135E+00    1.97632E-01
    1.86100E+02    1.54392E+00    2.13542E-01
    1.86200E+02    1.47169E+00    2.29537E-01
    1.86300E+02    1.40433E+00    2.45531E-01
    1.86400E+02    1.34143E+00    2.61472E-01
    1.86500E+02    1.28264E+00    2.77305E-01
    1.86600E+02    1.22759E+00    2.92999E-01
    1.86700E+02    1.17608E+00    3.08487E-01
    1.86800E+02    1.12785E+00    3.23729E-01
    1.86900E+02    1.08260E+00    3.38713E-01
    1.87000E+02    1.04015E+00    3.53400E-01
    1.87100E+02    1.00058E+00    3.67665E-01
    1.87200E+02    9.62961E-01    3.81761E-01
    1.87300E+02    9.27367E-01    3.95594E-01
    1.87400E+02    8.94034E-01    4.09002E-01
    1.87500E+02    8.62628E-01    4.22051E-01
    1.87600E+02    8.33041E-01    4.34725E-01
    1.87700E+02    8.05060E-01    4.47061E-01
    1.87800E+02    7.78688E-01    4.59008E-01
    1.87900E+02    7.54049E-01    4.70458E-01
    1.88000E+02    7.29913E-01    4.81951E-01
    1.88100E+02    7.07396E-01    4.92926E-01
    1.88200E+02    6.86091E-01    5.03541E-01
    1.88300E+02    6.65883E-01    5.13820E-01
    1.88400E+02    6.46696E-01    5.23773E-01
    1.88500E+02    6.28435E-01    5.33426E-01
    1.88600E+02    6.11082E-01    5.42763E-01
    1.88700E+02    5.94574E-01    5.51798E-01
    1.88800E+02    5.78898E-01    5.60516E-01
    1.88900E+02    5.64136E-01    5.68852E-01
    1.89000E+02    5.49623E-01    5.77167E-01
    1.89100E+02    5.35961E-01    5.85107E-01
    1.89200E+02    5.22914E-01    5.92791E-01
    1.89300E+02    5.10496E-01    6.00198E-01
    1.89400E+02    4.98554E-01    6.07409E-01
    1.89500E+02    4.87174E-01    6.14360E-01
    1.89600E+02    4.76305E-01    6.21074E-01
    1.89700E+02    4.65870E-01    6.27589E-01
    1.89800E+02    4.55867E-01    6.33898E-01
    1.89900E+02    4.46292E-01    6.39997E-01
    1.90000E+02    4.37109E-01    6.45901E-01
    1.90100E+02    4.28291E-01    6.51622E-01
    1.90200E+02    4.19834E-01    6.57156E-01
    1.90300E+02    4.11747E-01    6.62492E-01
    1.90400E+02    4.03949E-01    6.67678E-01
    1.90500E+02    3.96569E-01    6.72624E-01
    1.90600E+02    3.89612E-01    6.77319E-01
    1.90700E+02    3.82335E-01    6.82267E-01
    1.90800E+02    3.75603E-01    6.86875E-01
    1.90900E+02    3.69139E-01    6.91329E-01
    1.91000E+02    3.62932E-01    6.95634E-01
    1.91100E+02    3.56962E-01    6.99799E-01
    1.91200E+02    3.51205E-01    7.03840E-01
    1.91300E+02    3.45655E-01    7.07757E-01
    1.91400E+02    3.40310E-01    7.11550E-01
    1.91500E+02    3.35154E-01    7.15228E-01
    1.91600E+02    3.30181E-01    7.18793E-01
    1.91700E+02    3.25396E-01    7.22242E-01
    1.91800E+02    3.20885E-01    7.25507E-01
    1.91900E+02    3.16294E-01    7.28845E-01
    1.92000E+02    3.11955E-01    7.32014E-01
    1.92100E+02    3.07784E-01    7.35074E-01
    1.92200E+02    3.03785E-01    7.38020E-01
    1.92300E+02    2.99919E-01    7.40878E-01
    1.92400E+02    2.96136E-01    7.43686E-01
    1.92500E+02    2.92512E-01    7.46387E-01
    1.92600E+02    2.89035E-01    7.48986E-01
    1.92700E+02    2.85710E-01    7.51481E-01
    1.92800E+02    2.82480E-01    7.53912E-01
    1.92900E+02    2.79430E-01    7.56215E-01
    1.93000E+02    2.76563E-01    7.58386E-01
    1.93100E+02    2.74019E-01    7.60317E-01
    1.93200E+02    2.72125E-01    7.61759E-01
    1.93300E+02    2.73712E-01    7.60551E-01
    1.93400E+02    2.71290E-01    7.62395E-01
    1.93500E+02    2.64140E-01    7.67866E-01
    1.93600E+02    2.60602E-01    7.70587E-01
    1.93700E+02    2.57761E-01    7.72780E-01
    1.93800E+02    2.55180E-01    7.74777E-01
    1.93900E+02    2.52730E-01    7.76678E-01
    1.94000E+02    2.50353E-01    7.78526E-01
    1.94100E+02    2.48011E-01    7.80352E-01
    1.94200E+02    2.45720E-01    7.82141E-01
    1.94300E+02    2.43488E-01    7.83889E-01
    1.94400E+02    2.41306E-01    7.85601E-01
    1.94500E+02    2.39211E-01    7.87249E-01
    1.94600E+02    2.37210E-01    7.88826E-01
    1.94700E+02    2.35319E-01    7.90319E-01
    1.94800E+02    2.33571E-01    7.91701E-01
    1.94900E+02    2.32033E-01    7.92920E-01
    1.95000E+02    2.30832E-01    7.93873E-01
    1.95100E+02    2.30258E-01    7.94329E-01
    1.95200E+02    2.31150E-01    7.93621E-01
    1.95300E+02    2.36700E-01    7.89228E-01
    1.95400E+02    2.73866E-01    7.60434E-01
    1.95500E+02    2.47560E-01    7.80703E-01
    1.95600E+02    2.30241E-01    7.94342E-01
    1.95700E+02    2.33839E-01    7.91489E-01
    1.95800E+02    2.22333E-01    8.00649E-01
    1.95900E+02    2.16892E-01    8.05017E-01
    1.96000E+02    2.14002E-01    8.07346E-01
    1.96100E+02    2.11850E-01    8.09086E-01
    1.96200E+02    2.10038E-01    8.10554E-01
    1.96300E+02    2.08394E-01    8.11887E-01
    1.96400E+02    2.06915E-01    8.13089E-01
    1.96500E+02    2.05442E-01    8.14287E-01
    1.96600E+02    2.04073E-01    8.15403E-01
    1.96700E+02    2.02771E-01    8.16465E-01
    1.96800E+02    2.01519E-01    8.17488E-01
    1.96900E+02    2.00314E-01    8.18474E-01
    1.97000E+02    1.99137E-01    8.19438E-01
    1.97100E+02    1.98009E-01    8.20362E-01
    1.97200E+02    1.96909E-01    8.21265E-01
    1.97300E+02    1.95838E-01    8.22145E-01
    1.97400E+02    1.94816E-01    8.22986E-01
    1.97500E+02    1.93881E-01    8.23756E-01
    1.97600E+02    1.92937E-01    8.24534E-01
    1.97700E+02    1.91913E-01    8.25379E-01
    1.97800E+02    1.90953E-01    8.26172E-01
    1.97900E+02    1.90057E-01    8.26912E-01
    1.98000E+02    1.89410E-01    8.27447E-01
    1.98100E+02    1.88317E-01    8.28352E-01
    1.98200E+02    1.87462E-01    8.29060E-01
    1.98300E+02    1.86645E-01    8.29739E-01
    1.98400E+02    1.85857E-01    8.30392E-01
    1.98500E+02    1.85093E-01    8.31027E-01
    1.98600E+02    1.84359E-01    8.31637E-01
    1.98700E+02    1.83644E-01    8.32232E-01
    1.98800E+02    1.82966E-01    8.32797E-01
    1.98900E+02    1.82323E-01    8.33332E-01
    1.99000E+02    1.81746E-01    8.33813E-01
    1.99100E+02    1.81297E-01    8.34188E-01
    1.99200E+02    1.81543E-01    8.33983E-01
    1.99300E+02    1.81692E-01    8.33858E-01
    1.99400E+02    1.85060E-01    8.31055E-01
    1.99500E+02    1.79633E-01    8.35577E-01
    1.99600E+02    1.78412E-01    8.36597E-01
    1.99700E+02    1.77621E-01    8.37259E-01
    1.99800E+02    1.76993E-01    8.37785E-01
    1.99900E+02    1.76436E-01    8.38252E-01
    2.00000E+02    1.75925E-01    8.38681E-01
    2.00100E+02    1.75438E-01    8.39089E-01
    2.00200E+02    1.74983E-01    8.39471E-01
    2.00300E+02    1.74555E-01    8.39831E-01
    2.00400E+02    1.74150E-01    8.40170E-01
    2.00500E+02    1.73772E-01    8.40489E-01
    2.00600E+02    1.73419E-01    8.40785E-01
    2.00700E+02    1.73092E-01    8.41061E-01
    2.00800E+02    1.72794E-01    8.41311E-01
    2.00900E+02    1.72521E-01    8.41540E-01
    2.01000E+02    1.72282E-01    8.41742E-01
    2.01100E+02    1.72070E-01    8.41920E-01
    2.01200E+02    1.71892E-01    8.42070E-01
    2.01300E+02    1.71754E-01    8.42186E-01
    2.01400E+02    1.71685E-01    8.42245E-01
    2.01500E+02    1.71638E-01    8.42284E-01
    2.01600E+02    1.71558E-01    8.42351E-01
    2.01700E+02    1.71571E-01    8.42340E-01
    2.01800E+02    1.71640E-01    8.42282E-01
    2.01900E+02    1.71764E-01    8.42178E-01
    2.02000E+02    1.71944E-01    8.42027E-01
    2.02100E+02    1.72182E-01    8.41826E-01
    2.02200E+02    1.72486E-01    8.41570E-01
    2.02300E+02    1.72840E-01    8.41272E-01
    2.02400E+02    1.73262E-01    8.40918E-01
    2.02500E+02    1.73735E-01    8.40520E-01
    2.02600E+02    1.74272E-01    8.40068E-01
    2.02700E+02    1.74848E-01    8.39585E-01
    2.02800E+02    1.75456E-01    8.39075E-01
    2.02900E+02    1.76070E-01    8.38559E-01
    2.03000E+02    1.76660E-01    8.38065E-01
    2.03100E+02    1.77197E-01    8.37615E-01
    2.03200E+02    1.77635E-01    8.37248E-01
    2.03300E+02    1.77955E-01    8.36980E-01
    2.03400E+02    1.78371E-01    8.36632E-01
    2.03500E+02    1.78005E-01    8.36938E-01
    2.03600E+02    1.76754E-01    8.37986E-01
    2.03700E+02    1.75733E-01    8.38842E-01
    2.03800E+02    1.74654E-01    8.39747E-01
    2.03900E+02    1.73518E-01    8.40702E-01
    2.04000E+02    1.72390E-01    8.41651E-01
    2.04100E+02    1.71164E-01    8.42683E-01
    2.04200E+02    1.70010E-01    8.43656E-01
    2.04300E+02    1.68899E-01    8.44595E-01
    2.04400E+02    1.67838E-01    8.45491E-01
    2.04500E+02    1.66831E-01    8.46343E-01
    2.04600E+02    1.65884E-01    8.47144E-01
    2.04700E+02    1.64994E-01    8.47899E-01
    2.04800E+02    1.64167E-01    8.48600E-01
    2.04900E+02    1.63401E-01    8.49250E-01
    2.05000E+02    1.62674E-01    8.49868E-01
    2.05100E+02    1.62024E-01    8.50421E-01
    2.05200E+02    1.61600E-01    8.50782E-01
    2.05300E+02    1.60833E-01    8.51434E-01
    2.05400E+02    1.60271E-01    8.51913E-01
    2.05500E+02    1.59805E-01    8.52310E-01
    2.05600E+02    1.59355E-01    8.52693E-01
    2.05700E+02    1.58942E-01    8.53046E-01
    2.05800E+02    1.58629E-01    8.53313E-01
    2.05900E+02    1.58492E-01    8.53430E-01
    2.06000E+02    1.58858E-01    8.53117E-01
    2.06100E+02    1.62685E-01    8.49859E-01
    2.06200E+02    1.59743E-01    8.52362E-01
    2.06300E+02    1.57496E-01    8.54280E-01
    2.06400E+02    1.56713E-01    8.54949E-01
    2.06500E+02    1.56591E-01    8.55054E-01
    2.06600E+02    1.55848E-01    8.55689E-01
    2.06700E+02    1.55506E-01    8.55982E-01
    2.06800E+02    1.55218E-01    8.56229E-01
    2.06900E+02    1.54965E-01    8.56445E-01
    2.07000E+02    1.54729E-01    8.56648E-01
    2.07100E+02    1.54514E-01    8.56831E-01
    2.07200E+02    1.54318E-01    8.56999E-01
    2.07300E+02    1.54146E-01    8.57147E-01
    2.07400E+02    1.54023E-01    8.57252E-01
    2.07500E+02    1.54107E-01    8.57180E-01
    2.07600E+02    1.53704E-01    8.57526E-01
    2.07700E+02    1.53565E-01    8.57645E-01
    2.07800E+02    1.53470E-01    8.57727E-01
    2.07900E+02    1.53424E-01    8.57766E-01
    2.08000E+02    1.53441E-01    8.57751E-01
    2.08100E+02    1.53555E-01    8.57654E-01
    2.08200E+02    1.53832E-01    8.57416E-01
    2.08300E+02    1.54447E-01    8.56889E-01
    2.08400E+02    1.55857E-01    8.55682E-01
    2.08500E+02    1.59759E-01    8.52349E-01
    2.08600E+02    1.78187E-01    8.36786E-01
    2.08700E+02    1.72276E-01    8.41747E-01
    2.08800E+02    1.58453E-01    8.53463E-01
    2.08900E+02    1.54929E-01    8.56476E-01
    2.09000E+02    1.53452E-01    8.57742E-01
    2.09100E+02    1.52662E-01    8.58420E-01
    2.09200E+02    1.52169E-01    8.58843E-01
    2.09300E+02    1.51843E-01    8.59123E-01
    2.09400E+02    1.51648E-01    8.59291E-01
    2.09500E+02    1.51802E-01    8.59159E-01
    2.09600E+02    1.51375E-01    8.59525E-01
    2.09700E+02    1.51117E-01    8.59747E-01
    2.09800E+02    1.50987E-01    8.59859E-01
    2.09900E+02    1.50901E-01    8.59932E-01
    2.10000E+02    1.50872E-01    8.59957E-01
    2.10100E+02    1.50928E-01    8.59910E-01
    2.10200E+02    1.51695E-01    8.59250E-01
    2.10300E+02    1.51381E-01    8.59520E-01
    2.10400E+02    1.53549E-01    8.57659E-01
    2.10500E+02    1.52163E-01    8.58849E-01
    2.10600E+02    1.52346E-01    8.58691E-01
    2.10700E+02    1.54989E-01    8.56424E-01
    2.10800E+02    1.74803E-01    8.39622E-01
    2.10900E+02    1.54442E-01    8.56893E-01
    2.11000E+02    1.51718E-01    8.59230E-01
    2.11100E+02    1.50808E-01    8.60013E-01
    2.11200E+02    1.50367E-01    8.60392E-01
    2.11300E+02    1.50088E-01    8.60632E-01
    2.11400E+02    1.49911E-01    8.60785E-01
    2.11500E+02    1.49783E-01    8.60895E-01
    2.11600E+02    1.49683E-01    8.60981E-01
    2.11700E+02    1.49601E-01    8.61052E-01
    2.11800E+02    1.49533E-01    8.61110E-01
    2.11900E+02    1.49471E-01    8.61164E-01
    2.12000E+02    1.49421E-01    8.61206E-01
    2.12100E+02    1.49383E-01    8.61240E-01
    2.12200E+02    1.49342E-01    8.61275E-01
    2.12300E+02    1.49305E-01    8.61306E-01
    2.12400E+02    1.49276E-01    8.61331E-01
    2.12500E+02    1.49255E-01    8.61349E-01
    2.12600E+02    1.49242E-01    8.61361E-01
    2.12700E+02    1.49238E-01    8.61364E-01
    2.12800E+02    1.49237E-01    8.61365E-01
    2.12900E+02    1.49248E-01    8.61356E-01
    2.13000E+02    1.49185E-01    8.61410E-01
    2.13100E+02    1.49167E-01    8.61426E-01
    2.13200E+02    1.49159E-01    8.61432E-01
    2.13300E+02    1.49160E-01    8.61431E-01
    2.13400E+02    1.49165E-01    8.61427E-01
    2.13500E+02    1.49174E-01    8.61419E-01
    2.13600E+02    1.49189E-01    8.61407E-01
    2.13700E+02    1.49208E-01    8.61390E-01
    2.13800E+02    1.49244E-01    8.61359E-01
    2.13900E+02    1.49283E-01    8.61326E-01
    2.14000E+02    1.49337E-01    8.61279E-01
    2.14100E+02    1.49409E-01    8.61217E-01
    2.14200E+02    1.49509E-01    8.61130E-01
    2.14300E+02    1.49650E-01    8.61009E-01
    2.14400E+02    1.49858E-01    8.60831E-01
    2.14500E+02    1.50190E-01    8.60544E-01
    2.14600E+02    1.50759E-01    8.60055E-01
    2.14700E+02    1.51888E-01    8.59084E-01
    2.14800E+02    1.54721E-01    8.56654E-01
    2.14900E+02    1.66433E-01    8.46679E-01
    2.15000E+02    1.70068E-01    8.43608E-01
    2.15100E+02    1.55347E-01    8.56118E-01
    2.15200E+02    1.52169E-01    8.58843E-01
    2.15300E+02    1.50954E-01    8.59887E-01
    2.15400E+02    1.50374E-01    8.60386E-01
    2.15500E+02    1.50053E-01    8.60662E-01
    2.15600E+02    1.49866E-01    8.60824E-01
    2.15700E+02    1.49755E-01    8.60919E-01
    2.15800E+02    1.49686E-01    8.60978E-01
    2.15900E+02    1.49673E-01    8.60989E-01
    2.16000E+02    1.49983E-01    8.60723E-01
    2.16100E+02    1.49750E-01    8.60923E-01
    2.16200E+02    1.49616E-01    8.61039E-01
    2.16300E+02    1.49590E-01    8.61061E-01
    2.16400E+02    1.49599E-01    8.61053E-01
    2.16500E+02    1.49590E-01    8.61061E-01
    2.16600E+02    1.49601E-01    8.61051E-01
    2.16700E+02    1.49620E-01    8.61035E-01
    2.16800E+02    1.49649E-01    8.61010E-01
    2.16900E+02    1.49703E-01    8.60963E-01
    2.17000E+02    1.49701E-01    8.60966E-01
    2.17100E+02    1.49728E-01    8.60942E-01
    2.17200E+02    1.49768E-01    8.60908E-01
    2.17300E+02    1.49809E-01    8.60872E-01
    2.17400E+02    1.49874E-01    8.60817E-01
    2.17500E+02    1.50128E-01    8.60598E-01
    2.17600E+02    1.49965E-01    8.60738E-01
    2.17700E+02    1.49977E-01    8.60728E-01
    2.17800E+02    1.50021E-01    8.60690E-01
    2.17900E+02    1.50090E-01    8.60631E-01
    2.18000E+02    1.50216E-01    8.60522E-01
    2.18100E+02    1.50945E-01    8.59895E-01
    2.18200E+02    1.50404E-01    8.60360E-01
    2.18300E+02    1.50286E-01    8.60462E-01
    2.18400E+02    1.50288E-01    8.60460E-01
    2.18500E+02    1.50323E-01    8.60430E-01
    2.18600E+02    1.50370E-01    8.60389E-01
    2.18700E+02    1.50410E-01    8.60355E-01
    2.18800E+02    1.50460E-01    8.60312E-01
    2.18900E+02    1.50511E-01    8.60268E-01
    2.19000E+02    1.50576E-01    8.60213E-01
    2.19100E+02    1.50679E-01    8.60124E-01
    2.19200E+02    1.50737E-01    8.60074E-01
    2.19300E+02    1.50958E-01    8.59883E-01
    2.19400E+02    1.50863E-01    8.59965E-01
    2.19500E+02    1.50871E-01    8.59959E-01
    2.19600E+02    1.50925E-01    8.59912E-01
    2.19700E+02    1.50984E-01    8.59862E-01
    2.19800E+02    1.51058E-01    8.59798E-01
    2.19900E+02    1.51194E-01    8.59681E-01
    2.20000E+02    1.51254E-01    8.59630E-01
    2.20100E+02    1.51246E-01    8.59636E-01
    2.20200E+02    1.51298E-01    8.59591E-01
    2.20300E+02    1.51364E-01    8.59535E-01
    2.20400E+02    1.51429E-01    8.59479E-01
    2.20500E+02    1.51502E-01    8.59416E-01
    2.20600E+02    1.51586E-01    8.59344E-01
    2.20700E+02    1.51781E-01    8.59176E-01
    2.20800E+02    1.51757E-01    8.59197E-01
    2.20900E+02    1.51794E-01    8.59165E-01
    2.21000E+02    1.51864E-01    8.59105E-01
    2.21100E+02    1.51937E-01    8.59042E-01
    2.21200E+02    1.52025E-01    8.58966E-01
    2.21300E+02    1.52209E-01    8.58809E-01
    2.21400E+02    1.52204E-01    8.58813E-01
    2.21500E+02    1.52256E-01    8.58768E-01
    2.21600E+02    1.52331E-01    8.58704E-01
    2.21700E+02    1.52413E-01    8.58634E-01
    2.21800E+02    1.52498E-01    8.58561E-01
    2.21900E+02    1.52582E-01    8.58489E-01
    2.22000E+02    1.52671E-01    8.58412E-01
    2.22100E+02    1.52762E-01    8.58334E-01
    2.22200E+02    1.52855E-01    8.58254E-01
    2.22300E+02    1.52955E-01    8.58168E-01
    2.22400E+02    1.53103E-01    8.58041E-01
    2.22500E+02    1.53168E-01    8.57985E-01
    2.22600E+02    1.53243E-01    8.57921E-01
    2.22700E+02    1.53341E-01    8.57837E-01
    2.22800E+02    1.53444E-01    8.57749E-01
    2.22900E+02    1.53554E-01    8.57655E-01
    2.23000E+02    1.53684E-01    8.57543E-01
    2.23100E+02    1.53810E-01    8.57435E-01
    2.23200E+02    1.53981E-01    8.57289E-01
    2.23300E+02    1.54120E-01    8.57169E-01
    2.23400E+02    1.54206E-01    8.57095E-01
    2.23500E+02    1.54277E-01    8.57034E-01
    2.23600E+02    1.54398E-01    8.56931E-01
    2.23700E+02    1.54539E-01    8.56810E-01
    2.23800E+02    1.54697E-01    8.56674E-01
    2.23900E+02    1.55152E-01    8.56285E-01
    2.24000E+02    1.54989E-01    8.56425E-01
    2.24100E+02    1.55119E-01    8.56313E-01
    2.24200E+02    1.55278E-01    8.56177E-01
    2.24300E+02    1.55443E-01    8.56036E-01
    2.24400E+02    1.55622E-01    8.55882E-01
    2.24500E+02    1.55811E-01    8.55721E-01
    2.24600E+02    1.56030E-01    8.55533E-01
    2.24700E+02    1.56322E-01    8.55284E-01
    2.24800E+02    1.56763E-01    8.54906E-01
    2.24900E+02    1.56921E-01    8.54772E-01
    2.25000E+02    1.56956E-01    8.54742E-01
    2.25100E+02    1.57095E-01    8.54623E-01
    2.25200E+02    1.57322E-01    8.54429E-01
    2.25300E+02    1.57539E-01    8.54244E-01
    2.25400E+02    1.57797E-01    8.54023E-01
    2.25500E+02    1.58089E-01    8.53774E-01
    2.25600E+02    1.58430E-01    8.53482E-01
    2.25700E+02    1.58888E-01    8.53092E-01
    2.25800E+02    1.59679E-01    8.52417E-01
    2.25900E+02    1.61218E-01    8.51106E-01
    2.26000E+02    1.66989E-01    8.46209E-01
    2.26100E+02    1.68074E-01    8.45291E-01
    2.26200E+02    1.61346E-01    8.50997E-01
    2.26300E+02    1.59878E-01    8.52247E-01
    2.26400E+02    1.59308E-01    8.52734E-01
    2.26500E+02    1.59025E-01    8.52975E-01
    2.26600E+02    1.58856E-01    8.53119E-01
    2.26700E+02    1.58752E-01    8.53208E-01
    2.26800E+02    1.58684E-01    8.53266E-01
    2.26900E+02    1.58650E-01    8.53295E-01
    2.27000E+02    1.58593E-01    8.53343E-01
    2.27100E+02    1.58573E-01    8.53361E-01
    2.27200E+02    1.58563E-01    8.53369E-01
    2.27300E+02    1.58571E-01    8.53362E-01
    2.27400E+02    1.58583E-01    8.53352E-01
    2.27500E+02    1.58604E-01    8.53334E-01
    2.27600E+02    1.58637E-01    8.53306E-01
    2.27700E+02    1.58681E-01    8.53269E-01
    2.27800E+02    1.58735E-01    8.53222E-01
    2.27900E+02    1.58787E-01    8.53178E-01
    2.28000E+02    1.58838E-01    8.53135E-01
    2.28100E+02    1.58900E-01    8.53082E-01
    2.28200E+02    1.58972E-01    8.53020E-01
    2.28300E+02    1.59058E-01    8.52947E-01
    2.28400E+02    1.59137E-01    8.52880E-01
    2.28500E+02    1.59242E-01    8.52790E-01
    2.28600E+02    1.59339E-01    8.52707E-01
    2.28700E+02    1.59451E-01    8.52611E-01
    2.28800E+02    1.59574E-01    8.52506E-01
    2.28900E+02    1.59712E-01    8.52390E-01
    2.29000E+02    1.59869E-01    8.52255E-01
    2.29100E+02    1.60076E-01    8.52079E-01
    2.29200E+02    1.60307E-01    8.51882E-01
    2.29300E+02    1.60685E-01    8.51560E-01
    2.29400E+02    1.61433E-01    8.50923E-01
    2.29500E+02    1.63883E-01    8.48842E-01
    2.29600E+02    1.69215E-01    8.44327E-01
    2.29700E+02    1.62583E-01    8.49946E-01
    2.29800E+02    1.61636E-01    8.50750E-01
    2.29900E+02    1.61425E-01    8.50931E-01
    2.30000E+02    1.61446E-01    8.50912E-01
    2.30100E+02    1.61536E-01    8.50836E-01
    2.30200E+02    1.61689E-01    8.50706E-01
    2.30300E+02    1.61909E-01    8.50519E-01
    2.30400E+02    1.62167E-01    8.50299E-01
    2.30500E+02    1.62487E-01    8.50027E-01
    2.30600E+02    1.62900E-01    8.49676E-01
    2.30700E+02    1.63454E-01    8.49206E-01
    2.30800E+02    1.64245E-01    8.48534E-01
    2.30900E+02    1.65488E-01    8.47480E-01
    2.31000E+02    1.67748E-01    8.45567E-01
    2.31100E+02    1.72823E-01    8.41287E-01
    2.31200E+02    1.89787E-01    8.27136E-01
    2.31300E+02    2.44636E-01    7.82989E-01
    2.31400E+02    1.80884E-01    8.34532E-01
    2.31500E+02    1.71196E-01    8.42657E-01
    2.31600E+02    1.67977E-01    8.45373E-01
    2.31700E+02    1.66609E-01    8.46531E-01
    2.31800E+02    1.65980E-01    8.47063E-01
    2.31900E+02    1.65730E-01    8.47275E-01
    2.32000E+02    1.65865E-01    8.47160E-01
    2.32100E+02    1.65699E-01    8.47301E-01
    2.32200E+02    1.65827E-01    8.47192E-01
    2.32300E+02    1.66043E-01    8.47010E-01
    2.32400E+02    1.66355E-01    8.46745E-01
    2.32500E+02    1.66873E-01    8.46307E-01
    2.32600E+02    1.67153E-01    8.46070E-01
    2.32700E+02    1.67740E-01    8.45574E-01
    2.32800E+02    1.68103E-01    8.45267E-01
    2.32900E+02    1.68665E-01    8.44791E-01
    2.33000E+02    1.69484E-01    8.44100E-01
    2.33100E+02    1.70127E-01    8.43558E-01
    2.33200E+02    1.71065E-01    8.42766E-01
    2.33300E+02    1.72265E-01    8.41756E-01
    2.33400E+02    1.73604E-01    8.40630E-01
    2.33500E+02    1.75154E-01    8.39328E-01
    2.33600E+02    1.77257E-01    8.37565E-01
    2.33700E+02    1.80137E-01    8.35156E-01
    2.33800E+02    1.84479E-01    8.31537E-01
    2.33900E+02    1.93295E-01    8.24239E-01
    2.34000E+02    1.92499E-01    8.24895E-01
    2.34100E+02    1.84773E-01    8.31293E-01
    2.34200E+02    1.81007E-01    8.34429E-01
    2.34300E+02    1.78522E-01    8.36505E-01
    2.34400E+02    1.76744E-01    8.37994E-01
    2.34500E+02    1.75447E-01    8.39082E-01
    2.34600E+02    1.74461E-01    8.39909E-01
    2.34700E+02    1.73723E-01    8.40530E-01
    2.34800E+02    1.73199E-01    8.40970E-01
    2.34900E+02    1.72925E-01    8.41200E-01
    2.35000E+02    1.72898E-01    8.41223E-01
    2.35100E+02    1.73272E-01    8.40909E-01
    2.35200E+02    1.73570E-01    8.40658E-01
    2.35300E+02    1.74646E-01    8.39754E-01
    2.35400E+02    1.76902E-01    8.37862E-01
    2.35500E+02    1.82075E-01    8.33539E-01
    2.35600E+02    1.97829E-01    8.20510E-01
    2.35700E+02    3.20088E-01    7.26085E-01
    2.35800E+02    2.05082E-01    8.14580E-01
    2.35900E+02    1.84611E-01    8.31427E-01
    2.36000E+02    1.77787E-01    8.37121E-01
    2.36100E+02    1.75068E-01    8.39400E-01
    2.36200E+02    1.73703E-01    8.40546E-01
    2.36300E+02    1.73101E-01    8.41053E-01
    2.36400E+02    1.72883E-01    8.41236E-01
    2.36500E+02    1.73026E-01    8.41116E-01
    2.36600E+02    1.73754E-01    8.40503E-01
    2.36700E+02    1.74514E-01    8.39865E-01
    2.36800E+02    1.76378E-01    8.38301E-01
    2.36900E+02    1.80302E-01    8.35018E-01
    2.37000E+02    1.90362E-01    8.26660E-01
    2.37100E+02    2.36239E-01    7.89592E-01
    2.37200E+02    2.28420E-01    7.95790E-01
    2.37300E+02    1.89388E-01    8.27466E-01
    2.37400E+02    1.80089E-01    8.35196E-01
    2.37500E+02    1.76553E-01    8.38154E-01
    2.37600E+02    1.75110E-01    8.39365E-01
    2.37700E+02    1.73957E-01    8.40333E-01
    2.37800E+02    1.73476E-01    8.40737E-01
    2.37900E+02    1.73260E-01    8.40919E-01
    2.38000E+02    1.73227E-01    8.40947E-01
    2.38100E+02    1.73360E-01    8.40835E-01
    2.38200E+02    1.73688E-01    8.40559E-01
    2.38300E+02    1.74411E-01    8.39952E-01
    2.38400E+02    1.77231E-01    8.37586E-01
    2.38500E+02    1.76373E-01    8.38305E-01
    2.38600E+02    1.76292E-01    8.38373E-01
    2.38700E+02    1.77791E-01    8.37117E-01
    2.38800E+02    1.80271E-01    8.35044E-01
    2.38900E+02    1.86352E-01    8.29981E-01
    2.39000E+02    2.05986E-01    8.13845E-01
    2.39100E+02    3.36879E-01    7.13995E-01
    2.39200E+02    2.02073E-01    8.17036E-01
    2.39300E+02    1.86834E-01    8.29581E-01
    2.39400E+02    1.81923E-01    8.33666E-01
    2.39500E+02    1.79971E-01    8.35294E-01
    2.39600E+02    1.79571E-01    8.35628E-01
    2.39700E+02    1.78389E-01    8.36617E-01
    2.39800E+02    1.78473E-01    8.36547E-01
    2.39900E+02    1.78911E-01    8.36180E-01
    2.40000E+02    1.78621E-01    8.36423E-01
    2.40100E+02    1.78154E-01    8.36814E-01
    2.40200E+02    1.78113E-01    8.36848E-01
    2.40300E+02    1.78159E-01    8.36810E-01
    2.40400E+02    1.77821E-01    8.37093E-01
    2.40500E+02    1.77787E-01    8.37121E-01
    2.40600E+02    1.77509E-01    8.37353E-01
    2.40700E+02    1.77634E-01    8.37249E-01
    2.40800E+02    1.77662E-01    8.37226E-01
    2.40900E+02    1.78484E-01    8.36538E-01
    2.41000E+02    1.77970E-01    8.36967E-01
    2.41100E+02    1.78370E-01    8.36633E-01
    2.41200E+02    1.81161E-01    8.34301E-01
    2.41300E+02    1.80017E-01    8.35256E-01
    2.41400E+02    1.79128E-01    8.35999E-01
    2.41500E+02    1.79409E-01    8.35764E-01
    2.41600E+02    1.79684E-01    8.35535E-01
    2.41700E+02    1.80228E-01    8.35080E-01
    2.41800E+02    1.81049E-01    8.34394E-01
    2.41900E+02    1.82354E-01    8.33306E-01
    2.42000E+02    1.84680E-01    8.31370E-01
    2.42100E+02    1.89588E-01    8.27300E-01
    2.42200E+02    2.03522E-01    8.15852E-01
    2.42300E+02    2.91648E-01    7.47031E-01
    2.42400E+02    2.16908E-01    8.05004E-01
    2.42500E+02    1.93488E-01    8.24080E-01
    2.42600E+02    1.86890E-01    8.29535E-01
    2.42700E+02    1.84273E-01    8.31709E-01
    2.42800E+02    1.83176E-01    8.32622E-01
    2.42900E+02    1.82950E-01    8.32810E-01
    2.43000E+02    1.83589E-01    8.32278E-01
    2.43100E+02    1.84845E-01    8.31233E-01
    2.43200E+02    1.87948E-01    8.28658E-01
    2.43300E+02    1.96517E-01    8.21587E-01
    2.43400E+02    2.33039E-01    7.92123E-01
    2.43500E+02    2.38553E-01    7.87767E-01
    2.43600E+02    1.97376E-01    8.20882E-01
    2.43700E+02    1.88300E-01    8.28366E-01
    2.43800E+02    1.85021E-01    8.31087E-01
    2.43900E+02    1.83863E-01    8.32050E-01
    2.44000E+02    1.84375E-01    8.31624E-01
    2.44100E+02    1.89531E-01    8.27347E-01
    2.44200E+02    1.91785E-01    8.25484E-01
    2.44300E+02    1.83695E-01    8.32189E-01
    2.44400E+02    1.82078E-01    8.33536E-01
    2.44500E+02    1.81071E-01    8.34376E-01
    2.44600E+02    1.80713E-01    8.34675E-01
    2.44700E+02    1.80500E-01    8.34853E-01
    2.44800E+02    1.80498E-01    8.34855E-01
    2.44900E+02    1.80474E-01    8.34875E-01
    2.45000E+02    1.80486E-01    8.34865E-01
    2.45100E+02    1.80487E-01    8.34863E-01
    2.45200E+02    1.80523E-01    8.34834E-01
    2.45300E+02    1.80592E-01    8.34776E-01
    2.45400E+02    1.80675E-01    8.34707E-01
    2.45500E+02    1.80776E-01    8.34622E-01
    2.45600E+02    1.80898E-01    8.34520E-01
    2.45700E+02    1.81055E-01    8.34389E-01
    2.45800E+02    1.81547E-01    8.33979E-01
    2.45900E+02    1.81292E-01    8.34192E-01
    2.46000E+02    1.81404E-01    8.34098E-01
    2.46100E+02    1.81554E-01    8.33973E-01
    2.46200E+02    1.81738E-01    8.33820E-01
    2.46300E+02    1.81992E-01    8.33608E-01
    2.46400E+02    1.82307E-01    8.33346E-01
    2.46500E+02    1.84233E-01    8.31742E-01
    2.46600E+02    1.82855E-01    8.32889E-01
    2.46700E+02    1.82753E-01    8.32974E-01
    2.46800E+02    1.82911E-01    8.32842E-01
    2.46900E+02    1.83140E-01    8.32652E-01
    2.47000E+02    1.83426E-01    8.32413E-01
    2.47100E+02    1.83799E-01    8.32103E-01
    2.47200E+02    1.84166E-01    8.31797E-01
    2.47300E+02    1.84694E-01    8.31359E-01
    2.47400E+02    1.85401E-01    8.30771E-01
    2.47500E+02    1.86527E-01    8.29836E-01
    2.47600E+02    1.88716E-01    8.28021E-01
    2.47700E+02    1.95627E-01    8.22319E-01
    2.47800E+02    2.01568E-01    8.17448E-01
    2.47900E+02    1.94867E-01    8.22944E-01
    2.48000E+02    1.99424E-01    8.19203E-01
    2.48100E+02    2.20692E-01    8.01964E-01
    2.48200E+02    3.01717E-01    7.39547E-01
    2.48300E+02    2.09710E-01    8.10819E-01
    2.48400E+02    1.96197E-01    8.21850E-01
    2.48500E+02    1.91728E-01    8.25531E-01
    2.48600E+02    1.89819E-01    8.27109E-01
    2.48700E+02    1.89035E-01    8.27758E-01
    2.48800E+02    1.88556E-01    8.28154E-01
    2.48900E+02    1.88463E-01    8.28231E-01
    2.49000E+02    1.88640E-01    8.28085E-01
    2.49100E+02    1.89029E-01    8.27763E-01
    2.49200E+02    1.89667E-01    8.27235E-01
    2.49300E+02    1.90703E-01    8.26378E-01
    2.49400E+02    1.92407E-01    8.24971E-01
    2.49500E+02    1.95435E-01    8.22477E-01
    2.49600E+02    2.01772E-01    8.17281E-01
    2.49700E+02    2.20282E-01    8.02292E-01
    2.49800E+02    3.01764E-01    7.39513E-01
    2.49900E+02    2.53331E-01    7.76211E-01
    2.50000E+02    2.65209E-01    7.67046E-01
    2.50100E+02    2.11925E-01    8.09025E-01
    2.50200E+02    2.00547E-01    8.18283E-01
    2.50300E+02    1.96132E-01    8.21904E-01
    2.50400E+02    1.93128E-01    8.24376E-01
    2.50500E+02    1.91780E-01    8.25488E-01
    2.50600E+02    1.90931E-01    8.26190E-01
    2.50700E+02    1.90569E-01    8.26489E-01
    2.50800E+02    1.90134E-01    8.26848E-01
    2.50900E+02    1.89879E-01    8.27059E-01
    2.51000E+02    1.89758E-01    8.27159E-01
    2.51100E+02    1.89709E-01    8.27200E-01
    2.51200E+02    1.89820E-01    8.27108E-01
    2.51300E+02    1.89721E-01    8.27190E-01
    2.51400E+02    1.89759E-01    8.27158E-01
    2.51500E+02    1.89826E-01    8.27103E-01
    2.51600E+02    1.89911E-01    8.27032E-01
    2.51700E+02    1.90013E-01    8.26948E-01
    2.51800E+02    1.90123E-01    8.26857E-01
    2.51900E+02    1.90250E-01    8.26752E-01
    2.52000E+02    1.90402E-01    8.26627E-01
    2.52100E+02    1.90744E-01    8.26344E-01
    2.52200E+02    1.90704E-01    8.26377E-01
    2.52300E+02    1.90912E-01    8.26205E-01
    2.52400E+02    1.91088E-01    8.26060E-01
    2.52500E+02    1.91458E-01    8.25755E-01
    2.52600E+02    1.91609E-01    8.25630E-01
    2.52700E+02    1.92295E-01    8.25063E-01
    2.52800E+02    1.92210E-01    8.25134E-01
    2.52900E+02    1.91956E-01    8.25343E-01
    2.53000E+02    1.92061E-01    8.25257E-01
    2.53100E+02    1.92217E-01    8.25128E-01
    2.53200E+02    1.92396E-01    8.24980E-01
    2.53300E+02    1.92652E-01    8.24769E-01
    2.53400E+02    1.93137E-01    8.24369E-01
    2.53500E+02    1.92981E-01    8.24497E-01
    2.53600E+02    1.93196E-01    8.24321E-01
    2.53700E+02    1.93753E-01    8.23862E-01
    2.53800E+02    1.93823E-01    8.23804E-01
    2.53900E+02    1.93901E-01    8.23739E-01
    2.54000E+02    1.94083E-01    8.23590E-01
    2.54100E+02    1.94355E-01    8.23366E-01
    2.54200E+02    1.94819E-01    8.22983E-01
    2.54300E+02    1.96530E-01    8.21576E-01
    2.54400E+02    1.95219E-01    8.22654E-01
    2.54500E+02    1.95265E-01    8.22617E-01
    2.54600E+02    1.95458E-01    8.22458E-01
    2.54700E+02    1.95805E-01    8.22173E-01
    2.54800E+02    1.95923E-01    8.22075E-01
    2.54900E+02    1.96650E-01    8.21478E-01
    2.55000E+02    1.96298E-01    8.21767E-01
    2.55100E+02    1.96424E-01    8.21664E-01
    2.55200E+02    1.96577E-01    8.21538E-01
    2.55300E+02    1.96681E-01    8.21453E-01
    2.55400E+02    1.96792E-01    8.21362E-01
    2.55500E+02    1.96901E-01    8.21272E-01
    2.55600E+02    1.97005E-01    8.21186E-01
    2.55700E+02    1.97114E-01    8.21097E-01
    2.55800E+02    1.97242E-01    8.20992E-01
    2.55900E+02    1.97335E-01    8.20916E-01
    2.56000E+02    1.97471E-01    8.20804E-01
    2.56100E+02    1.97597E-01    8.20700E-01
    2.56200E+02    1.97663E-01    8.20646E-01
    2.56300E+02    1.97786E-01    8.20545E-01
    2.56400E+02    1.97947E-01    8.20413E-01
    2.56500E+02    1.98107E-01    8.20282E-01
    2.56600E+02    1.98254E-01    8.20162E-01
    2.56700E+02    1.98507E-01    8.19954E-01
    2.56800E+02    1.98615E-01    8.19866E-01
    2.56900E+02    1.99175E-01    8.19406E-01
    2.57000E+02    1.98887E-01    8.19643E-01
    2.57100E+02    1.99016E-01    8.19537E-01
    2.57200E+02    1.99205E-01    8.19382E-01
    2.57300E+02    1.99416E-01    8.19209E-01
    2.57400E+02    1.99678E-01    8.18994E-01
    2.57500E+02    1.99947E-01    8.18774E-01
    2.57600E+02    2.00281E-01    8.18501E-01
    2.57700E+02    2.00634E-01    8.18212E-01
    2.57800E+02    2.01143E-01    8.17795E-01
    2.57900E+02    2.01712E-01    8.17330E-01
    2.58000E+02    2.02848E-01    8.16402E-01
    2.58100E+02    2.05435E-01    8.14293E-01
    2.58200E+02    2.26747E-01    7.97122E-01
    2.58300E+02    2.07845E-01    8.12333E-01
    2.58400E+02    2.07524E-01    8.12593E-01
    2.58500E+02    2.11086E-01    8.09704E-01
    2.58600E+02    2.22781E-01    8.00290E-01
    2.58700E+02    3.00676E-01    7.40318E-01
    2.58800E+02    2.32136E-01    7.92838E-01
    2.58900E+02    2.13535E-01    8.07724E-01
    2.59000E+02    2.08123E-01    8.12107E-01
    2.59100E+02    2.05873E-01    8.13936E-01
    2.59200E+02    2.04799E-01    8.14811E-01
    2.59300E+02    2.04197E-01    8.15301E-01
    2.59400E+02    2.03899E-01    8.15545E-01
    2.59500E+02    2.03904E-01    8.15540E-01
    2.59600E+02    2.03640E-01    8.15756E-01
    2.59700E+02    2.03611E-01    8.15779E-01
    2.59800E+02    2.03644E-01    8.15753E-01
    2.59900E+02    2.03722E-01    8.15689E-01
    2.60000E+02    2.03885E-01    8.15556E-01
    2.60100E+02    2.03963E-01    8.15493E-01
    2.60200E+02    2.04034E-01    8.15434E-01
    2.60300E+02    2.04158E-01    8.15333E-01
    2.60400E+02    2.04311E-01    8.15209E-01
    2.60500E+02    2.04498E-01    8.15056E-01
    2.60600E+02    2.04691E-01    8.14899E-01
    2.60700E+02    2.04917E-01    8.14715E-01
    2.60800E+02    2.05788E-01    8.14005E-01
    2.60900E+02    2.05323E-01    8.14385E-01
    2.61000E+02    2.05356E-01    8.14358E-01
    2.61100E+02    2.05563E-01    8.14189E-01
    2.61200E+02    2.05697E-01    8.14080E-01
    2.61300E+02    2.05888E-01    8.13924E-01
    2.61400E+02    2.06085E-01    8.13764E-01
    2.61500E+02    2.06288E-01    8.13599E-01
    2.61600E+02    2.06509E-01    8.13419E-01
    2.61700E+02    2.06758E-01    8.13216E-01
    2.61800E+02    2.06999E-01    8.13021E-01
    2.61900E+02    2.07231E-01    8.12832E-01
    2.62000E+02    2.07515E-01    8.12601E-01
    2.62100E+02    2.07796E-01    8.12373E-01
    2.62200E+02    2.08106E-01    8.12121E-01
    2.62300E+02    2.08488E-01    8.11811E-01
    2.62400E+02    2.08980E-01    8.11411E-01
    2.62500E+02    2.09696E-01    8.10831E-01
    2.62600E+02    2.10602E-01    8.10096E-01
    2.62700E+02    2.12685E-01    8.08411E-01
    2.62800E+02    2.20406E-01    8.02193E-01
    2.62900E+02    2.24250E-01    7.99116E-01
    2.63000E+02    2.14674E-01    8.06804E-01
    2.63100E+02    2.13513E-01    8.07742E-01
    2.63200E+02    2.15429E-01    8.06196E-01
    2.63300E+02    2.14805E-01    8.06699E-01
    2.63400E+02    2.17035E-01    8.04902E-01
    2.63500E+02    2.22591E-01    8.00442E-01
    2.63600E+02    2.40811E-01    7.85990E-01
    2.63700E+02    3.60736E-01    6.97163E-01
    2.63800E+02    2.38047E-01    7.88166E-01
    2.63900E+02    2.29022E-01    7.95311E-01
    2.64000E+02    2.18646E-01    8.03606E-01
    2.64100E+02    2.16016E-01    8.05723E-01
    2.64200E+02    2.14892E-01    8.06629E-01
    2.64300E+02    2.14395E-01    8.07030E-01
    2.64400E+02    2.14213E-01    8.07177E-01
    2.64500E+02    2.14308E-01    8.07100E-01
    2.64600E+02    2.14670E-01    8.06808E-01
    2.64700E+02    2.15426E-01    8.06198E-01
    2.64800E+02    2.17416E-01    8.04596E-01
    2.64900E+02    2.28475E-01    7.95746E-01
    2.65000E+02    2.20583E-01    8.02051E-01
    2.65100E+02    2.16731E-01    8.05147E-01
    2.65200E+02    2.15839E-01    8.05865E-01
    2.65300E+02    2.15597E-01    8.06060E-01
    2.65400E+02    2.15603E-01    8.06055E-01
    2.65500E+02    2.15730E-01    8.05953E-01
    2.65600E+02    2.15933E-01    8.05789E-01
    2.65700E+02    2.16137E-01    8.05625E-01
    2.65800E+02    2.16383E-01    8.05427E-01
    2.65900E+02    2.16632E-01    8.05226E-01
    2.66000E+02    2.16887E-01    8.05021E-01
    2.66100E+02    2.17169E-01    8.04794E-01
    2.66200E+02    2.17476E-01    8.04547E-01
    2.66300E+02    2.17653E-01    8.04405E-01
    2.66400E+02    2.17906E-01    8.04201E-01
    2.66500E+02    2.18210E-01    8.03957E-01
    2.66600E+02    2.18586E-01    8.03655E-01
    2.66700E+02    2.19097E-01    8.03244E-01
    2.66800E+02    2.19845E-01    8.02644E-01
    2.66900E+02    2.21089E-01    8.01645E-01
    2.67000E+02    2.23354E-01    7.99832E-01
    2.67100E+02    2.28771E-01    7.95510E-01
    2.67200E+02    2.48941E-01    7.79626E-01
    2.67300E+02    2.71758E-01    7.62039E-01
    2.67400E+02    2.32682E-01    7.92405E-01
    2.67500E+02    2.25084E-01    7.98449E-01
    2.67600E+02    2.22340E-01    8.00643E-01
    2.67700E+02    2.21073E-01    8.01658E-01
    2.67800E+02    2.20424E-01    8.02179E-01
    2.67900E+02    2.20077E-01    8.02457E-01
    2.68000E+02    2.19902E-01    8.02597E-01
    2.68100E+02    2.19861E-01    8.02631E-01
    2.68200E+02    2.20183E-01    8.02372E-01
    2.68300E+02    2.19893E-01    8.02605E-01
    2.68400E+02    2.19953E-01    8.02557E-01
    2.68500E+02    2.20128E-01    8.02416E-01
    2.68600E+02    2.20653E-01    8.01995E-01
    2.68700E+02    2.21107E-01    8.01631E-01
    2.68800E+02    2.20465E-01    8.02146E-01
    2.68900E+02    2.20481E-01    8.02133E-01
    2.69000E+02    2.20580E-01    8.02054E-01
    2.69100E+02    2.20714E-01    8.01946E-01
    2.69200E+02    2.20855E-01    8.01833E-01
    2.69300E+02    2.21009E-01    8.01710E-01
    2.69400E+02    2.21171E-01    8.01580E-01
    2.69500E+02    2.21353E-01    8.01434E-01
    2.69600E+02    2.21517E-01    8.01302E-01
    2.69700E+02    2.21687E-01    8.01166E-01
    2.69800E+02    2.21874E-01    8.01016E-01
    2.69900E+02    2.22060E-01    8.00867E-01
    2.70000E+02    2.22252E-01    8.00714E-01
    2.70100E+02    2.22471E-01    8.00539E-01
    2.70200E+02    2.22637E-01    8.00405E-01
    2.70300E+02    2.22847E-01    8.00237E-01
    2.70400E+02    2.23083E-01    8.00048E-01
    2.70500E+02    2.23338E-01    7.99844E-01
    2.70600E+02    2.23494E-01    7.99719E-01
    2.70700E+02    2.23805E-01    7.99471E-01
    2.70800E+02    2.24038E-01    7.99285E-01
    2.70900E+02    2.24408E-01    7.98989E-01
    2.71000E+02    2.24781E-01    7.98691E-01
    2.71100E+02    2.27318E-01    7.96667E-01
    2.71200E+02    2.25114E-01    7.98425E-01
    2.71300E+02    2.25239E-01    7.98325E-01
    2.71400E+02    2.25266E-01    7.98304E-01
    2.71500E+02    2.25463E-01    7.98146E-01
    2.71600E+02    2.25704E-01    7.97954E-01
    2.71700E+02    2.25986E-01    7.97729E-01
    2.71800E+02    2.26350E-01    7.97439E-01
    2.71900E+02    2.27307E-01    7.96676E-01
    2.72000E+02    2.27109E-01    7.96834E-01
    2.72100E+02    2.27234E-01    7.96734E-01
    2.72200E+02    2.27577E-01    7.96461E-01
    2.72300E+02    2.28016E-01    7.96112E-01
    2.72400E+02    2.28579E-01    7.95663E-01
    2.72500E+02    2.29326E-01    7.95069E-01
    2.72600E+02    2.30382E-01    7.94230E-01
    2.72700E+02    2.32099E-01    7.92868E-01
    2.72800E+02    2.35270E-01    7.90357E-01
    2.72900E+02    2.43053E-01    7.84230E-01
    2.73000E+02    2.76293E-01    7.58591E-01
    2.73100E+02    2.78023E-01    7.57279E-01
    2.73200E+02    2.44031E-01    7.83464E-01
    2.73300E+02    2.36619E-01    7.89292E-01
    2.73400E+02    2.33816E-01    7.91508E-01
    2.73500E+02    2.32611E-01    7.92462E-01
    2.73600E+02    2.32080E-01    7.92883E-01
    2.73700E+02    2.31888E-01    7.93035E-01
    2.73800E+02    2.31970E-01    7.92970E-01
    2.73900E+02    2.32341E-01    7.92676E-01
    2.74000E+02    2.32746E-01    7.92354E-01
    2.74100E+02    2.33468E-01    7.91783E-01
    2.74200E+02    2.34953E-01    7.90608E-01
    2.74300E+02    2.38344E-01    7.87931E-01
    2.74400E+02    2.49915E-01    7.78867E-01
    2.74500E+02    2.79975E-01    7.55802E-01
    2.74600E+02    2.43199E-01    7.84115E-01
    2.74700E+02    2.37179E-01    7.88850E-01
    2.74800E+02    2.35165E-01    7.90441E-01
    2.74900E+02    2.34338E-01    7.91094E-01
    2.75000E+02    2.34021E-01    7.91346E-01
    2.75100E+02    2.33848E-01    7.91482E-01
    2.75200E+02    2.33906E-01    7.91436E-01
    2.75300E+02    2.33840E-01    7.91488E-01
    2.75400E+02    2.33919E-01    7.91426E-01
    2.75500E+02    2.34027E-01    7.91340E-01
    2.75600E+02    2.34167E-01    7.91230E-01
    2.75700E+02    2.34347E-01    7.91087E-01
    2.75800E+02    2.34540E-01    7.90934E-01
    2.75900E+02    2.34765E-01    7.90757E-01
    2.76000E+02    2.34961E-01    7.90602E-01
    2.76100E+02    2.35205E-01    7.90408E-01
    2.76200E+02    2.35477E-01    7.90194E-01
    2.76300E+02    2.35793E-01    7.89944E-01
    2.76400E+02    2.36158E-01    7.89656E-01
    2.76500E+02    2.36631E-01    7.89282E-01
    2.76600E+02    2.37318E-01    7.88740E-01
    2.76700E+02    2.38545E-01    7.87773E-01
    2.76800E+02    2.41629E-01    7.85348E-01
    2.76900E+02    2.58965E-01    7.71850E-01
    2.77000E+02    2.45969E-01    7.81947E-01
    2.77100E+02    2.40492E-01    7.86241E-01
    2.77200E+02    2.39032E-01    7.87390E-01
    2.77300E+02    2.38567E-01    7.87756E-01
    2.77400E+02    2.38479E-01    7.87825E-01
    2.77500E+02    2.38531E-01    7.87784E-01
    2.77600E+02    2.38592E-01    7.87736E-01
    2.77700E+02    2.38722E-01    7.87634E-01
    2.77800E+02    2.38921E-01    7.87477E-01
    2.77900E+02    2.39261E-01    7.87210E-01
    2.78000E+02    2.39379E-01    7.87117E-01
    2.78100E+02    2.39606E-01    7.86938E-01
    2.78200E+02    2.39766E-01    7.86812E-01
    2.78300E+02    2.40044E-01    7.86594E-01
    2.78400E+02    2.40503E-01    7.86232E-01
    2.78500E+02    2.41733E-01    7.85266E-01
    2.78600E+02    2.41086E-01    7.85774E-01
    2.78700E+02    2.41095E-01    7.85767E-01
    2.78800E+02    2.41328E-01    7.85584E-01
    2.78900E+02    2.41655E-01    7.85327E-01
    2.79000E+02    2.42074E-01    7.84998E-01
    2.79100E+02    2.42643E-01    7.84552E-01
    2.79200E+02    2.43589E-01    7.83810E-01
    2.79300E+02    2.45797E-01    7.82081E-01
    2.79400E+02    2.49787E-01    7.78967E-01
    2.79500E+02    2.67792E-01    7.65067E-01
    2.79600E+02    2.48427E-01    7.80027E-01
    2.79700E+02    2.46133E-01    7.81819E-01
    2.79800E+02    2.46746E-01    7.81339E-01
    2.79900E+02    2.56632E-01    7.73653E-01
    2.80000E+02    2.46203E-01    7.81764E-01
    2.80100E+02    2.45096E-01    7.82629E-01
    2.80200E+02    2.44870E-01    7.82806E-01
    2.80300E+02    2.44881E-01    7.82798E-01
    2.80400E+02    2.44994E-01    7.82709E-01
    2.80500E+02    2.45153E-01    7.82585E-01
    2.80600E+02    2.45353E-01    7.82428E-01
    2.80700E+02    2.45594E-01    7.82240E-01
    2.80800E+02    2.45915E-01    7.81989E-01
    2.80900E+02    2.46639E-01    7.81423E-01
    2.81000E+02    2.49318E-01    7.79332E-01
    2.81100E+02    2.46869E-01    7.81243E-01
    2.81200E+02    2.47018E-01    7.81127E-01
    2.81300E+02    2.47052E-01    7.81100E-01
    2.81400E+02    2.47379E-01    7.80845E-01
    2.81500E+02    2.48265E-01    7.80153E-01
    2.81600E+02    2.47985E-01    7.80372E-01
    2.81700E+02    2.47996E-01    7.80363E-01
    2.81800E+02    2.48230E-01    7.80180E-01
    2.81900E+02    2.48619E-01    7.79877E-01
    2.82000E+02    2.49086E-01    7.79513E-01
    2.82100E+02    2.49124E-01    7.79483E-01
    2.82200E+02    2.49394E-01    7.79273E-01
    2.82300E+02    2.49769E-01    7.78981E-01
    2.82400E+02    2.50066E-01    7.78749E-01
    2.82500E+02    2.50590E-01    7.78341E-01
    2.82600E+02    2.51439E-01    7.77681E-01
    2.82700E+02    2.53347E-01    7.76199E-01
    2.82800E+02    2.62136E-01    7.69407E-01
    2.82900E+02    2.58201E-01    7.72440E-01
    2.83000E+02    2.53495E-01    7.76083E-01
    2.83100E+02    2.52534E-01    7.76830E-01
    2.83200E+02    2.52309E-01    7.77005E-01
    2.83300E+02    2.52305E-01    7.77007E-01
    2.83400E+02    2.52460E-01    7.76887E-01
    2.83500E+02    2.52613E-01    7.76769E-01
    2.83600E+02    2.52813E-01    7.76613E-01
    2.83700E+02    2.53046E-01    7.76432E-01
    2.83800E+02    2.53299E-01    7.76236E-01
    2.83900E+02    2.53565E-01    7.76029E-01
    2.84000E+02    2.53862E-01    7.75799E-01
    2.84100E+02    2.54132E-01    7.75589E-01
    2.84200E+02    2.54428E-01    7.75360E-01
    2.84300E+02    2.54779E-01    7.75088E-01
    2.84400E+02    2.55558E-01    7.74484E-01
    2.84500E+02    2.55431E-01    7.74583E-01
    2.84600E+02    2.55859E-01    7.74251E-01
    2.84700E+02    2.56091E-01    7.74072E-01
    2.84800E+02    2.56503E-01    7.73753E-01
    2.84900E+02    2.56898E-01    7.73447E-01
    2.85000E+02    2.57303E-01    7.73134E-01
    2.85100E+02    2.57795E-01    7.72754E-01
    2.85200E+02    2.58363E-01    7.72315E-01
    2.85300E+02    2.59032E-01    7.71798E-01
    2.85400E+02    2.59852E-01    7.71165E-01
    2.85500E+02    2.60911E-01    7.70349E-01
    2.85600E+02    2.62430E-01    7.69180E-01
    2.85700E+02    2.64494E-01    7.67594E-01
    2.85800E+02    2.68131E-01    7.64808E-01
    2.85900E+02    2.75554E-01    7.59152E-01
    2.86000E+02    2.96688E-01    7.43276E-01
    2.86100E+02    3.90184E-01    6.76932E-01
    2.86200E+02    3.44466E-01    7.08599E-01
    2.86300E+02    3.40395E-01    7.11489E-01
    2.86400E+02    2.81785E-01    7.54436E-01
    2.86500E+02    2.71722E-01    7.62066E-01
    2.86600E+02    2.67768E-01    7.65085E-01
    2.86700E+02    2.65842E-01    7.66561E-01
    2.86800E+02    2.64813E-01    7.67349E-01
    2.86900E+02    2.64272E-01    7.67764E-01
    2.87000E+02    2.64062E-01    7.67926E-01
    2.87100E+02    2.63823E-01    7.68110E-01
    2.87200E+02    2.63793E-01    7.68133E-01
    2.87300E+02    2.63859E-01    7.68082E-01
    2.87400E+02    2.63990E-01    7.67981E-01
    2.87500E+02    2.64175E-01    7.67839E-01
    2.87600E+02    2.64403E-01    7.67664E-01
    2.87700E+02    2.64670E-01    7.67459E-01
    2.87800E+02    2.64983E-01    7.67219E-01
    2.87900E+02    2.65345E-01    7.66942E-01
    2.88000E+02    2.65767E-01    7.66618E-01
    2.88100E+02    2.66263E-01    7.66238E-01
    2.88200E+02    2.66875E-01    7.65769E-01
    2.88300E+02    2.67728E-01    7.65116E-01
    2.88400E+02    2.68656E-01    7.64406E-01
    2.88500E+02    2.70075E-01    7.63322E-01
    2.88600E+02    2.72401E-01    7.61549E-01
    2.88700E+02    2.76767E-01    7.58231E-01
    2.88800E+02    2.87193E-01    7.50367E-01
    2.88900E+02    3.27906E-01    7.20431E-01
    2.89000E+02    3.52712E-01    7.02779E-01
    2.89100E+02    2.91874E-01    7.46862E-01
    2.89200E+02    2.79445E-01    7.56204E-01
    2.89300E+02    2.74895E-01    7.59652E-01
    2.89400E+02    2.72827E-01    7.61224E-01
    2.89500E+02    2.71790E-01    7.62015E-01
    2.89600E+02    2.71257E-01    7.62421E-01
    2.89700E+02    2.71013E-01    7.62607E-01
    2.89800E+02    2.71014E-01    7.62606E-01
    2.89900E+02    2.71095E-01    7.62544E-01
    2.90000E+02    2.71199E-01    7.62464E-01
    2.90100E+02    2.71173E-01    7.62485E-01
    2.90200E+02    2.71323E-01    7.62371E-01
    2.90300E+02    2.71528E-01    7.62214E-01
    2.90400E+02    2.71781E-01    7.62021E-01
    2.90500E+02    2.72102E-01    7.61777E-01
    2.90600E+02    2.72435E-01    7.61523E-01
    2.90700E+02    2.72877E-01    7.61186E-01
    2.90800E+02    2.73619E-01    7.60622E-01
    2.90900E+02    2.75709E-01    7.59034E-01
    2.91000E+02    2.80299E-01    7.55558E-01
    2.91100E+02    2.75139E-01    7.59466E-01
    2.91200E+02    2.74600E-01    7.59876E-01
    2.91300E+02    2.74775E-01    7.59743E-01
    2.91400E+02    2.74916E-01    7.59636E-01
    2.91500E+02    2.75057E-01    7.59529E-01
    2.91600E+02    2.75464E-01    7.59220E-01
    2.91700E+02    2.78161E-01    7.57175E-01
    2.91800E+02    2.76039E-01    7.58783E-01
    2.91900E+02    2.76217E-01    7.58648E-01
    2.92000E+02    2.76525E-01    7.58415E-01
    2.92100E+02    2.76890E-01    7.58138E-01
    2.92200E+02    2.77296E-01    7.57830E-01
    2.92300E+02    2.77743E-01    7.57491E-01
    2.92400E+02    2.78272E-01    7.57091E-01
    2.92500E+02    2.79078E-01    7.56481E-01
    2.92600E+02    2.79689E-01    7.56019E-01
    2.92700E+02    2.80463E-01    7.55434E-01
    2.92800E+02    2.81786E-01    7.54435E-01
    2.92900E+02    2.84070E-01    7.52714E-01
    2.93000E+02    2.89046E-01    7.48978E-01
    2.93100E+02    3.06100E-01    7.36313E-01
    2.93200E+02    3.33874E-01    7.16144E-01
    2.93300E+02    2.95245E-01    7.44349E-01
    2.93400E+02    2.89676E-01    7.48506E-01
    2.93500E+02    2.93669E-01    7.45524E-01
    2.93600E+02    2.92227E-01    7.46599E-01
    2.93700E+02    2.85919E-01    7.51324E-01
    2.93800E+02    2.84429E-01    7.52444E-01
    2.93900E+02    2.83906E-01    7.52837E-01
    2.94000E+02    2.83764E-01    7.52944E-01
    2.94100E+02    2.83800E-01    7.52918E-01
    2.94200E+02    2.83941E-01    7.52811E-01
    2.94300E+02    2.84136E-01    7.52664E-01
    2.94400E+02    2.84377E-01    7.52483E-01
    2.94500E+02    2.84655E-01    7.52274E-01
    2.94600E+02    2.85033E-01    7.51989E-01
    2.94700E+02    2.85237E-01    7.51836E-01
    2.94800E+02    2.85562E-01    7.51592E-01
    2.94900E+02    2.85882E-01    7.51352E-01
    2.95000E+02    2.86217E-01    7.51099E-01
    2.95100E+02    2.86556E-01    7.50845E-01
    2.95200E+02    2.86935E-01    7.50560E-01
    2.95300E+02    2.87449E-01    7.50175E-01
    2.95400E+02    2.87814E-01    7.49901E-01
    2.95500E+02    2.88130E-01    7.49664E-01
    2.95600E+02    2.88391E-01    7.49468E-01
    2.95700E+02    2.88769E-01    7.49185E-01
    2.95800E+02    2.89261E-01    7.48817E-01
    2.95900E+02    2.89574E-01    7.48582E-01
    2.96000E+02    2.90047E-01    7.48229E-01
    2.96100E+02    2.90642E-01    7.47783E-01
    2.96200E+02    2.90827E-01    7.47645E-01
    2.96300E+02    2.91257E-01    7.47324E-01
    2.96400E+02    2.92007E-01    7.46763E-01
    2.96500E+02    2.92158E-01    7.46651E-01
    2.96600E+02    2.92609E-01    7.46314E-01
    2.96700E+02    2.93106E-01    7.45943E-01
    2.96800E+02    2.93673E-01    7.45520E-01
    2.96900E+02    2.94204E-01    7.45125E-01
    2.97000E+02    2.94872E-01    7.44627E-01
    2.97100E+02    2.96003E-01    7.43785E-01
    2.97200E+02    2.97868E-01    7.42399E-01
    2.97300E+02    2.96842E-01    7.43161E-01
    2.97400E+02    2.97454E-01    7.42707E-01
    2.97500E+02    2.97896E-01    7.42378E-01
    2.97600E+02    2.98595E-01    7.41860E-01
    2.97700E+02    2.99412E-01    7.41254E-01
    2.97800E+02    3.00338E-01    7.40568E-01
    2.97900E+02    3.01397E-01    7.39784E-01
    2.98000E+02    3.02630E-01    7.38873E-01
    2.98100E+02    3.04123E-01    7.37770E-01
    2.98200E+02    3.06022E-01    7.36371E-01
    2.98300E+02    3.08823E-01    7.34311E-01
    2.98400E+02    3.13396E-01    7.30960E-01
    2.98500E+02    3.17450E-01    7.28003E-01
    2.98600E+02    3.12121E-01    7.31893E-01
    2.98700E+02    3.09094E-01    7.34112E-01
    2.98800E+02    3.08247E-01    7.34734E-01
    2.98900E+02    3.07101E-01    7.35577E-01
    2.99000E+02    3.06572E-01    7.35966E-01
    2.99100E+02    3.06294E-01    7.36170E-01
    2.99200E+02    3.06185E-01    7.36250E-01
    2.99300E+02    3.06264E-01    7.36192E-01
    2.99400E+02    3.06756E-01    7.35830E-01
    2.99500E+02    3.09409E-01    7.33880E-01
    2.99600E+02    3.06914E-01    7.35714E-01
    2.99700E+02    3.07078E-01    7.35593E-01
    2.99800E+02    3.07078E-01    7.35594E-01
    2.99900E+02    3.07379E-01    7.35372E-01
    3.00000E+02    3.07778E-01    7.35079E-01
    3.00100E+02    3.08348E-01    7.34659E-01
    3.00200E+02    3.08908E-01    7.34249E-01
    3.00300E+02    3.09641E-01    7.33710E-01
    3.00400E+02    3.10786E-01    7.32870E-01
    3.00500E+02    3.12925E-01    7.31305E-01
    3.00600E+02    3.19072E-01    7.26823E-01
    3.00700E+02    3.42516E-01    7.09982E-01
    3.00800E+02    3.17680E-01    7.27835E-01
    3.00900E+02    3.14812E-01    7.29926E-01
    3.01000E+02    3.14401E-01    7.30226E-01
    3.01100E+02    3.14742E-01    7.29977E-01
    3.01200E+02    3.15605E-01    7.29347E-01
    3.01300E+02    3.17072E-01    7.28279E-01
    3.01400E+02    3.19407E-01    7.26580E-01
    3.01500E+02    3.23459E-01    7.23642E-01
    3.01600E+02    3.31828E-01    7.17610E-01
    3.01700E+02    3.55625E-01    7.00736E-01
    3.01800E+02    5.21739E-01    5.93488E-01
    3.01900E+02    3.70745E-01    6.90220E-01
    3.02000E+02    3.37467E-01    7.13575E-01
    3.02100E+02    3.27917E-01    7.20423E-01
    3.02200E+02    3.24125E-01    7.23160E-01
    3.02300E+02    3.22473E-01    7.24355E-01
    3.02400E+02    3.21845E-01    7.24810E-01
    3.02500E+02    3.21888E-01    7.24779E-01
    3.02600E+02    3.22284E-01    7.24492E-01
    3.02700E+02    3.23104E-01    7.23899E-01
    3.02800E+02    3.24665E-01    7.22769E-01
    3.02900E+02    3.27694E-01    7.20584E-01
    3.03000E+02    3.34833E-01    7.15458E-01
    3.03100E+02    3.60461E-01    6.97355E-01
    3.03200E+02    3.85832E-01    6.79884E-01
    3.03300E+02    3.39896E-01    7.11844E-01
    3.03400E+02    3.31116E-01    7.18122E-01
    3.03500E+02    3.28266E-01    7.20172E-01
    3.03600E+02    3.27383E-01    7.20808E-01
    3.03700E+02    3.26603E-01    7.21370E-01
    3.03800E+02    3.26529E-01    7.21424E-01
    3.03900E+02    3.26733E-01    7.21277E-01
    3.04000E+02    3.27035E-01    7.21059E-01
    3.04100E+02    3.27450E-01    7.20760E-01
    3.04200E+02    3.27950E-01    7.20399E-01
    3.04300E+02    3.28520E-01    7.19988E-01
    3.04400E+02    3.29162E-01    7.19526E-01
    3.04500E+02    3.29885E-01    7.19007E-01
    3.04600E+02    3.30723E-01    7.18404E-01
    3.04700E+02    3.31779E-01    7.17646E-01
    3.04800E+02    3.33754E-01    7.16230E-01
    3.04900E+02    3.33258E-01    7.16585E-01
    3.05000E+02    3.33132E-01    7.16676E-01
    3.05100E+02    3.33364E-01    7.16509E-01
    3.05200E+02    3.33657E-01    7.16300E-01
    3.05300E+02    3.34051E-01    7.16017E-01
    3.05400E+02    3.34503E-01    7.15694E-01
    3.05500E+02    3.34994E-01    7.15342E-01
    3.05600E+02    3.35520E-01    7.14966E-01
    3.05700E+02    3.36068E-01    7.14575E-01
    3.05800E+02    3.36639E-01    7.14166E-01
    3.05900E+02    3.37245E-01    7.13734E-01
    3.06000E+02    3.37876E-01    7.13284E-01
    3.06100E+02    3.38467E-01    7.12862E-01
    3.06200E+02    3.39104E-01    7.12408E-01
    3.06300E+02    3.39752E-01    7.11947E-01
    3.06400E+02    3.40423E-01    7.11469E-01
    3.06500E+02    3.41087E-01    7.10997E-01
    3.06600E+02    3.41776E-01    7.10508E-01
    3.06700E+02    3.42479E-01    7.10008E-01
    3.06800E+02    3.43202E-01    7.09495E-01
    3.06900E+02    3.44010E-01    7.08922E-01
    3.07000E+02    3.44693E-01    7.08437E-01
    3.07100E+02    3.45405E-01    7.07933E-01
    3.07200E+02    3.46171E-01    7.07391E-01
    3.07300E+02    3.47182E-01    7.06677E-01
    3.07400E+02    3.48049E-01    7.06064E-01
    3.07500E+02    3.49018E-01    7.05380E-01
    3.07600E+02    3.49607E-01    7.04965E-01
    3.07700E+02    3.50364E-01    7.04432E-01
    3.07800E+02    3.51175E-01    7.03861E-01
    3.07900E+02    3.52014E-01    7.03270E-01
    3.08000E+02    3.52861E-01    7.02675E-01
    3.08100E+02    3.53729E-01    7.02065E-01
    3.08200E+02    3.54622E-01    7.01439E-01
    3.08300E+02    3.55542E-01    7.00794E-01
    3.08400E+02    3.56521E-01    7.00108E-01
    3.08500E+02    3.57771E-01    6.99233E-01
    3.08600E+02    3.59128E-01    6.98285E-01
    3.08700E+02    3.59438E-01    6.98068E-01
    3.08800E+02    3.60441E-01    6.97369E-01
    3.08900E+02    3.61472E-01    6.96650E-01
    3.09000E+02    3.62291E-01    6.96080E-01
    3.09100E+02    3.63304E-01    6.95375E-01
    3.09200E+02    3.64411E-01    6.94605E-01
    3.09300E+02    3.65531E-01    6.93828E-01
    3.09400E+02    3.66803E-01    6.92946E-01
    3.09500E+02    3.67792E-01    6.92261E-01
    3.09600E+02    3.69044E-01    6.91395E-01
    3.09700E+02    3.70472E-01    6.90409E-01
    3.09800E+02    3.72275E-01    6.89165E-01
    3.09900E+02    3.74979E-01    6.87303E-01
    3.10000E+02    3.82311E-01    6.82283E-01
    3.10100E+02    3.89029E-01    6.77715E-01
    3.10200E+02    3.79333E-01    6.84318E-01
    3.10300E+02    3.78489E-01    6.84895E-01
    3.10400E+02    3.78813E-01    6.84674E-01
    3.10500E+02    3.79636E-01    6.84110E-01
    3.10600E+02    3.80622E-01    6.83436E-01
    3.10700E+02    3.81702E-01    6.82698E-01
    3.10800E+02    3.82839E-01    6.81923E-01
    3.10900E+02    3.84016E-01    6.81120E-01
    3.11000E+02    3.85236E-01    6.80290E-01
    3.11100E+02    3.86544E-01    6.79401E-01
    3.11200E+02    3.87779E-01    6.78562E-01
    3.11300E+02    3.89039E-01    6.77708E-01
    3.11400E+02    3.90357E-01    6.76815E-01
    3.11500E+02    3.91726E-01    6.75890E-01
    3.11600E+02    3.93208E-01    6.74889E-01
    3.11700E+02    3.94621E-01    6.73935E-01
    3.11800E+02    3.96008E-01    6.73001E-01
    3.11900E+02    3.97460E-01    6.72025E-01
    3.12000E+02    3.98985E-01    6.71001E-01
    3.12100E+02    4.00552E-01    6.69950E-01
    3.12200E+02    4.02158E-01    6.68875E-01
    3.12300E+02    4.03811E-01    6.67771E-01
    3.12400E+02    4.05509E-01    6.66638E-01
    3.12500E+02    4.07301E-01    6.65444E-01
    3.12600E+02    4.09099E-01    6.64248E-01
    3.12700E+02    4.10840E-01    6.63093E-01
    3.12800E+02    4.12703E-01    6.61859E-01
    3.12900E+02    4.14882E-01    6.60418E-01
    3.13000E+02    4.16557E-01    6.59313E-01
    3.13100E+02    4.18512E-01    6.58025E-01
    3.13200E+02    4.20467E-01    6.56740E-01
    3.13300E+02    4.22523E-01    6.55391E-01
    3.13400E+02    4.24645E-01    6.54002E-01
    3.13500E+02    4.26856E-01    6.52558E-01
    3.13600E+02    4.29242E-01    6.51002E-01
    3.13700E+02    4.31164E-01    6.49752E-01
    3.13800E+02    4.33387E-01    6.48310E-01
    3.13900E+02    4.35716E-01    6.46801E-01
    3.14000E+02    4.38626E-01    6.44922E-01
    3.14100E+02    4.40303E-01    6.43841E-01
    3.14200E+02    4.42631E-01    6.42344E-01
    3.14300E+02    4.45065E-01    6.40782E-01
    3.14400E+02    4.47578E-01    6.39174E-01
    3.14500E+02    4.50169E-01    6.37520E-01
    3.14600E+02    4.52847E-01    6.35816E-01
    3.14700E+02    4.55618E-01    6.34056E-01
    3.14800E+02    4.58495E-01    6.32235E-01
    3.14900E+02    4.61489E-01    6.30345E-01
    3.15000E+02    4.64624E-01    6.28371E-01
    3.15100E+02    4.67953E-01    6.26283E-01
    3.15200E+02    4.71412E-01    6.24120E-01
    3.15300E+02    4.75163E-01    6.21784E-01
    3.15400E+02    4.79320E-01    6.19204E-01
    3.15500E+02    4.84150E-01    6.16220E-01
    3.15600E+02    4.90331E-01    6.12424E-01
    3.15700E+02    5.00111E-01    6.06463E-01
    3.15800E+02    5.25724E-01    5.91127E-01
    3.15900E+02    5.79014E-01    5.60451E-01
    3.16000E+02    5.22441E-01    5.93071E-01
    3.16100E+02    5.20894E-01    5.93990E-01
    3.16200E+02    5.34219E-01    5.86127E-01
    3.16300E+02    6.07008E-01    5.44979E-01
    3.16400E+02    5.60814E-01    5.70744E-01
    3.16500E+02    5.38012E-01    5.83908E-01
    3.16600E+02    5.36854E-01    5.84584E-01
    3.16700E+02    5.46085E-01    5.79213E-01
    3.16800E+02    5.40622E-01    5.82386E-01
    3.16900E+02    5.43869E-01    5.80498E-01
    3.17000E+02    5.48924E-01    5.77571E-01
    3.17100E+02    5.56273E-01    5.73342E-01
    3.17200E+02    5.78899E-01    5.60515E-01
    3.17300E+02    5.66854E-01    5.67308E-01
    3.17400E+02    5.70702E-01    5.65129E-01
    3.17500E+02    5.76268E-01    5.61992E-01
    3.17600E+02    5.82526E-01    5.58486E-01
    3.17700E+02    5.89245E-01    5.54746E-01
    3.17800E+02    5.96320E-01    5.50835E-01
    3.17900E+02    6.03727E-01    5.46770E-01
    3.18000E+02    6.11499E-01    5.42537E-01
    3.18100E+02    6.19696E-01    5.38108E-01
    3.18200E+02    6.28172E-01    5.33566E-01
    3.18300E+02    6.37099E-01    5.28824E-01
    3.18400E+02    6.46453E-01    5.23901E-01
    3.18500E+02    6.56301E-01    5.18767E-01
    3.18600E+02    6.66509E-01    5.13498E-01
    3.18700E+02    6.77298E-01    5.07988E-01
    3.18800E+02    6.88631E-01    5.02263E-01
    3.18900E+02    7.00558E-01    4.96308E-01
    3.19000E+02    7.13105E-01    4.90120E-01
    3.19100E+02    7.26345E-01    4.83674E-01
    3.19200E+02    7.40439E-01    4.76905E-01
    3.19300E+02    7.55248E-01    4.69894E-01
    3.19400E+02    7.71112E-01    4.62498E-01
    3.19500E+02    7.87821E-01    4.54835E-01
    3.19600E+02    8.06041E-01    4.46623E-01
    3.19700E+02    8.26338E-01    4.37649E-01
    3.19800E+02    8.50550E-01    4.27180E-01
    3.19900E+02    8.87239E-01    4.11791E-01
    3.20000E+02    1.04487E+00    3.51739E-01
    3.20100E+02    9.29243E-01    3.94852E-01
    3.20200E+02    9.38154E-01    3.91350E-01
    3.20300E+02    9.58606E-01    3.83427E-01
    3.20400E+02    9.83107E-01    3.74147E-01
    3.20500E+02    1.00985E+00    3.64272E-01
    3.20600E+02    1.03850E+00    3.53986E-01
    3.20700E+02    1.06857E+00    3.43498E-01
    3.20800E+02    1.09998E+00    3.32877E-01
    3.20900E+02    1.13245E+00    3.22243E-01
    3.21000E+02    1.16580E+00    3.11673E-01
    3.21100E+02    1.19988E+00    3.01232E-01
    3.21200E+02    1.23431E+00    2.91035E-01
    3.21300E+02    1.26921E+00    2.81055E-01
    3.21400E+02    1.30500E+00    2.71173E-01
    3.21500E+02    1.34220E+00    2.61271E-01
    3.21600E+02    1.38107E+00    2.51310E-01
    3.21700E+02    1.42239E+00    2.41136E-01
    3.21800E+02    1.46663E+00    2.30702E-01
    3.21900E+02    1.51443E+00    2.19934E-01
    3.22000E+02    1.56847E+00    2.08363E-01
    3.22100E+02    1.62214E+00    1.97477E-01
    3.22200E+02    1.68191E+00    1.86018E-01
    3.22300E+02    1.74696E+00    1.74302E-01
    3.22400E+02    1.81788E+00    1.62369E-01
    3.22500E+02    1.89490E+00    1.50333E-01
    3.22600E+02    1.97850E+00    1.38277E-01
    3.22700E+02    2.06944E+00    1.26256E-01
    3.22800E+02    2.16778E+00    1.14431E-01
    3.22900E+02    2.27483E+00    1.02815E-01
    3.23000E+02    2.39109E+00    9.15299E-02
    3.23100E+02    2.51735E+00    8.06732E-02
    3.23200E+02    2.65444E+00    7.03383E-02
    3.23300E+02    2.80315E+00    6.06188E-02
    3.23400E+02    2.96440E+00    5.15912E-02
    3.23500E+02    3.13907E+00    4.33229E-02
    3.23600E+02    3.32808E+00    3.58618E-02
    3.23700E+02    3.53713E+00    2.90967E-02
    3.23800E+02    3.75037E+00    2.35090E-02
    3.23900E+02    3.98416E+00    1.86081E-02
    3.24000E+02    4.23362E+00    1.44999E-02
    3.24100E+02    4.49791E+00    1.11323E-02
    3.24200E+02    4.77610E+00    8.42879E-03
    3.24300E+02    5.06513E+00    6.31309E-03
    3.24400E+02    5.36206E+00    4.69124E-03
    3.24500E+02    5.66183E+00    3.47615E-03
    3.24600E+02    5.95805E+00    2.58496E-03
    3.24700E+02    6.24200E+00    1.94596E-03
    3.24800E+02    6.50293E+00    1.49905E-03
    3.24900E+02    6.72843E+00    1.19641E-03
    3.25000E+02    6.90317E+00    1.00460E-03
    3.25100E+02    7.00990E+00    9.02903E-04
    3.25200E+02    7.01706E+00    8.96458E-04
    3.25300E+02    6.92226E+00    9.85600E-04
    3.25400E+02    6.75825E+00    1.16126E-03
    3.25500E+02    6.54165E+00    1.44211E-03
    3.25600E+02    6.28825E+00    1.85801E-03
    3.25700E+02    6.01000E+00    2.45408E-03
    3.25800E+02    5.71863E+00    3.28421E-03
    3.25900E+02    5.42227E+00    4.41710E-03
    3.26000E+02    5.12789E+00    5.92905E-03
    3.26100E+02    4.84038E+00    7.90404E-03
    3.26200E+02    4.56323E+00    1.04283E-02
    3.26300E+02    4.29946E+00    1.35758E-02
    3.26400E+02    4.05136E+00    1.73986E-02
    3.26500E+02    3.81977E+00    2.19329E-02
    3.26600E+02    3.60109E+00    2.72939E-02
    3.26700E+02    3.40512E+00    3.32028E-02
    3.26800E+02    3.24426E+00    3.89975E-02
    3.26900E+02    3.33818E+00    3.55013E-02
    3.27000E+02    2.90407E+00    5.48000E-02
    3.27100E+02    2.72144E+00    6.57801E-02
    3.27200E+02    2.57126E+00    7.64392E-02
    3.27300E+02    2.43723E+00    8.74023E-02
    3.27400E+02    2.31517E+00    9.87489E-02
    3.27500E+02    2.20332E+00    1.10436E-01
    3.27600E+02    2.10088E+00    1.22349E-01
    3.27700E+02    2.00876E+00    1.34155E-01
    3.27800E+02    1.93294E+00    1.44722E-01
    3.27900E+02    1.84779E+00    1.57584E-01
    3.28000E+02    1.76105E+00    1.71864E-01
    3.28100E+02    1.68789E+00    1.84910E-01
    3.28200E+02    1.62134E+00    1.97633E-01
    3.28300E+02    1.55983E+00    2.10172E-01
    3.28400E+02    1.50271E+00    2.22526E-01
    3.28500E+02    1.44965E+00    2.34651E-01
    3.28600E+02    1.40002E+00    2.46592E-01
    3.28700E+02    1.35370E+00    2.58282E-01
    3.28800E+02    1.31047E+00    2.69692E-01
    3.28900E+02    1.26998E+00    2.80838E-01
    3.29000E+02    1.23208E+00    2.91686E-01
    3.29100E+02    1.19659E+00    3.02223E-01
    3.29200E+02    1.16314E+00    3.12503E-01
    3.29300E+02    1.13187E+00    3.22431E-01
    3.29400E+02    1.10220E+00    3.32139E-01
    3.29500E+02    1.07441E+00    3.41499E-01
    3.29600E+02    1.04834E+00    3.50518E-01
    3.29700E+02    1.02370E+00    3.59262E-01
    3.29800E+02    1.00126E+00    3.67417E-01
    3.29900E+02    9.78231E-01    3.75976E-01
    3.30000E+02    9.57260E-01    3.83943E-01
    3.30100E+02    9.37519E-01    3.91598E-01
    3.30200E+02    9.18851E-01    3.98977E-01
    3.30300E+02    9.01153E-01    4.06101E-01
    3.30400E+02    8.84392E-01    4.12965E-01
    3.30500E+02    8.68453E-01    4.19600E-01
    3.30600E+02    8.53365E-01    4.25979E-01
    3.30700E+02    8.39024E-01    4.32132E-01
    3.30800E+02    8.25361E-01    4.38077E-01
    3.30900E+02    8.12402E-01    4.43791E-01
    3.31000E+02    8.00112E-01    4.49279E-01
    3.31100E+02    7.88373E-01    4.54584E-01
    3.31200E+02    7.77167E-01    4.59706E-01
    3.31300E+02    7.66528E-01    4.64623E-01
    3.31400E+02    7.56402E-01    4.69352E-01
    3.31500E+02    7.46804E-01    4.73879E-01
    3.31600E+02    7.37675E-01    4.78225E-01
    3.31700E+02    7.29068E-01    4.82358E-01
    3.31800E+02    7.21563E-01    4.85992E-01
    3.31900E+02    7.13042E-01    4.90151E-01
    3.32000E+02    7.05694E-01    4.93766E-01
    3.32100E+02    6.99122E-01    4.97021E-01
    3.32200E+02    6.92955E-01    5.00096E-01
    3.32300E+02    6.87939E-01    5.02611E-01
    3.32400E+02    6.84749E-01    5.04217E-01
    3.32500E+02    6.85709E-01    5.03733E-01
    3.32600E+02    7.00816E-01    4.96180E-01
    3.32700E+02    8.67185E-01    4.20132E-01
    3.32800E+02    7.08437E-01    4.92413E-01
    3.32900E+02    7.17307E-01    4.88065E-01
    3.33000E+02    6.61908E-01    5.15866E-01
    3.33100E+02    6.46999E-01    5.23615E-01
    3.33200E+02    6.38180E-01    5.28253E-01
    3.33300E+02    6.31496E-01    5.31796E-01
    3.33400E+02    6.25888E-01    5.34786E-01
    3.33500E+02    6.20846E-01    5.37489E-01
    3.33600E+02    6.16284E-01    5.39947E-01
    3.33700E+02    6.12014E-01    5.42258E-01
    3.33800E+02    6.08044E-01    5.44415E-01
    3.33900E+02    6.04357E-01    5.46426E-01
    3.34000E+02    6.00830E-01    5.48357E-01
    3.34100E+02    5.97235E-01    5.50331E-01
    3.34200E+02    5.93935E-01    5.52151E-01
    3.34300E+02    5.90844E-01    5.53859E-01
    3.34400E+02    5.87852E-01    5.55519E-01
    3.34500E+02    5.85049E-01    5.57079E-01
    3.34600E+02    5.82378E-01    5.58569E-01
    3.34700E+02    5.79879E-01    5.59966E-01
    3.34800E+02    5.77526E-01    5.61285E-01
    3.34900E+02    5.75454E-01    5.62450E-01
    3.35000E+02    5.73832E-01    5.63363E-01
    3.35100E+02    5.73383E-01    5.63615E-01
    3.35200E+02    5.77751E-01    5.61159E-01
    3.35300E+02    5.86799E-01    5.56104E-01
    3.35400E+02    5.68563E-01    5.66339E-01
    3.35500E+02    5.63749E-01    5.69071E-01
    3.35600E+02    5.60909E-01    5.70690E-01
    3.35700E+02    5.58958E-01    5.71805E-01
    3.35800E+02    5.56389E-01    5.73275E-01
    3.35900E+02    5.54859E-01    5.74153E-01
    3.36000E+02    5.52575E-01    5.75466E-01
    3.36100E+02    5.50781E-01    5.76499E-01
    3.36200E+02    5.49496E-01    5.77240E-01
    3.36300E+02    5.47475E-01    5.78408E-01
    3.36400E+02    5.45890E-01    5.79326E-01
    3.36500E+02    5.44395E-01    5.80193E-01
    3.36600E+02    5.42980E-01    5.81014E-01
    3.36700E+02    5.41610E-01    5.81811E-01
    3.36800E+02    5.40309E-01    5.82568E-01
    3.36900E+02    5.39080E-01    5.83285E-01
    3.37000E+02    5.37882E-01    5.83984E-01
    3.37100E+02    5.36874E-01    5.84573E-01
    3.37200E+02    5.35778E-01    5.85214E-01
    3.37300E+02    5.34695E-01    5.85848E-01
    3.37400E+02    5.33693E-01    5.86435E-01
    3.37500E+02    5.32872E-01    5.86917E-01
    3.37600E+02    5.32289E-01    5.87259E-01
    3.37700E+02    5.31165E-01    5.87920E-01
    3.37800E+02    5.30093E-01    5.88550E-01
    3.37900E+02    5.29235E-01    5.89055E-01
    3.38000E+02    5.28454E-01    5.89516E-01
    3.38100E+02    5.27745E-01    5.89934E-01
    3.38200E+02    5.27054E-01    5.90342E-01
    3.38300E+02    5.26482E-01    5.90680E-01
    3.38400E+02    5.25864E-01    5.91045E-01
    3.38500E+02    5.25283E-01    5.91388E-01
    3.38600E+02    5.24892E-01    5.91619E-01
    3.38700E+02    5.25740E-01    5.91118E-01
    3.38800E+02    5.24097E-01    5.92090E-01
    3.38900E+02    5.23312E-01    5.92555E-01
    3.39000E+02    5.22745E-01    5.92891E-01
    3.39100E+02    5.22286E-01    5.93163E-01
    3.39200E+02    5.21880E-01    5.93404E-01
    3.39300E+02    5.21505E-01    5.93626E-01
    3.39400E+02    5.21164E-01    5.93829E-01
    3.39500E+02    5.20847E-01    5.94017E-01
    3.39600E+02    5.20559E-01    5.94188E-01
    3.39700E+02    5.20296E-01    5.94345E-01
    3.39800E+02    5.20072E-01    5.94478E-01
    3.39900E+02    5.19880E-01    5.94592E-01
    3.40000E+02    5.19652E-01    5.94727E-01
    3.40100E+02    5.19474E-01    5.94833E-01
    3.40200E+02    5.19324E-01    5.94923E-01
    3.40300E+02    5.19195E-01    5.94999E-01
    3.40400E+02    5.19092E-01    5.95060E-01
    3.40500E+02    5.19024E-01    5.95101E-01
    3.40600E+02    5.19055E-01    5.95083E-01
    3.40700E+02    5.19320E-01    5.94925E-01
    3.40800E+02    5.18906E-01    5.95172E-01
    3.40900E+02    5.18848E-01    5.95206E-01
    3.41000E+02    5.18838E-01    5.95212E-01
    3.41100E+02    5.18857E-01    5.95201E-01
    3.41200E+02    5.18899E-01    5.95176E-01
    3.41300E+02    5.18961E-01    5.95139E-01
    3.41400E+02    5.19042E-01    5.95090E-01
    3.41500E+02    5.19146E-01    5.95029E-01
    3.41600E+02    5.19269E-01    5.94955E-01
    3.41700E+02    5.19420E-01    5.94866E-01
    3.41800E+02    5.19625E-01    5.94744E-01
    3.41900E+02    5.20009E-01    5.94515E-01
    3.42000E+02    5.20061E-01    5.94485E-01
    3.42100E+02    5.20753E-01    5.94073E-01
    3.42200E+02    5.20520E-01    5.94211E-01
    3.42300E+02    5.20785E-01    5.94054E-01
    3.42400E+02    5.21111E-01    5.93861E-01
    3.42500E+02    5.21532E-01    5.93611E-01
    3.42600E+02    5.21939E-01    5.93369E-01
    3.42700E+02    5.22523E-01    5.93023E-01
    3.42800E+02    5.23337E-01    5.92540E-01
    3.42900E+02    5.24565E-01    5.91812E-01
    3.43000E+02    5.26943E-01    5.90407E-01
    3.43100E+02    5.33577E-01    5.86503E-01
    3.43200E+02    5.60878E-01    5.70708E-01
    3.43300E+02    5.42340E-01    5.81386E-01
    3.43400E+02    5.32390E-01    5.87200E-01
    3.43500E+02    5.42338E-01    5.81387E-01
    3.43600E+02    5.29199E-01    5.89077E-01
    3.43700E+02    5.27160E-01    5.90279E-01
    3.43800E+02    5.26637E-01    5.90588E-01
    3.43900E+02    5.26593E-01    5.90614E-01
    3.44000E+02    5.26701E-01    5.90550E-01
    3.44100E+02    5.26937E-01    5.90411E-01
    3.44200E+02    5.27242E-01    5.90230E-01
    3.44300E+02    5.27595E-01    5.90022E-01
    3.44400E+02    5.27992E-01    5.89788E-01
    3.44500E+02    5.28422E-01    5.89535E-01
    3.44600E+02    5.28901E-01    5.89252E-01
    3.44700E+02    5.29369E-01    5.88977E-01
    3.44800E+02    5.29908E-01    5.88659E-01
    3.44900E+02    5.30424E-01    5.88355E-01
    3.45000E+02    5.30878E-01    5.88089E-01
    3.45100E+02    5.31398E-01    5.87783E-01
    3.45200E+02    5.31945E-01    5.87461E-01
    3.45300E+02    5.32503E-01    5.87133E-01
    3.45400E+02    5.33081E-01    5.86794E-01
    3.45500E+02    5.33670E-01    5.86449E-01
    3.45600E+02    5.34276E-01    5.86094E-01
    3.45700E+02    5.34891E-01    5.85733E-01
    3.45800E+02    5.35518E-01    5.85366E-01
    3.45900E+02    5.36163E-01    5.84989E-01
    3.46000E+02    5.36816E-01    5.84607E-01
    3.46100E+02    5.37493E-01    5.84211E-01
    3.46200E+02    5.38175E-01    5.83813E-01
    3.46300E+02    5.38844E-01    5.83422E-01
    3.46400E+02    5.39560E-01    5.83005E-01
    3.46500E+02    5.40246E-01    5.82605E-01
    3.46600E+02    5.41002E-01    5.82165E-01
    3.46700E+02    5.41724E-01    5.81745E-01
    3.46800E+02    5.42514E-01    5.81285E-01
    3.46900E+02    5.43336E-01    5.80808E-01
    3.47000E+02    5.44030E-01    5.80405E-01
    3.47100E+02    5.44840E-01    5.79934E-01
    3.47200E+02    5.45863E-01    5.79341E-01
    3.47300E+02    5.46495E-01    5.78976E-01
    3.47400E+02    5.47205E-01    5.78564E-01
    3.47500E+02    5.48002E-01    5.78104E-01
    3.47600E+02    5.48856E-01    5.77610E-01
    3.47700E+02    5.49754E-01    5.77092E-01
    3.47800E+02    5.50995E-01    5.76376E-01
    3.47900E+02    5.51498E-01    5.76086E-01
    3.48000E+02    5.52424E-01    5.75553E-01
    3.48100E+02    5.53231E-01    5.75089E-01
    3.48200E+02    5.54129E-01    5.74572E-01
    3.48300E+02    5.55028E-01    5.74056E-01
    3.48400E+02    5.55973E-01    5.73514E-01
    3.48500E+02    5.56940E-01    5.72959E-01
    3.48600E+02    5.57990E-01    5.72359E-01
    3.48700E+02    5.58849E-01    5.71867E-01
    3.48800E+02    5.59850E-01    5.71295E-01
    3.48900E+02    5.60846E-01    5.70726E-01
    3.49000E+02    5.62134E-01    5.69991E-01
    3.49100E+02    5.62893E-01    5.69559E-01
    3.49200E+02    5.63939E-01    5.68964E-01
    3.49300E+02    5.65027E-01    5.68345E-01
    3.49400E+02    5.66205E-01    5.67676E-01
    3.49500E+02    5.67601E-01    5.66884E-01
    3.49600E+02    5.69058E-01    5.66058E-01
    3.49700E+02    5.71898E-01    5.64453E-01
    3.49800E+02    5.72542E-01    5.64089E-01
    3.49900E+02    5.72190E-01    5.64288E-01
