    1.49900E+02    1.06834E-01    8.98675E-01
    1.50000E+02    1.07054E-01    8.98477E-01
    1.50100E+02    1.07273E-01    8.98280E-01
    1.50200E+02    1.07441E-01    8.98129E-01
    1.50300E+02    1.07657E-01    8.97936E-01
    1.50400E+02    1.07848E-01    8.97764E-01
    1.50500E+02    1.08055E-01    8.97579E-01
    1.50600E+02    1.08266E-01    8.97389E-01
    1.50700E+02    1.08484E-01    8.97193E-01
    1.50800E+02    1.08700E-01    8.96999E-01
    1.50900E+02    1.08918E-01    8.96804E-01
    1.51000E+02    1.09138E-01    8.96607E-01
    1.51100E+02    1.09365E-01    8.96403E-01
    1.51200E+02    1.09585E-01    8.96206E-01
    1.51300E+02    1.09812E-01    8.96002E-01
    1.51400E+02    1.10035E-01    8.95802E-01
    1.51500E+02    1.10259E-01    8.95602E-01
    1.51600E+02    1.10488E-01    8.95397E-01
    1.51700E+02    1.10711E-01    8.95198E-01
    1.51800E+02    1.10933E-01    8.94999E-01
    1.51900E+02    1.11161E-01    8.94794E-01
    1.52000E+02    1.11385E-01    8.94594E-01
    1.52100E+02    1.11615E-01    8.94389E-01
    1.52200E+02    1.11836E-01    8.94191E-01
    1.52300E+02    1.12069E-01    8.93983E-01
    1.52400E+02    1.12300E-01    8.93776E-01
    1.52500E+02    1.12540E-01    8.93562E-01
    1.52600E+02    1.12774E-01    8.93353E-01
    1.52700E+02    1.13018E-01    8.93135E-01
    1.52800E+02    1.13261E-01    8.92917E-01
    1.52900E+02    1.13515E-01    8.92691E-01
    1.53000E+02    1.13776E-01    8.92458E-01
    1.53100E+02    1.14042E-01    8.92220E-01
    1.53200E+02    1.14312E-01    8.91979E-01
    1.53300E+02    1.14605E-01    8.91719E-01
    1.53400E+02    1.14924E-01    8.91434E-01
    1.53500E+02    1.15305E-01    8.91095E-01
    1.53600E+02    1.15807E-01    8.90647E-01
    1.53700E+02    1.17118E-01    8.89480E-01
    1.53800E+02    1.17306E-01    8.89313E-01
    1.53900E+02    1.19310E-01    8.87533E-01
    1.54000E+02    1.23304E-01    8.83995E-01
    1.54100E+02    1.21598E-01    8.85505E-01
    1.54200E+02    1.18461E-01    8.88287E-01
    1.54300E+02    1.17869E-01    8.88812E-01
    1.54400E+02    1.17768E-01    8.88902E-01
    1.54500E+02    1.17850E-01    8.88829E-01
    1.54600E+02    1.18018E-01    8.88680E-01
    1.54700E+02    1.18287E-01    8.88441E-01
    1.54800E+02    1.18519E-01    8.88235E-01
    1.54900E+02    1.18760E-01    8.88021E-01
    1.55000E+02    1.19019E-01    8.87791E-01
    1.55100E+02    1.19284E-01    8.87556E-01
    1.55200E+02    1.19555E-01    8.87315E-01
    1.55300E+02    1.19828E-01    8.87073E-01
    1.55400E+02    1.20110E-01    8.86823E-01
    1.55500E+02    1.20399E-01    8.86567E-01
    1.55600E+02    1.20692E-01    8.86307E-01
    1.55700E+02    1.20996E-01    8.86038E-01
    1.55800E+02    1.21310E-01    8.85759E-01
    1.55900E+02    1.21676E-01    8.85435E-01
    1.56000E+02    1.22128E-01    8.85035E-01
    1.56100E+02    1.24032E-01    8.83352E-01
    1.56200E+02    1.22775E-01    8.84462E-01
    1.56300E+02    1.22883E-01    8.84367E-01
    1.56400E+02    1.23154E-01    8.84127E-01
    1.56500E+02    1.23556E-01    8.83772E-01
    1.56600E+02    1.23743E-01    8.83607E-01
    1.56700E+02    1.24047E-01    8.83338E-01
    1.56800E+02    1.24348E-01    8.83073E-01
    1.56900E+02    1.24661E-01    8.82796E-01
    1.57000E+02    1.25000E-01    8.82497E-01
    1.57100E+02    1.25319E-01    8.82216E-01
    1.57200E+02    1.25669E-01    8.81907E-01
    1.57300E+02    1.26075E-01    8.81549E-01
    1.57400E+02    1.26324E-01    8.81329E-01
    1.57500E+02    1.26649E-01    8.81043E-01
    1.57600E+02    1.26988E-01    8.80744E-01
    1.57700E+02    1.27334E-01    8.80440E-01
    1.57800E+02    1.27681E-01    8.80135E-01
    1.57900E+02    1.28033E-01    8.79825E-01
    1.58000E+02    1.28390E-01    8.79510E-01
    1.58100E+02    1.28753E-01    8.79191E-01
    1.58200E+02    1.29113E-01    8.78875E-01
    1.58300E+02    1.29486E-01    8.78547E-01
    1.58400E+02    1.29866E-01    8.78213E-01
    1.58500E+02    1.30329E-01    8.77806E-01
    1.58600E+02    1.30673E-01    8.77504E-01
    1.58700E+02    1.30983E-01    8.77232E-01
    1.58800E+02    1.31360E-01    8.76902E-01
    1.58900E+02    1.31740E-01    8.76568E-01
    1.59000E+02    1.32126E-01    8.76231E-01
    1.59100E+02    1.32530E-01    8.75877E-01
    1.59200E+02    1.32936E-01    8.75521E-01
    1.59300E+02    1.33327E-01    8.75179E-01
    1.59400E+02    1.33726E-01    8.74830E-01
    1.59500E+02    1.34154E-01    8.74456E-01
    1.59600E+02    1.34549E-01    8.74110E-01
    1.59700E+02    1.34950E-01    8.73760E-01
    1.59800E+02    1.35376E-01    8.73388E-01
    1.59900E+02    1.35812E-01    8.73007E-01
    1.60000E+02    1.36237E-01    8.72636E-01
    1.60100E+02    1.36663E-01    8.72265E-01
    1.60200E+02    1.37099E-01    8.71884E-01
    1.60300E+02    1.37530E-01    8.71509E-01
    1.60400E+02    1.37991E-01    8.71106E-01
    1.60500E+02    1.38433E-01    8.70721E-01
    1.60600E+02    1.38882E-01    8.70331E-01
    1.60700E+02    1.39344E-01    8.69929E-01
    1.60800E+02    1.39803E-01    8.69530E-01
    1.60900E+02    1.40271E-01    8.69122E-01
    1.61000E+02    1.40749E-01    8.68707E-01
    1.61100E+02    1.41233E-01    8.68287E-01
    1.61200E+02    1.41724E-01    8.67860E-01
    1.61300E+02    1.42221E-01    8.67429E-01
    1.61400E+02    1.42705E-01    8.67009E-01
    1.61500E+02    1.43205E-01    8.66577E-01
    1.61600E+02    1.43710E-01    8.66139E-01
    1.61700E+02    1.44229E-01    8.65689E-01
    1.61800E+02    1.44745E-01    8.65243E-01
    1.61900E+02    1.45275E-01    8.64784E-01
    1.62000E+02    1.45805E-01    8.64326E-01
    1.62100E+02    1.46344E-01    8.63861E-01
    1.62200E+02    1.46888E-01    8.63390E-01
    1.62300E+02    1.47448E-01    8.62907E-01
    1.62400E+02    1.47997E-01    8.62434E-01
    1.62500E+02    1.48564E-01    8.61945E-01
    1.62600E+02    1.49138E-01    8.61450E-01
    1.62700E+02    1.49716E-01    8.60952E-01
    1.62800E+02    1.50305E-01    8.60445E-01
    1.62900E+02    1.50901E-01    8.59933E-01
    1.63000E+02    1.51512E-01    8.59408E-01
    1.63100E+02    1.52134E-01    8.58873E-01
    1.63200E+02    1.52793E-01    8.58308E-01
    1.63300E+02    1.53441E-01    8.57752E-01
    1.63400E+02    1.54029E-01    8.57247E-01
    1.63500E+02    1.54670E-01    8.56698E-01
    1.63600E+02    1.55332E-01    8.56131E-01
    1.63700E+02    1.56001E-01    8.55558E-01
    1.63800E+02    1.56689E-01    8.54970E-01
    1.63900E+02    1.57393E-01    8.54368E-01
    1.64000E+02    1.58119E-01    8.53748E-01
    1.64100E+02    1.58854E-01    8.53121E-01
    1.64200E+02    1.59625E-01    8.52463E-01
    1.64300E+02    1.60432E-01    8.51775E-01
    1.64400E+02    1.61292E-01    8.51043E-01
    1.64500E+02    1.62238E-01    8.50239E-01
    1.64600E+02    1.63344E-01    8.49299E-01
    1.64700E+02    1.64839E-01    8.48031E-01
    1.64800E+02    1.67374E-01    8.45883E-01
    1.64900E+02    1.74652E-01    8.39749E-01
    1.65000E+02    1.76024E-01    8.38598E-01
    1.65100E+02    1.69982E-01    8.43680E-01
    1.65200E+02    1.69450E-01    8.44129E-01
    1.65300E+02    1.70067E-01    8.43608E-01
    1.65400E+02    1.71292E-01    8.42575E-01
    1.65500E+02    1.73344E-01    8.40848E-01
    1.65600E+02    1.77319E-01    8.37512E-01
    1.65700E+02    1.89077E-01    8.27722E-01
    1.65800E+02    2.32144E-01    7.92832E-01
    1.65900E+02    1.85490E-01    8.30697E-01
    1.66000E+02    1.79294E-01    8.35860E-01
    1.66100E+02    1.77786E-01    8.37121E-01
    1.66200E+02    1.77865E-01    8.37055E-01
    1.66300E+02    1.77877E-01    8.37046E-01
    1.66400E+02    1.78401E-01    8.36607E-01
    1.66500E+02    1.79132E-01    8.35995E-01
    1.66600E+02    1.80093E-01    8.35193E-01
    1.66700E+02    1.80795E-01    8.34607E-01
    1.66800E+02    1.81696E-01    8.33855E-01
    1.66900E+02    1.82658E-01    8.33053E-01
    1.67000E+02    1.83664E-01    8.32215E-01
    1.67100E+02    1.84728E-01    8.31331E-01
    1.67200E+02    1.85839E-01    8.30407E-01
    1.67300E+02    1.87046E-01    8.29405E-01
    1.67400E+02    1.88455E-01    8.28237E-01
    1.67500E+02    1.90746E-01    8.26343E-01
    1.67600E+02    1.94019E-01    8.23642E-01
    1.67700E+02    1.92190E-01    8.25150E-01
    1.67800E+02    1.92830E-01    8.24622E-01
    1.67900E+02    1.93839E-01    8.23791E-01
    1.68000E+02    1.94978E-01    8.22853E-01
    1.68100E+02    1.96180E-01    8.21864E-01
    1.68200E+02    1.97422E-01    8.20844E-01
    1.68300E+02    1.98705E-01    8.19792E-01
    1.68400E+02    2.00021E-01    8.18714E-01
    1.68500E+02    2.01367E-01    8.17612E-01
    1.68600E+02    2.02748E-01    8.16484E-01
    1.68700E+02    2.04164E-01    8.15328E-01
    1.68800E+02    2.05631E-01    8.14133E-01
    1.68900E+02    2.07272E-01    8.12798E-01
    1.69000E+02    2.09031E-01    8.11370E-01
    1.69100E+02    2.10154E-01    8.10459E-01
    1.69200E+02    2.11622E-01    8.09271E-01
    1.69300E+02    2.13181E-01    8.08010E-01
    1.69400E+02    2.14780E-01    8.06719E-01
    1.69500E+02    2.16423E-01    8.05395E-01
    1.69600E+02    2.18115E-01    8.04033E-01
    1.69700E+02    2.19833E-01    8.02653E-01
    1.69800E+02    2.21626E-01    8.01215E-01
    1.69900E+02    2.23432E-01    7.99769E-01
    1.70000E+02    2.25320E-01    7.98261E-01
    1.70100E+02    2.27058E-01    7.96875E-01
    1.70200E+02    2.28957E-01    7.95362E-01
    1.70300E+02    2.31022E-01    7.93722E-01
    1.70400E+02    2.32881E-01    7.92248E-01
    1.70500E+02    2.34910E-01    7.90642E-01
    1.70600E+02    2.36982E-01    7.89006E-01
    1.70700E+02    2.39110E-01    7.87328E-01
    1.70800E+02    2.41286E-01    7.85617E-01
    1.70900E+02    2.43521E-01    7.83863E-01
    1.71000E+02    2.45815E-01    7.82067E-01
    1.71100E+02    2.48172E-01    7.80226E-01
    1.71200E+02    2.50594E-01    7.78338E-01
    1.71300E+02    2.53143E-01    7.76357E-01
    1.71400E+02    2.56593E-01    7.73683E-01
    1.71500E+02    2.58230E-01    7.72417E-01
    1.71600E+02    2.60691E-01    7.70519E-01
    1.71700E+02    2.63313E-01    7.68501E-01
    1.71800E+02    2.66041E-01    7.66408E-01
    1.71900E+02    2.68852E-01    7.64256E-01
    1.72000E+02    2.71736E-01    7.62055E-01
    1.72100E+02    2.74693E-01    7.59806E-01
    1.72200E+02    2.77733E-01    7.57499E-01
    1.72300E+02    2.80847E-01    7.55144E-01
    1.72400E+02    2.84047E-01    7.52731E-01
    1.72500E+02    2.87335E-01    7.50260E-01
    1.72600E+02    2.90711E-01    7.47731E-01
    1.72700E+02    2.94186E-01    7.45138E-01
    1.72800E+02    2.97774E-01    7.42469E-01
    1.72900E+02    3.01427E-01    7.39762E-01
    1.73000E+02    3.05210E-01    7.36969E-01
    1.73100E+02    3.09121E-01    7.34092E-01
    1.73200E+02    3.13194E-01    7.31108E-01
    1.73300E+02    3.17582E-01    7.27907E-01
    1.73400E+02    3.22439E-01    7.24380E-01
    1.73500E+02    3.29713E-01    7.19130E-01
    1.73600E+02    3.30865E-01    7.18302E-01
    1.73700E+02    3.34960E-01    7.15366E-01
    1.73800E+02    3.39517E-01    7.12114E-01
    1.73900E+02    3.44309E-01    7.08710E-01
    1.74000E+02    3.49292E-01    7.05187E-01
    1.74100E+02    3.54438E-01    7.01568E-01
    1.74200E+02    3.59772E-01    6.97835E-01
    1.74300E+02    3.65270E-01    6.94009E-01
    1.74400E+02    3.70957E-01    6.90073E-01
    1.74500E+02    3.76854E-01    6.86017E-01
    1.74600E+02    3.82935E-01    6.81857E-01
    1.74700E+02    3.89229E-01    6.77579E-01
    1.74800E+02    3.95784E-01    6.73152E-01
    1.74900E+02    4.02629E-01    6.68560E-01
    1.75000E+02    4.09887E-01    6.63725E-01
    1.75100E+02    4.18128E-01    6.58278E-01
    1.75200E+02    4.30284E-01    6.50325E-01
    1.75300E+02    4.33927E-01    6.47960E-01
    1.75400E+02    4.45100E-01    6.40760E-01
    1.75500E+02    4.52369E-01    6.36119E-01
    1.75600E+02    4.57548E-01    6.32834E-01
    1.75700E+02    4.65577E-01    6.27773E-01
    1.75800E+02    4.74408E-01    6.22253E-01
    1.75900E+02    4.83763E-01    6.16459E-01
    1.76000E+02    4.93543E-01    6.10460E-01
    1.76100E+02    5.03750E-01    6.04260E-01
    1.76200E+02    5.14396E-01    5.97861E-01
    1.76300E+02    5.25482E-01    5.91271E-01
    1.76400E+02    5.37201E-01    5.84382E-01
    1.76500E+02    5.49016E-01    5.77518E-01
    1.76600E+02    5.61514E-01    5.70345E-01
    1.76700E+02    5.74530E-01    5.62970E-01
    1.76800E+02    5.88141E-01    5.55359E-01
    1.76900E+02    6.02338E-01    5.47530E-01
    1.77000E+02    6.17165E-01    5.39472E-01
    1.77100E+02    6.32649E-01    5.31183E-01
    1.77200E+02    6.48814E-01    5.22665E-01
    1.77300E+02    6.65704E-01    5.13912E-01
    1.77400E+02    6.83411E-01    5.04892E-01
    1.77500E+02    7.01911E-01    4.95637E-01
    1.77600E+02    7.21319E-01    4.86111E-01
    1.77700E+02    7.41670E-01    4.76318E-01
    1.77800E+02    7.63012E-01    4.66260E-01
    1.77900E+02    7.85396E-01    4.55939E-01
    1.78000E+02    8.08927E-01    4.45336E-01
    1.78100E+02    8.33674E-01    4.34450E-01
    1.78200E+02    8.59685E-01    4.23295E-01
    1.78300E+02    8.87048E-01    4.11870E-01
    1.78400E+02    9.15910E-01    4.00152E-01
    1.78500E+02    9.46398E-01    3.88137E-01
    1.78600E+02    9.78689E-01    3.75803E-01
    1.78700E+02    1.01235E+00    3.63366E-01
    1.78800E+02    1.04806E+00    3.50618E-01
    1.78900E+02    1.08590E+00    3.37599E-01
    1.79000E+02    1.12596E+00    3.24342E-01
    1.79100E+02    1.16840E+00    3.10865E-01
    1.79200E+02    1.21340E+00    2.97186E-01
    1.79300E+02    1.26119E+00    2.83317E-01
    1.79400E+02    1.31189E+00    2.69309E-01
    1.79500E+02    1.36588E+00    2.55156E-01
    1.79600E+02    1.42329E+00    2.40921E-01
    1.79700E+02    1.48446E+00    2.26624E-01
    1.79800E+02    1.54966E+00    2.12321E-01
    1.79900E+02    1.61931E+00    1.98035E-01
    1.80000E+02    1.69474E+00    1.83647E-01
    1.80100E+02    1.77308E+00    1.69808E-01
    1.80200E+02    1.85800E+00    1.55984E-01
    1.80300E+02    1.94900E+00    1.42416E-01
    1.80400E+02    2.04658E+00    1.29176E-01
    1.80500E+02    2.15125E+00    1.16339E-01
    1.80600E+02    2.26365E+00    1.03970E-01
    1.80700E+02    2.38440E+00    9.21441E-02
    1.80800E+02    2.51418E+00    8.09291E-02
    1.80900E+02    2.65380E+00    7.03835E-02
    1.81000E+02    2.80405E+00    6.05641E-02
    1.81100E+02    2.96573E+00    5.15227E-02
    1.81200E+02    3.13980E+00    4.32913E-02
    1.81300E+02    3.32714E+00    3.58956E-02
    1.81400E+02    3.52878E+00    2.93407E-02
    1.81500E+02    3.74557E+00    2.36222E-02
    1.81600E+02    3.97843E+00    1.87149E-02
    1.81700E+02    4.22824E+00    1.45780E-02
    1.81800E+02    4.49574E+00    1.11565E-02
    1.81900E+02    4.78120E+00    8.38593E-03
    1.82000E+02    5.08532E+00    6.18692E-03
    1.82100E+02    5.40749E+00    4.48286E-03
    1.82200E+02    5.74797E+00    3.18925E-03
    1.82300E+02    6.10317E+00    2.23578E-03
    1.82400E+02    6.47233E+00    1.54562E-03
    1.82500E+02    6.85135E+00    1.05803E-03
    1.82600E+02    7.23580E+00    7.20328E-04
    1.82700E+02    7.61847E+00    4.91291E-04
    1.82800E+02    7.99083E+00    3.38555E-04
    1.82900E+02    8.34208E+00    2.38277E-04
    1.83000E+02    8.65831E+00    1.73677E-04
    1.83100E+02    8.92382E+00    1.33178E-04
    1.83200E+02    9.11930E+00    1.09532E-04
    1.83300E+02    9.21556E+00    9.94795E-05
    1.83400E+02    9.16591E+00    1.04543E-04
    1.83500E+02    9.00719E+00    1.22526E-04
    1.83600E+02    8.77217E+00    1.54986E-04
    1.83700E+02    8.48110E+00    2.07350E-04
    1.83800E+02    8.15120E+00    2.88388E-04
    1.83900E+02    7.79568E+00    4.11507E-04
    1.84000E+02    7.42606E+00    5.95528E-04
    1.84100E+02    7.05216E+00    8.65535E-04
    1.84200E+02    6.68286E+00    1.25220E-03
    1.84300E+02    6.32935E+00    1.78319E-03
    1.84400E+02    6.00454E+00    2.46752E-03
    1.84500E+02    5.63026E+00    3.58765E-03
    1.84600E+02    5.30257E+00    4.97880E-03
    1.84700E+02    4.99952E+00    6.74115E-03
    1.84800E+02    4.71053E+00    8.99997E-03
    1.84900E+02    4.43492E+00    1.18560E-02
    1.85000E+02    4.18049E+00    1.52911E-02
    1.85100E+02    3.94343E+00    1.93817E-02
    1.85200E+02    3.72252E+00    2.41730E-02
    1.85300E+02    3.51693E+00    2.96905E-02
    1.85400E+02    3.32550E+00    3.59545E-02
    1.85500E+02    3.14798E+00    4.29387E-02
    1.85600E+02    2.98254E+00    5.06640E-02
    1.85700E+02    2.82755E+00    5.91578E-02
    1.85800E+02    2.68395E+00    6.82928E-02
    1.85900E+02    2.55037E+00    7.80531E-02
    1.86000E+02    2.42595E+00    8.83942E-02
    1.86100E+02    2.31009E+00    9.92526E-02
    1.86200E+02    2.20200E+00    1.10582E-01
    1.86300E+02    2.10120E+00    1.22309E-01
    1.86400E+02    2.00706E+00    1.34383E-01
    1.86500E+02    1.91908E+00    1.46743E-01
    1.86600E+02    1.83671E+00    1.59341E-01
    1.86700E+02    1.75962E+00    1.72110E-01
    1.86800E+02    1.68745E+00    1.84991E-01
    1.86900E+02    1.61973E+00    1.97953E-01
    1.87000E+02    1.55617E+00    2.10942E-01
    1.87100E+02    1.49678E+00    2.23850E-01
    1.87200E+02    1.44053E+00    2.36803E-01
    1.87300E+02    1.38739E+00    2.49726E-01
    1.87400E+02    1.33753E+00    2.62493E-01
    1.87500E+02    1.29053E+00    2.75124E-01
    1.87600E+02    1.24624E+00    2.87585E-01
    1.87700E+02    1.20436E+00    2.99883E-01
    1.87800E+02    1.16486E+00    3.11967E-01
    1.87900E+02    1.12779E+00    3.23749E-01
    1.88000E+02    1.09189E+00    3.35581E-01
    1.88100E+02    1.05823E+00    3.47071E-01
    1.88200E+02    1.02635E+00    3.58312E-01
    1.88300E+02    9.96113E-01    3.69312E-01
    1.88400E+02    9.67401E-01    3.80070E-01
    1.88500E+02    9.40077E-01    3.90598E-01
    1.88600E+02    9.14109E-01    4.00874E-01
    1.88700E+02    8.89401E-01    4.10902E-01
    1.88800E+02    8.65931E-01    4.20660E-01
    1.88900E+02    8.43715E-01    4.30110E-01
    1.89000E+02    8.22107E-01    4.39505E-01
    1.89100E+02    8.01679E-01    4.48575E-01
    1.89200E+02    7.82162E-01    4.57416E-01
    1.89300E+02    7.63575E-01    4.65998E-01
    1.89400E+02    7.45715E-01    4.74395E-01
    1.89500E+02    7.28687E-01    4.82542E-01
    1.89600E+02    7.12423E-01    4.90454E-01
    1.89700E+02    6.96803E-01    4.98175E-01
    1.89800E+02    6.81837E-01    5.05687E-01
    1.89900E+02    6.67510E-01    5.12984E-01
    1.90000E+02    6.53767E-01    5.20083E-01
    1.90100E+02    6.40570E-01    5.26992E-01
    1.90200E+02    6.27913E-01    5.33705E-01
    1.90300E+02    6.15805E-01    5.40206E-01
    1.90400E+02    6.04122E-01    5.46554E-01
    1.90500E+02    5.93019E-01    5.52657E-01
    1.90600E+02    5.82476E-01    5.58514E-01
    1.90700E+02    5.71760E-01    5.64531E-01
    1.90800E+02    5.61712E-01    5.70232E-01
    1.90900E+02    5.52047E-01    5.75770E-01
    1.91000E+02    5.42762E-01    5.81141E-01
    1.91100E+02    5.33827E-01    5.86357E-01
    1.91200E+02    5.25214E-01    5.91429E-01
    1.91300E+02    5.16908E-01    5.96362E-01
    1.91400E+02    5.08908E-01    6.01151E-01
    1.91500E+02    5.01189E-01    6.05810E-01
    1.91600E+02    4.93744E-01    6.10337E-01
    1.91700E+02    4.86572E-01    6.14730E-01
    1.91800E+02    4.79758E-01    6.18933E-01
    1.91900E+02    4.72942E-01    6.23166E-01
    1.92000E+02    4.66455E-01    6.27222E-01
    1.92100E+02    4.60209E-01    6.31152E-01
    1.92200E+02    4.54207E-01    6.34951E-01
    1.92300E+02    4.48405E-01    6.38646E-01
    1.92400E+02    4.42751E-01    6.42267E-01
    1.92500E+02    4.37320E-01    6.45765E-01
    1.92600E+02    4.32099E-01    6.49145E-01
    1.92700E+02    4.27087E-01    6.52406E-01
    1.92800E+02    4.22227E-01    6.55585E-01
    1.92900E+02    4.17602E-01    6.58624E-01
    1.93000E+02    4.13213E-01    6.61521E-01
    1.93100E+02    4.09200E-01    6.64182E-01
    1.93200E+02    4.05882E-01    6.66389E-01
    1.93300E+02    4.06094E-01    6.66247E-01
    1.93400E+02    4.02339E-01    6.68754E-01
    1.93500E+02    3.93896E-01    6.74424E-01
    1.93600E+02    3.89100E-01    6.77666E-01
    1.93700E+02    3.85034E-01    6.80427E-01
    1.93800E+02    3.81255E-01    6.83004E-01
    1.93900E+02    3.77628E-01    6.85485E-01
    1.94000E+02    3.74087E-01    6.87917E-01
    1.94100E+02    3.70582E-01    6.90333E-01
    1.94200E+02    3.67142E-01    6.92711E-01
    1.94300E+02    3.63776E-01    6.95047E-01
    1.94400E+02    3.60478E-01    6.97343E-01
    1.94500E+02    3.57292E-01    6.99568E-01
    1.94600E+02    3.54224E-01    7.01717E-01
    1.94700E+02    3.51291E-01    7.03779E-01
    1.94800E+02    3.48528E-01    7.05726E-01
    1.94900E+02    3.45999E-01    7.07513E-01
    1.95000E+02    3.43836E-01    7.09045E-01
    1.95100E+02    3.42327E-01    7.10116E-01
    1.95200E+02    3.42309E-01    7.10129E-01
    1.95300E+02    3.46976E-01    7.06823E-01
    1.95400E+02    3.83283E-01    6.81620E-01
    1.95500E+02    3.56141E-01    7.00374E-01
    1.95600E+02    3.38012E-01    7.13187E-01
    1.95700E+02    3.40822E-01    7.11185E-01
    1.95800E+02    3.28549E-01    7.19967E-01
    1.95900E+02    3.22364E-01    7.24434E-01
    1.96000E+02    3.18749E-01    7.27058E-01
    1.96100E+02    3.15890E-01    7.29139E-01
    1.96200E+02    3.13391E-01    7.30964E-01
    1.96300E+02    3.11081E-01    7.32654E-01
    1.96400E+02    3.08951E-01    7.34217E-01
    1.96500E+02    3.06845E-01    7.35765E-01
    1.96600E+02    3.04858E-01    7.37228E-01
    1.96700E+02    3.02956E-01    7.38632E-01
    1.96800E+02    3.01117E-01    7.39991E-01
    1.96900E+02    2.99343E-01    7.41305E-01
    1.97000E+02    2.97610E-01    7.42591E-01
    1.97100E+02    2.95941E-01    7.43832E-01
    1.97200E+02    2.94312E-01    7.45044E-01
    1.97300E+02    2.92725E-01    7.46227E-01
    1.97400E+02    2.91203E-01    7.47364E-01
    1.97500E+02    2.89778E-01    7.48430E-01
    1.97600E+02    2.88357E-01    7.49494E-01
    1.97700E+02    2.86869E-01    7.50610E-01
    1.97800E+02    2.85456E-01    7.51671E-01
    1.97900E+02    2.84118E-01    7.52678E-01
    1.98000E+02    2.83041E-01    7.53489E-01
    1.98100E+02    2.81526E-01    7.54631E-01
    1.98200E+02    2.80265E-01    7.55583E-01
    1.98300E+02    2.79048E-01    7.56504E-01
    1.98400E+02    2.77873E-01    7.57393E-01
    1.98500E+02    2.76730E-01    7.58259E-01
    1.98600E+02    2.75629E-01    7.59094E-01
    1.98700E+02    2.74555E-01    7.59910E-01
    1.98800E+02    2.73529E-01    7.60690E-01
    1.98900E+02    2.72547E-01    7.61438E-01
    1.99000E+02    2.71643E-01    7.62126E-01
    1.99100E+02    2.70873E-01    7.62714E-01
    1.99200E+02    2.70808E-01    7.62763E-01
    1.99300E+02    2.70656E-01    7.62879E-01
    1.99400E+02    2.73733E-01    7.60535E-01
    1.99500E+02    2.68023E-01    7.64890E-01
    1.99600E+02    2.66530E-01    7.66033E-01
    1.99700E+02    2.65475E-01    7.66842E-01
    1.99800E+02    2.64593E-01    7.67518E-01
    1.99900E+02    2.63791E-01    7.68134E-01
    2.00000E+02    2.63046E-01    7.68707E-01
    2.00100E+02    2.62334E-01    7.69254E-01
    2.00200E+02    2.61665E-01    7.69769E-01
    2.00300E+02    2.61034E-01    7.70255E-01
    2.00400E+02    2.60436E-01    7.70716E-01
    2.00500E+02    2.59875E-01    7.71148E-01
    2.00600E+02    2.59353E-01    7.71550E-01
    2.00700E+02    2.58868E-01    7.71925E-01
    2.00800E+02    2.58426E-01    7.72266E-01
    2.00900E+02    2.58021E-01    7.72579E-01
    2.01000E+02    2.57666E-01    7.72853E-01
    2.01100E+02    2.57352E-01    7.73096E-01
    2.01200E+02    2.57088E-01    7.73300E-01
    2.01300E+02    2.56881E-01    7.73460E-01
    2.01400E+02    2.56763E-01    7.73552E-01
    2.01500E+02    2.56686E-01    7.73611E-01
    2.01600E+02    2.56596E-01    7.73681E-01
    2.01700E+02    2.56623E-01    7.73660E-01
    2.01800E+02    2.56730E-01    7.73577E-01
    2.01900E+02    2.56918E-01    7.73431E-01
    2.02000E+02    2.57189E-01    7.73222E-01
    2.02100E+02    2.57547E-01    7.72945E-01
    2.02200E+02    2.57999E-01    7.72596E-01
    2.02300E+02    2.58534E-01    7.72183E-01
    2.02400E+02    2.59166E-01    7.71695E-01
    2.02500E+02    2.59879E-01    7.71145E-01
    2.02600E+02    2.60683E-01    7.70525E-01
    2.02700E+02    2.61547E-01    7.69860E-01
    2.02800E+02    2.62456E-01    7.69161E-01
    2.02900E+02    2.63375E-01    7.68454E-01
    2.03000E+02    2.64256E-01    7.67777E-01
    2.03100E+02    2.65051E-01    7.67166E-01
    2.03200E+02    2.65691E-01    7.66676E-01
    2.03300E+02    2.66125E-01    7.66344E-01
    2.03400E+02    2.66520E-01    7.66041E-01
    2.03500E+02    2.65936E-01    7.66488E-01
    2.03600E+02    2.64325E-01    7.67724E-01
    2.03700E+02    2.62851E-01    7.68856E-01
    2.03800E+02    2.61252E-01    7.70087E-01
    2.03900E+02    2.59560E-01    7.71391E-01
    2.04000E+02    2.57854E-01    7.72708E-01
    2.04100E+02    2.56052E-01    7.74101E-01
    2.04200E+02    2.54330E-01    7.75436E-01
    2.04300E+02    2.52670E-01    7.76724E-01
    2.04400E+02    2.51084E-01    7.77957E-01
    2.04500E+02    2.49578E-01    7.79130E-01
    2.04600E+02    2.48161E-01    7.80235E-01
    2.04700E+02    2.46828E-01    7.81275E-01
    2.04800E+02    2.45587E-01    7.82246E-01
    2.04900E+02    2.44436E-01    7.83146E-01
    2.05000E+02    2.43346E-01    7.84000E-01
    2.05100E+02    2.42360E-01    7.84774E-01
    2.05200E+02    2.41619E-01    7.85356E-01
    2.05300E+02    2.40557E-01    7.86190E-01
    2.05400E+02    2.39720E-01    7.86848E-01
    2.05500E+02    2.38997E-01    7.87417E-01
    2.05600E+02    2.38306E-01    7.87961E-01
    2.05700E+02    2.37665E-01    7.88467E-01
    2.05800E+02    2.37139E-01    7.88881E-01
    2.05900E+02    2.36803E-01    7.89147E-01
    2.06000E+02    2.36979E-01    7.89008E-01
    2.06100E+02    2.40628E-01    7.86134E-01
    2.06200E+02    2.37516E-01    7.88584E-01
    2.06300E+02    2.35111E-01    7.90483E-01
    2.06400E+02    2.34176E-01    7.91223E-01
    2.06500E+02    2.33910E-01    7.91433E-01
    2.06600E+02    2.33031E-01    7.92129E-01
    2.06700E+02    2.32560E-01    7.92502E-01
    2.06800E+02    2.32146E-01    7.92830E-01
    2.06900E+02    2.31776E-01    7.93123E-01
    2.07000E+02    2.31425E-01    7.93402E-01
    2.07100E+02    2.31102E-01    7.93659E-01
    2.07200E+02    2.30802E-01    7.93897E-01
    2.07300E+02    2.30528E-01    7.94114E-01
    2.07400E+02    2.30308E-01    7.94289E-01
    2.07500E+02    2.30298E-01    7.94297E-01
    2.07600E+02    2.29802E-01    7.94691E-01
    2.07700E+02    2.29577E-01    7.94870E-01
    2.07800E+02    2.29396E-01    7.95014E-01
    2.07900E+02    2.29269E-01    7.95115E-01
    2.08000E+02    2.29207E-01    7.95164E-01
    2.08100E+02    2.29246E-01    7.95133E-01
    2.08200E+02    2.29449E-01    7.94972E-01
    2.08300E+02    2.29992E-01    7.94540E-01
    2.08400E+02    2.31334E-01    7.93475E-01
    2.08500E+02    2.35170E-01    7.90436E-01
    2.08600E+02    2.53535E-01    7.76052E-01
    2.08700E+02    2.47564E-01    7.80701E-01
    2.08800E+02    2.33682E-01    7.91614E-01
    2.08900E+02    2.30100E-01    7.94454E-01
    2.09000E+02    2.28570E-01    7.95670E-01
    2.09100E+02    2.27727E-01    7.96342E-01
    2.09200E+02    2.27185E-01    7.96774E-01
    2.09300E+02    2.26809E-01    7.97073E-01
    2.09400E+02    2.26566E-01    7.97267E-01
    2.09500E+02    2.26676E-01    7.97179E-01
    2.09600E+02    2.26206E-01    7.97554E-01
    2.09700E+02    2.25907E-01    7.97792E-01
    2.09800E+02    2.25737E-01    7.97928E-01
    2.09900E+02    2.25611E-01    7.98028E-01
    2.10000E+02    2.25547E-01    7.98080E-01
    2.10100E+02    2.25567E-01    7.98064E-01
    2.10200E+02    2.26300E-01    7.97479E-01
    2.10300E+02    2.25953E-01    7.97756E-01
    2.10400E+02    2.28090E-01    7.96053E-01
    2.10500E+02    2.26674E-01    7.97181E-01
    2.10600E+02    2.26830E-01    7.97056E-01
    2.10700E+02    2.29443E-01    7.94976E-01
    2.10800E+02    2.49232E-01    7.79399E-01
    2.10900E+02    2.28847E-01    7.95451E-01
    2.11000E+02    2.26099E-01    7.97639E-01
    2.11100E+02    2.25166E-01    7.98384E-01
    2.11200E+02    2.24703E-01    7.98753E-01
    2.11300E+02    2.24404E-01    7.98993E-01
    2.11400E+02    2.24207E-01    7.99150E-01
    2.11500E+02    2.24063E-01    7.99265E-01
    2.11600E+02    2.23946E-01    7.99358E-01
    2.11700E+02    2.23847E-01    7.99437E-01
    2.11800E+02    2.23764E-01    7.99503E-01
    2.11900E+02    2.23686E-01    7.99566E-01
    2.12000E+02    2.23624E-01    7.99616E-01
    2.12100E+02    2.23574E-01    7.99656E-01
    2.12200E+02    2.23522E-01    7.99698E-01
    2.12300E+02    2.23474E-01    7.99735E-01
    2.12400E+02    2.23436E-01    7.99766E-01
    2.12500E+02    2.23407E-01    7.99789E-01
    2.12600E+02    2.23385E-01    7.99807E-01
    2.12700E+02    2.23375E-01    7.99814E-01
    2.12800E+02    2.23369E-01    7.99820E-01
    2.12900E+02    2.23374E-01    7.99816E-01
    2.13000E+02    2.23307E-01    7.99869E-01
    2.13100E+02    2.23285E-01    7.99887E-01
    2.13200E+02    2.23274E-01    7.99896E-01
    2.13300E+02    2.23272E-01    7.99897E-01
    2.13400E+02    2.23277E-01    7.99893E-01
    2.13500E+02    2.23285E-01    7.99887E-01
    2.13600E+02    2.23300E-01    7.99875E-01
    2.13700E+02    2.23319E-01    7.99860E-01
    2.13800E+02    2.23359E-01    7.99828E-01
    2.13900E+02    2.23399E-01    7.99796E-01
    2.14000E+02    2.23456E-01    7.99750E-01
    2.14100E+02    2.23531E-01    7.99690E-01
    2.14200E+02    2.23637E-01    7.99606E-01
    2.14300E+02    2.23782E-01    7.99489E-01
    2.14400E+02    2.23995E-01    7.99319E-01
    2.14500E+02    2.24335E-01    7.99048E-01
    2.14600E+02    2.24910E-01    7.98588E-01
    2.14700E+02    2.26048E-01    7.97680E-01
    2.14800E+02    2.28887E-01    7.95418E-01
    2.14900E+02    2.40609E-01    7.86149E-01
    2.15000E+02    2.44253E-01    7.83289E-01
    2.15100E+02    2.29542E-01    7.94898E-01
    2.15200E+02    2.26374E-01    7.97420E-01
    2.15300E+02    2.25171E-01    7.98380E-01
    2.15400E+02    2.24604E-01    7.98833E-01
    2.15500E+02    2.24294E-01    7.99080E-01
    2.15600E+02    2.24120E-01    7.99219E-01
    2.15700E+02    2.24025E-01    7.99295E-01
    2.15800E+02    2.23969E-01    7.99340E-01
    2.15900E+02    2.23969E-01    7.99340E-01
    2.16000E+02    2.24295E-01    7.99079E-01
    2.16100E+02    2.24078E-01    7.99253E-01
    2.16200E+02    2.23960E-01    7.99347E-01
    2.16300E+02    2.23952E-01    7.99354E-01
    2.16400E+02    2.23978E-01    7.99333E-01
    2.16500E+02    2.23987E-01    7.99326E-01
    2.16600E+02    2.24017E-01    7.99302E-01
    2.16700E+02    2.24053E-01    7.99273E-01
    2.16800E+02    2.24103E-01    7.99233E-01
    2.16900E+02    2.24177E-01    7.99174E-01
    2.17000E+02    2.24194E-01    7.99160E-01
    2.17100E+02    2.24241E-01    7.99122E-01
    2.17200E+02    2.24304E-01    7.99072E-01
    2.17300E+02    2.24365E-01    7.99023E-01
    2.17400E+02    2.24453E-01    7.98953E-01
    2.17500E+02    2.24729E-01    7.98732E-01
    2.17600E+02    2.24591E-01    7.98843E-01
    2.17700E+02    2.24627E-01    7.98814E-01
    2.17800E+02    2.24694E-01    7.98761E-01
    2.17900E+02    2.24788E-01    7.98686E-01
    2.18000E+02    2.24939E-01    7.98565E-01
    2.18100E+02    2.25693E-01    7.97963E-01
    2.18200E+02    2.25179E-01    7.98373E-01
    2.18300E+02    2.25088E-01    7.98446E-01
    2.18400E+02    2.25115E-01    7.98424E-01
    2.18500E+02    2.25179E-01    7.98373E-01
    2.18600E+02    2.25253E-01    7.98314E-01
    2.18700E+02    2.25321E-01    7.98260E-01
    2.18800E+02    2.25402E-01    7.98196E-01
    2.18900E+02    2.25480E-01    7.98133E-01
    2.19000E+02    2.25574E-01    7.98058E-01
    2.19100E+02    2.25708E-01    7.97951E-01
    2.19200E+02    2.25796E-01    7.97881E-01
    2.19300E+02    2.26049E-01    7.97679E-01
    2.19400E+02    2.25986E-01    7.97729E-01
    2.19500E+02    2.26024E-01    7.97699E-01
    2.19600E+02    2.26110E-01    7.97630E-01
    2.19700E+02    2.26202E-01    7.97557E-01
    2.19800E+02    2.26311E-01    7.97470E-01
    2.19900E+02    2.26479E-01    7.97336E-01
    2.20000E+02    2.26573E-01    7.97261E-01
    2.20100E+02    2.26600E-01    7.97239E-01
    2.20200E+02    2.26687E-01    7.97170E-01
    2.20300E+02    2.26789E-01    7.97089E-01
    2.20400E+02    2.26889E-01    7.97009E-01
    2.20500E+02    2.26999E-01    7.96922E-01
    2.20600E+02    2.27119E-01    7.96826E-01
    2.20700E+02    2.27351E-01    7.96641E-01
    2.20800E+02    2.27367E-01    7.96629E-01
    2.20900E+02    2.27443E-01    7.96568E-01
    2.21000E+02    2.27551E-01    7.96482E-01
    2.21100E+02    2.27663E-01    7.96393E-01
    2.21200E+02    2.27790E-01    7.96291E-01
    2.21300E+02    2.28015E-01    7.96112E-01
    2.21400E+02    2.28052E-01    7.96083E-01
    2.21500E+02    2.28146E-01    7.96008E-01
    2.21600E+02    2.28264E-01    7.95914E-01
    2.21700E+02    2.28388E-01    7.95816E-01
    2.21800E+02    2.28517E-01    7.95712E-01
    2.21900E+02    2.28645E-01    7.95611E-01
    2.22000E+02    2.28779E-01    7.95504E-01
    2.22100E+02    2.28917E-01    7.95395E-01
    2.22200E+02    2.29056E-01    7.95284E-01
    2.22300E+02    2.29203E-01    7.95167E-01
    2.22400E+02    2.29401E-01    7.95010E-01
    2.22500E+02    2.29516E-01    7.94919E-01
    2.22600E+02    2.29639E-01    7.94820E-01
    2.22700E+02    2.29788E-01    7.94702E-01
    2.22800E+02    2.29943E-01    7.94579E-01
    2.22900E+02    2.30108E-01    7.94448E-01
    2.23000E+02    2.30293E-01    7.94301E-01
    2.23100E+02    2.30476E-01    7.94156E-01
    2.23200E+02    2.30704E-01    7.93975E-01
    2.23300E+02    2.30902E-01    7.93817E-01
    2.23400E+02    2.31049E-01    7.93701E-01
    2.23500E+02    2.31181E-01    7.93596E-01
    2.23600E+02    2.31365E-01    7.93449E-01
    2.23700E+02    2.31574E-01    7.93284E-01
    2.23800E+02    2.31799E-01    7.93106E-01
    2.23900E+02    2.32324E-01    7.92689E-01
    2.24000E+02    2.32233E-01    7.92761E-01
    2.24100E+02    2.32438E-01    7.92599E-01
    2.24200E+02    2.32676E-01    7.92410E-01
    2.24300E+02    2.32921E-01    7.92216E-01
    2.24400E+02    2.33184E-01    7.92008E-01
    2.24500E+02    2.33457E-01    7.91791E-01
    2.24600E+02    2.33767E-01    7.91547E-01
    2.24700E+02    2.34150E-01    7.91243E-01
    2.24800E+02    2.34685E-01    7.90820E-01
    2.24900E+02    2.34941E-01    7.90618E-01
    2.25000E+02    2.35075E-01    7.90511E-01
    2.25100E+02    2.35315E-01    7.90322E-01
    2.25200E+02    2.35643E-01    7.90062E-01
    2.25300E+02    2.35963E-01    7.89810E-01
    2.25400E+02    2.36321E-01    7.89527E-01
    2.25500E+02    2.36711E-01    7.89219E-01
    2.25600E+02    2.37144E-01    7.88878E-01
    2.25700E+02    2.37685E-01    7.88451E-01
    2.25800E+02    2.38551E-01    7.87768E-01
    2.25900E+02    2.40149E-01    7.86511E-01
    2.26000E+02    2.45956E-01    7.81957E-01
    2.26100E+02    2.47063E-01    7.81092E-01
    2.26200E+02    2.40346E-01    7.86356E-01
    2.26300E+02    2.38883E-01    7.87507E-01
    2.26400E+02    2.38310E-01    7.87958E-01
    2.26500E+02    2.38024E-01    7.88184E-01
    2.26600E+02    2.37847E-01    7.88323E-01
    2.26700E+02    2.37738E-01    7.88409E-01
    2.26800E+02    2.37664E-01    7.88468E-01
    2.26900E+02    2.37627E-01    7.88497E-01
    2.27000E+02    2.37568E-01    7.88543E-01
    2.27100E+02    2.37549E-01    7.88558E-01
    2.27200E+02    2.37541E-01    7.88564E-01
    2.27300E+02    2.37557E-01    7.88552E-01
    2.27400E+02    2.37579E-01    7.88535E-01
    2.27500E+02    2.37610E-01    7.88510E-01
    2.27600E+02    2.37658E-01    7.88472E-01
    2.27700E+02    2.37719E-01    7.88424E-01
    2.27800E+02    2.37795E-01    7.88365E-01
    2.27900E+02    2.37869E-01    7.88306E-01
    2.28000E+02    2.37943E-01    7.88247E-01
    2.28100E+02    2.38033E-01    7.88177E-01
    2.28200E+02    2.38133E-01    7.88098E-01
    2.28300E+02    2.38249E-01    7.88006E-01
    2.28400E+02    2.38360E-01    7.87919E-01
    2.28500E+02    2.38501E-01    7.87808E-01
    2.28600E+02    2.38631E-01    7.87706E-01
    2.28700E+02    2.38781E-01    7.87588E-01
    2.28800E+02    2.38942E-01    7.87460E-01
    2.28900E+02    2.39119E-01    7.87321E-01
    2.29000E+02    2.39316E-01    7.87166E-01
    2.29100E+02    2.39566E-01    7.86970E-01
    2.29200E+02    2.39839E-01    7.86754E-01
    2.29300E+02    2.40260E-01    7.86423E-01
    2.29400E+02    2.41052E-01    7.85800E-01
    2.29500E+02    2.43548E-01    7.83842E-01
    2.29600E+02    2.48925E-01    7.79638E-01
    2.29700E+02    2.42340E-01    7.84789E-01
    2.29800E+02    2.41441E-01    7.85495E-01
    2.29900E+02    2.41277E-01    7.85624E-01
    2.30000E+02    2.41346E-01    7.85570E-01
    2.30100E+02    2.41486E-01    7.85460E-01
    2.30200E+02    2.41688E-01    7.85301E-01
    2.30300E+02    2.41960E-01    7.85088E-01
    2.30400E+02    2.42268E-01    7.84846E-01
    2.30500E+02    2.42640E-01    7.84554E-01
    2.30600E+02    2.43103E-01    7.84190E-01
    2.30700E+02    2.43710E-01    7.83715E-01
    2.30800E+02    2.44554E-01    7.83054E-01
    2.30900E+02    2.45849E-01    7.82040E-01
    2.31000E+02    2.48164E-01    7.80232E-01
    2.31100E+02    2.53293E-01    7.76241E-01
    2.31200E+02    2.70310E-01    7.63143E-01
    2.31300E+02    3.25215E-01    7.22372E-01
    2.31400E+02    2.61516E-01    7.69883E-01
    2.31500E+02    2.51884E-01    7.77335E-01
    2.31600E+02    2.48721E-01    7.79797E-01
    2.31700E+02    2.47409E-01    7.80821E-01
    2.31800E+02    2.46836E-01    7.81269E-01
    2.31900E+02    2.46642E-01    7.81420E-01
    2.32000E+02    2.46834E-01    7.81270E-01
    2.32100E+02    2.46725E-01    7.81356E-01
    2.32200E+02    2.46911E-01    7.81210E-01
    2.32300E+02    2.47183E-01    7.80997E-01
    2.32400E+02    2.47554E-01    7.80708E-01
    2.32500E+02    2.48130E-01    7.80259E-01
    2.32600E+02    2.48468E-01    7.79995E-01
    2.32700E+02    2.49115E-01    7.79490E-01
    2.32800E+02    2.49537E-01    7.79162E-01
    2.32900E+02    2.50157E-01    7.78679E-01
    2.33000E+02    2.51035E-01    7.77995E-01
    2.33100E+02    2.51737E-01    7.77449E-01
    2.33200E+02    2.52736E-01    7.76673E-01
    2.33300E+02    2.53995E-01    7.75696E-01
    2.33400E+02    2.55393E-01    7.74612E-01
    2.33500E+02    2.57003E-01    7.73366E-01
    2.33600E+02    2.59165E-01    7.71696E-01
    2.33700E+02    2.62107E-01    7.69429E-01
    2.33800E+02    2.66509E-01    7.66049E-01
    2.33900E+02    2.75386E-01    7.59279E-01
    2.34000E+02    2.74651E-01    7.59837E-01
    2.34100E+02    2.66988E-01    7.65683E-01
    2.34200E+02    2.63282E-01    7.68525E-01
    2.34300E+02    2.60859E-01    7.70390E-01
    2.34400E+02    2.59144E-01    7.71712E-01
    2.34500E+02    2.57909E-01    7.72666E-01
    2.34600E+02    2.56985E-01    7.73380E-01
    2.34700E+02    2.56310E-01    7.73902E-01
    2.34800E+02    2.55849E-01    7.74259E-01
    2.34900E+02    2.55639E-01    7.74422E-01
    2.35000E+02    2.55674E-01    7.74394E-01
    2.35100E+02    2.56112E-01    7.74055E-01
    2.35200E+02    2.56474E-01    7.73775E-01
    2.35300E+02    2.57614E-01    7.72893E-01
    2.35400E+02    2.59937E-01    7.71101E-01
    2.35500E+02    2.65172E-01    7.67074E-01
    2.35600E+02    2.80992E-01    7.55034E-01
    2.35700E+02    4.03316E-01    6.68101E-01
    2.35800E+02    2.88377E-01    7.49479E-01
    2.35900E+02    2.67971E-01    7.64930E-01
    2.36000E+02    2.61213E-01    7.70117E-01
    2.36100E+02    2.58561E-01    7.72162E-01
    2.36200E+02    2.57264E-01    7.73164E-01
    2.36300E+02    2.56727E-01    7.73579E-01
    2.36400E+02    2.56579E-01    7.73694E-01
    2.36500E+02    2.56787E-01    7.73533E-01
    2.36600E+02    2.57585E-01    7.72916E-01
    2.36700E+02    2.58412E-01    7.72277E-01
    2.36800E+02    2.60346E-01    7.70785E-01
    2.36900E+02    2.64339E-01    7.67713E-01
    2.37000E+02    2.74469E-01    7.59976E-01
    2.37100E+02    3.20416E-01    7.25847E-01
    2.37200E+02    3.12666E-01    7.31494E-01
    2.37300E+02    2.73705E-01    7.60556E-01
    2.37400E+02    2.64478E-01    7.67606E-01
    2.37500E+02    2.61012E-01    7.70271E-01
    2.37600E+02    2.59643E-01    7.71327E-01
    2.37700E+02    2.58563E-01    7.72160E-01
    2.37800E+02    2.58156E-01    7.72475E-01
    2.37900E+02    2.58013E-01    7.72585E-01
    2.38000E+02    2.58054E-01    7.72553E-01
    2.38100E+02    2.58263E-01    7.72392E-01
    2.38200E+02    2.58668E-01    7.72080E-01
    2.38300E+02    2.59468E-01    7.71462E-01
    2.38400E+02    2.62365E-01    7.69231E-01
    2.38500E+02    2.61586E-01    7.69830E-01
    2.38600E+02    2.61585E-01    7.69831E-01
    2.38700E+02    2.63164E-01    7.68616E-01
    2.38800E+02    2.65726E-01    7.66649E-01
    2.38900E+02    2.71891E-01    7.61937E-01
    2.39000E+02    2.91609E-01    7.47061E-01
    2.39100E+02    4.22587E-01    6.55349E-01
    2.39200E+02    2.87868E-01    7.49861E-01
    2.39300E+02    2.72718E-01    7.61308E-01
    2.39400E+02    2.67898E-01    7.64986E-01
    2.39500E+02    2.66038E-01    7.66410E-01
    2.39600E+02    2.65733E-01    7.66644E-01
    2.39700E+02    2.64646E-01    7.67478E-01
    2.39800E+02    2.64829E-01    7.67337E-01
    2.39900E+02    2.65369E-01    7.66923E-01
    2.40000E+02    2.65183E-01    7.67066E-01
    2.40100E+02    2.64822E-01    7.67343E-01
    2.40200E+02    2.64890E-01    7.67290E-01
    2.40300E+02    2.65047E-01    7.67170E-01
    2.40400E+02    2.64823E-01    7.67342E-01
    2.40500E+02    2.64906E-01    7.67278E-01
    2.40600E+02    2.64749E-01    7.67399E-01
    2.40700E+02    2.64994E-01    7.67211E-01
    2.40800E+02    2.65144E-01    7.67096E-01
    2.40900E+02    2.66090E-01    7.66370E-01
    2.41000E+02    2.65699E-01    7.66670E-01
    2.41100E+02    2.66221E-01    7.66270E-01
    2.41200E+02    2.69132E-01    7.64042E-01
    2.41300E+02    2.68101E-01    7.64831E-01
    2.41400E+02    2.67319E-01    7.65429E-01
    2.41500E+02    2.67697E-01    7.65140E-01
    2.41600E+02    2.68052E-01    7.64868E-01
    2.41700E+02    2.68660E-01    7.64403E-01
    2.41800E+02    2.69533E-01    7.63736E-01
    2.41900E+02    2.70881E-01    7.62707E-01
    2.42000E+02    2.73240E-01    7.60910E-01
    2.42100E+02    2.78175E-01    7.57164E-01
    2.42200E+02    2.92134E-01    7.46668E-01
    2.42300E+02    3.80281E-01    6.83669E-01
    2.42400E+02    3.05560E-01    7.36711E-01
    2.42500E+02    2.82162E-01    7.54151E-01
    2.42600E+02    2.75584E-01    7.59129E-01
    2.42700E+02    2.72990E-01    7.61100E-01
    2.42800E+02    2.71917E-01    7.61918E-01
    2.42900E+02    2.71718E-01    7.62069E-01
    2.43000E+02    2.72386E-01    7.61560E-01
    2.43100E+02    2.73673E-01    7.60580E-01
    2.43200E+02    2.76810E-01    7.58199E-01
    2.43300E+02    2.85416E-01    7.51701E-01
    2.43400E+02    3.21977E-01    7.24715E-01
    2.43500E+02    3.27533E-01    7.20700E-01
    2.43600E+02    2.86399E-01    7.50963E-01
    2.43700E+02    2.77368E-01    7.57776E-01
    2.43800E+02    2.74136E-01    7.60229E-01
    2.43900E+02    2.73030E-01    7.61070E-01
    2.44000E+02    2.73593E-01    7.60641E-01
    2.44100E+02    2.78799E-01    7.56692E-01
    2.44200E+02    2.81110E-01    7.54946E-01
    2.44300E+02    2.73075E-01    7.61036E-01
    2.44400E+02    2.71517E-01    7.62222E-01
    2.44500E+02    2.70569E-01    7.62945E-01
    2.44600E+02    2.70268E-01    7.63175E-01
    2.44700E+02    2.70117E-01    7.63290E-01
    2.44800E+02    2.70177E-01    7.63244E-01
    2.44900E+02    2.70217E-01    7.63214E-01
    2.45000E+02    2.70293E-01    7.63156E-01
    2.45100E+02    2.70360E-01    7.63105E-01
    2.45200E+02    2.70459E-01    7.63029E-01
    2.45300E+02    2.70595E-01    7.62925E-01
    2.45400E+02    2.70744E-01    7.62812E-01
    2.45500E+02    2.70914E-01    7.62682E-01
    2.45600E+02    2.71105E-01    7.62537E-01
    2.45700E+02    2.71331E-01    7.62364E-01
    2.45800E+02    2.71891E-01    7.61937E-01
    2.45900E+02    2.71705E-01    7.62079E-01
    2.46000E+02    2.71887E-01    7.61940E-01
    2.46100E+02    2.72108E-01    7.61772E-01
    2.46200E+02    2.72365E-01    7.61577E-01
    2.46300E+02    2.72689E-01    7.61329E-01
    2.46400E+02    2.73076E-01    7.61035E-01
    2.46500E+02    2.75075E-01    7.59515E-01
    2.46600E+02    2.73769E-01    7.60508E-01
    2.46700E+02    2.73741E-01    7.60529E-01
    2.46800E+02    2.73973E-01    7.60353E-01
    2.46900E+02    2.74273E-01    7.60124E-01
    2.47000E+02    2.74634E-01    7.59850E-01
    2.47100E+02    2.75081E-01    7.59511E-01
    2.47200E+02    2.75523E-01    7.59175E-01
    2.47300E+02    2.76124E-01    7.58719E-01
    2.47400E+02    2.76908E-01    7.58125E-01
    2.47500E+02    2.78109E-01    7.57214E-01
    2.47600E+02    2.80375E-01    7.55500E-01
    2.47700E+02    2.87360E-01    7.50241E-01
    2.47800E+02    2.93378E-01    7.45740E-01
    2.47900E+02    2.86752E-01    7.50698E-01
    2.48000E+02    2.91387E-01    7.47226E-01
    2.48100E+02    3.12732E-01    7.31446E-01
    2.48200E+02    3.93833E-01    6.74467E-01
    2.48300E+02    3.01903E-01    7.39409E-01
    2.48400E+02    2.88469E-01    7.49410E-01
    2.48500E+02    2.84078E-01    7.52708E-01
    2.48600E+02    2.82247E-01    7.54088E-01
    2.48700E+02    2.81541E-01    7.54620E-01
    2.48800E+02    2.81139E-01    7.54923E-01
    2.48900E+02    2.81125E-01    7.54934E-01
    2.49000E+02    2.81380E-01    7.54741E-01
    2.49100E+02    2.81850E-01    7.54387E-01
    2.49200E+02    2.82567E-01    7.53846E-01
    2.49300E+02    2.83682E-01    7.53006E-01
    2.49400E+02    2.85468E-01    7.51663E-01
    2.49500E+02    2.88575E-01    7.49331E-01
    2.49600E+02    2.94992E-01    7.44537E-01
    2.49700E+02    3.13584E-01    7.30823E-01
    2.49800E+02    3.95146E-01    6.73582E-01
    2.49900E+02    3.46794E-01    7.06951E-01
    2.50000E+02    3.58754E-01    6.98546E-01
    2.50100E+02    3.05552E-01    7.36717E-01
    2.50200E+02    2.94255E-01    7.45087E-01
    2.50300E+02    2.89921E-01    7.48322E-01
    2.50400E+02    2.87002E-01    7.50510E-01
    2.50500E+02    2.85736E-01    7.51461E-01
    2.50600E+02    2.84971E-01    7.52036E-01
    2.50700E+02    2.84692E-01    7.52246E-01
    2.50800E+02    2.84343E-01    7.52508E-01
    2.50900E+02    2.84171E-01    7.52638E-01
    2.51000E+02    2.84136E-01    7.52664E-01
    2.51100E+02    2.84171E-01    7.52638E-01
    2.51200E+02    2.84366E-01    7.52491E-01
    2.51300E+02    2.84354E-01    7.52500E-01
    2.51400E+02    2.84480E-01    7.52405E-01
    2.51500E+02    2.84634E-01    7.52289E-01
    2.51600E+02    2.84807E-01    7.52159E-01
    2.51700E+02    2.84997E-01    7.52017E-01
    2.51800E+02    2.85195E-01    7.51868E-01
    2.51900E+02    2.85410E-01    7.51706E-01
    2.52000E+02    2.85653E-01    7.51523E-01
    2.52100E+02    2.86085E-01    7.51198E-01
    2.52200E+02    2.86138E-01    7.51159E-01
    2.52300E+02    2.86438E-01    7.50933E-01
    2.52400E+02    2.86708E-01    7.50731E-01
    2.52500E+02    2.87171E-01    7.50383E-01
    2.52600E+02    2.87418E-01    7.50198E-01
    2.52700E+02    2.88202E-01    7.49611E-01
    2.52800E+02    2.88214E-01    7.49601E-01
    2.52900E+02    2.88059E-01    7.49717E-01
    2.53000E+02    2.88265E-01    7.49563E-01
    2.53100E+02    2.88523E-01    7.49370E-01
    2.53200E+02    2.88804E-01    7.49159E-01
    2.53300E+02    2.89167E-01    7.48887E-01
    2.53400E+02    2.89758E-01    7.48444E-01
    2.53500E+02    2.89700E-01    7.48488E-01
    2.53600E+02    2.90025E-01    7.48245E-01
    2.53700E+02    2.90694E-01    7.47745E-01
    2.53800E+02    2.90880E-01    7.47605E-01
    2.53900E+02    2.91073E-01    7.47461E-01
    2.54000E+02    2.91373E-01    7.47237E-01
    2.54100E+02    2.91763E-01    7.46946E-01
    2.54200E+02    2.92349E-01    7.46508E-01
    2.54300E+02    2.94180E-01    7.45143E-01
    2.54400E+02    2.92990E-01    7.46030E-01
    2.54500E+02    2.93155E-01    7.45907E-01
    2.54600E+02    2.93467E-01    7.45674E-01
    2.54700E+02    2.93929E-01    7.45329E-01
    2.54800E+02    2.94158E-01    7.45158E-01
    2.54900E+02    2.94990E-01    7.44539E-01
    2.55000E+02    2.94736E-01    7.44728E-01
    2.55100E+02    2.94947E-01    7.44571E-01
    2.55200E+02    2.95175E-01    7.44401E-01
    2.55300E+02    2.95344E-01    7.44276E-01
    2.55400E+02    2.95515E-01    7.44148E-01
    2.55500E+02    2.95680E-01    7.44025E-01
    2.55600E+02    2.95837E-01    7.43909E-01
    2.55700E+02    2.95998E-01    7.43789E-01
    2.55800E+02    2.96176E-01    7.43657E-01
    2.55900E+02    2.96317E-01    7.43552E-01
    2.56000E+02    2.96506E-01    7.43411E-01
    2.56100E+02    2.96683E-01    7.43279E-01
    2.56200E+02    2.96802E-01    7.43191E-01
    2.56300E+02    2.96980E-01    7.43059E-01
    2.56400E+02    2.97197E-01    7.42897E-01
    2.56500E+02    2.97415E-01    7.42736E-01
    2.56600E+02    2.97622E-01    7.42582E-01
    2.56700E+02    2.97938E-01    7.42347E-01
    2.56800E+02    2.98110E-01    7.42220E-01
    2.56900E+02    2.98735E-01    7.41756E-01
    2.57000E+02    2.98514E-01    7.41920E-01
    2.57100E+02    2.98713E-01    7.41772E-01
    2.57200E+02    2.98972E-01    7.41580E-01
    2.57300E+02    2.99255E-01    7.41370E-01
    2.57400E+02    2.99589E-01    7.41122E-01
    2.57500E+02    2.99932E-01    7.40868E-01
    2.57600E+02    3.00342E-01    7.40565E-01
    2.57700E+02    3.00771E-01    7.40247E-01
    2.57800E+02    3.01357E-01    7.39814E-01
    2.57900E+02    3.02005E-01    7.39335E-01
    2.58000E+02    3.03220E-01    7.38436E-01
    2.58100E+02    3.05886E-01    7.36471E-01
    2.58200E+02    3.27277E-01    7.20884E-01
    2.58300E+02    3.08457E-01    7.34579E-01
    2.58400E+02    3.08218E-01    7.34755E-01
    2.58500E+02    3.11863E-01    7.32082E-01
    2.58600E+02    3.23642E-01    7.23509E-01
    2.58700E+02    4.01619E-01    6.69236E-01
    2.58800E+02    3.33164E-01    7.16652E-01
    2.58900E+02    3.14648E-01    7.30046E-01
    2.59000E+02    3.09321E-01    7.33945E-01
    2.59100E+02    3.07158E-01    7.35535E-01
    2.59200E+02    3.06169E-01    7.36262E-01
    2.59300E+02    3.05655E-01    7.36641E-01
    2.59400E+02    3.05443E-01    7.36797E-01
    2.59500E+02    3.05537E-01    7.36728E-01
    2.59600E+02    3.05359E-01    7.36859E-01
    2.59700E+02    3.05419E-01    7.36815E-01
    2.59800E+02    3.05541E-01    7.36725E-01
    2.59900E+02    3.05707E-01    7.36602E-01
    2.60000E+02    3.05960E-01    7.36416E-01
    2.60100E+02    3.06128E-01    7.36292E-01
    2.60200E+02    3.06290E-01    7.36173E-01
    2.60300E+02    3.06503E-01    7.36016E-01
    2.60400E+02    3.06746E-01    7.35837E-01
    2.60500E+02    3.07025E-01    7.35632E-01
    2.60600E+02    3.07309E-01    7.35423E-01
    2.60700E+02    3.07627E-01    7.35190E-01
    2.60800E+02    3.08591E-01    7.34481E-01
    2.60900E+02    3.08218E-01    7.34755E-01
    2.61000E+02    3.08344E-01    7.34663E-01
    2.61100E+02    3.08643E-01    7.34443E-01
    2.61200E+02    3.08871E-01    7.34275E-01
    2.61300E+02    3.09157E-01    7.34066E-01
    2.61400E+02    3.09447E-01    7.33852E-01
    2.61500E+02    3.09745E-01    7.33634E-01
    2.61600E+02    3.10061E-01    7.33402E-01
    2.61700E+02    3.10407E-01    7.33148E-01
    2.61800E+02    3.10741E-01    7.32904E-01
    2.61900E+02    3.11070E-01    7.32662E-01
    2.62000E+02    3.11452E-01    7.32383E-01
    2.62100E+02    3.11830E-01    7.32106E-01
    2.62200E+02    3.12238E-01    7.31808E-01
    2.62300E+02    3.12718E-01    7.31456E-01
    2.62400E+02    3.13309E-01    7.31024E-01
    2.62500E+02    3.14124E-01    7.30428E-01
    2.62600E+02    3.15132E-01    7.29693E-01
    2.62700E+02    3.17314E-01    7.28102E-01
    2.62800E+02    3.25137E-01    7.22429E-01
    2.62900E+02    3.29082E-01    7.19584E-01
    2.63000E+02    3.19609E-01    7.26433E-01
    2.63100E+02    3.18552E-01    7.27201E-01
    2.63200E+02    3.20573E-01    7.25733E-01
    2.63300E+02    3.20054E-01    7.26110E-01
    2.63400E+02    3.22391E-01    7.24415E-01
    2.63500E+02    3.28057E-01    7.20322E-01
    2.63600E+02    3.46385E-01    7.07240E-01
    2.63700E+02    4.66421E-01    6.27243E-01
    2.63800E+02    3.43843E-01    7.09040E-01
    2.63900E+02    3.34931E-01    7.15387E-01
    2.64000E+02    3.24669E-01    7.22766E-01
    2.64100E+02    3.22158E-01    7.24584E-01
    2.64200E+02    3.21151E-01    7.25314E-01
    2.64300E+02    3.20775E-01    7.25587E-01
    2.64400E+02    3.20716E-01    7.25629E-01
    2.64500E+02    3.20936E-01    7.25470E-01
    2.64600E+02    3.21424E-01    7.25116E-01
    2.64700E+02    3.22309E-01    7.24474E-01
    2.64800E+02    3.24431E-01    7.22939E-01
    2.64900E+02    3.35624E-01    7.14892E-01
    2.65000E+02    3.27868E-01    7.20458E-01
    2.65100E+02    3.24155E-01    7.23138E-01
    2.65200E+02    3.23405E-01    7.23681E-01
    2.65300E+02    3.23303E-01    7.23755E-01
    2.65400E+02    3.23453E-01    7.23646E-01
    2.65500E+02    3.23724E-01    7.23450E-01
    2.65600E+02    3.24070E-01    7.23200E-01
    2.65700E+02    3.24414E-01    7.22951E-01
    2.65800E+02    3.24800E-01    7.22672E-01
    2.65900E+02    3.25181E-01    7.22396E-01
    2.66000E+02    3.25561E-01    7.22122E-01
    2.66100E+02    3.25959E-01    7.21835E-01
    2.66200E+02    3.26367E-01    7.21540E-01
    2.66300E+02    3.26627E-01    7.21353E-01
    2.66400E+02    3.26952E-01    7.21118E-01
    2.66500E+02    3.27321E-01    7.20853E-01
    2.66600E+02    3.27753E-01    7.20541E-01
    2.66700E+02    3.28320E-01    7.20133E-01
    2.66800E+02    3.29120E-01    7.19556E-01
    2.66900E+02    3.30415E-01    7.18625E-01
    2.67000E+02    3.32732E-01    7.16962E-01
    2.67100E+02    3.38203E-01    7.13051E-01
    2.67200E+02    3.58427E-01    6.98775E-01
    2.67300E+02    3.81300E-01    6.82973E-01
    2.67400E+02    3.42284E-01    7.10147E-01
    2.67500E+02    3.34746E-01    7.15520E-01
    2.67600E+02    3.32066E-01    7.17440E-01
    2.67700E+02    3.30862E-01    7.18304E-01
    2.67800E+02    3.30281E-01    7.18721E-01
    2.67900E+02    3.30003E-01    7.18921E-01
    2.68000E+02    3.29900E-01    7.18996E-01
    2.68100E+02    3.29932E-01    7.18972E-01
    2.68200E+02    3.30331E-01    7.18686E-01
    2.68300E+02    3.30119E-01    7.18838E-01
    2.68400E+02    3.30260E-01    7.18737E-01
    2.68500E+02    3.30515E-01    7.18554E-01
    2.68600E+02    3.31123E-01    7.18117E-01
    2.68700E+02    3.31660E-01    7.17731E-01
    2.68800E+02    3.31106E-01    7.18129E-01
    2.68900E+02    3.31208E-01    7.18056E-01
    2.69000E+02    3.31395E-01    7.17922E-01
    2.69100E+02    3.31618E-01    7.17761E-01
    2.69200E+02    3.31848E-01    7.17596E-01
    2.69300E+02    3.32093E-01    7.17421E-01
    2.69400E+02    3.32347E-01    7.17238E-01
    2.69500E+02    3.32620E-01    7.17042E-01
    2.69600E+02    3.32877E-01    7.16858E-01
    2.69700E+02    3.33141E-01    7.16669E-01
    2.69800E+02    3.33425E-01    7.16466E-01
    2.69900E+02    3.33705E-01    7.16265E-01
    2.70000E+02    3.33992E-01    7.16060E-01
    2.70100E+02    3.34308E-01    7.15833E-01
    2.70200E+02    3.34570E-01    7.15646E-01
    2.70300E+02    3.34879E-01    7.15425E-01
    2.70400E+02    3.35212E-01    7.15186E-01
    2.70500E+02    3.35565E-01    7.14934E-01
    2.70600E+02    3.35820E-01    7.14752E-01
    2.70700E+02    3.36231E-01    7.14458E-01
    2.70800E+02    3.36563E-01    7.14221E-01
    2.70900E+02    3.37033E-01    7.13886E-01
    2.71000E+02    3.37505E-01    7.13548E-01
    2.71100E+02    3.40145E-01    7.11667E-01
    2.71200E+02    3.38040E-01    7.13166E-01
    2.71300E+02    3.38266E-01    7.13005E-01
    2.71400E+02    3.38396E-01    7.12913E-01
    2.71500E+02    3.38694E-01    7.12701E-01
    2.71600E+02    3.39037E-01    7.12456E-01
    2.71700E+02    3.39423E-01    7.12181E-01
    2.71800E+02    3.39888E-01    7.11850E-01
    2.71900E+02    3.40949E-01    7.11096E-01
    2.72000E+02    3.40854E-01    7.11162E-01
    2.72100E+02    3.41082E-01    7.11000E-01
    2.72200E+02    3.41529E-01    7.10683E-01
    2.72300E+02    3.42071E-01    7.10298E-01
    2.72400E+02    3.42741E-01    7.09822E-01
    2.72500E+02    3.43597E-01    7.09215E-01
    2.72600E+02    3.44756E-01    7.08393E-01
    2.72700E+02    3.46579E-01    7.07103E-01
    2.72800E+02    3.49855E-01    7.04790E-01
    2.72900E+02    3.57744E-01    6.99252E-01
    2.73000E+02    3.91089E-01    6.76320E-01
    2.73100E+02    3.92925E-01    6.75080E-01
    2.73200E+02    3.59038E-01    6.98348E-01
    2.73300E+02    3.51734E-01    7.03467E-01
    2.73400E+02    3.49037E-01    7.05367E-01
    2.73500E+02    3.47939E-01    7.06142E-01
    2.73600E+02    3.47515E-01    7.06441E-01
    2.73700E+02    3.47429E-01    7.06502E-01
    2.73800E+02    3.47619E-01    7.06368E-01
    2.73900E+02    3.48097E-01    7.06030E-01
    2.74000E+02    3.48611E-01    7.05668E-01
    2.74100E+02    3.49441E-01    7.05082E-01
    2.74200E+02    3.51032E-01    7.03961E-01
    2.74300E+02    3.54534E-01    7.01500E-01
    2.74400E+02    3.66213E-01    6.93355E-01
    2.74500E+02    3.96381E-01    6.72751E-01
    2.74600E+02    3.59715E-01    6.97875E-01
    2.74700E+02    3.53803E-01    7.02013E-01
    2.74800E+02    3.51897E-01    7.03352E-01
    2.74900E+02    3.51180E-01    7.03857E-01
    2.75000E+02    3.50973E-01    7.04003E-01
    2.75100E+02    3.50911E-01    7.04046E-01
    2.75200E+02    3.51078E-01    7.03929E-01
    2.75300E+02    3.51123E-01    7.03897E-01
    2.75400E+02    3.51313E-01    7.03764E-01
    2.75500E+02    3.51531E-01    7.03610E-01
    2.75600E+02    3.51780E-01    7.03435E-01
    2.75700E+02    3.52071E-01    7.03230E-01
    2.75800E+02    3.52375E-01    7.03016E-01
    2.75900E+02    3.52712E-01    7.02780E-01
    2.76000E+02    3.53019E-01    7.02564E-01
    2.76100E+02    3.53373E-01    7.02315E-01
    2.76200E+02    3.53757E-01    7.02046E-01
    2.76300E+02    3.54186E-01    7.01745E-01
    2.76400E+02    3.54663E-01    7.01410E-01
    2.76500E+02    3.55249E-01    7.00999E-01
    2.76600E+02    3.56048E-01    7.00439E-01
    2.76700E+02    3.57389E-01    6.99501E-01
    2.76800E+02    3.60586E-01    6.97268E-01
    2.76900E+02    3.78035E-01    6.85206E-01
    2.77000E+02    3.65150E-01    6.94093E-01
    2.77100E+02    3.59787E-01    6.97825E-01
    2.77200E+02    3.58441E-01    6.98765E-01
    2.77300E+02    3.58090E-01    6.99010E-01
    2.77400E+02    3.58117E-01    6.98992E-01
    2.77500E+02    3.58284E-01    6.98875E-01
    2.77600E+02    3.58458E-01    6.98753E-01
    2.77700E+02    3.58704E-01    6.98581E-01
    2.77800E+02    3.59017E-01    6.98362E-01
    2.77900E+02    3.59472E-01    6.98045E-01
    2.78000E+02    3.59707E-01    6.97881E-01
    2.78100E+02    3.60051E-01    6.97641E-01
    2.78200E+02    3.60326E-01    6.97449E-01
    2.78300E+02    3.60719E-01    6.97175E-01
    2.78400E+02    3.61294E-01    6.96774E-01
    2.78500E+02    3.62640E-01    6.95837E-01
    2.78600E+02    3.62110E-01    6.96205E-01
    2.78700E+02    3.62235E-01    6.96118E-01
    2.78800E+02    3.62584E-01    6.95876E-01
    2.78900E+02    3.63029E-01    6.95566E-01
    2.79000E+02    3.63566E-01    6.95193E-01
    2.79100E+02    3.64252E-01    6.94716E-01
    2.79200E+02    3.65317E-01    6.93977E-01
    2.79300E+02    3.67642E-01    6.92365E-01
    2.79400E+02    3.71750E-01    6.89527E-01
    2.79500E+02    3.89873E-01    6.77143E-01
    2.79600E+02    3.70627E-01    6.90301E-01
    2.79700E+02    3.68451E-01    6.91805E-01
    2.79800E+02    3.69183E-01    6.91299E-01
    2.79900E+02    3.79189E-01    6.84416E-01
    2.80000E+02    3.68881E-01    6.91508E-01
    2.80100E+02    3.67892E-01    6.92192E-01
    2.80200E+02    3.67785E-01    6.92266E-01
    2.80300E+02    3.67916E-01    6.92175E-01
    2.80400E+02    3.68152E-01    6.92012E-01
    2.80500E+02    3.68429E-01    6.91820E-01
    2.80600E+02    3.68750E-01    6.91598E-01
    2.80700E+02    3.69113E-01    6.91348E-01
    2.80800E+02    3.69554E-01    6.91042E-01
    2.80900E+02    3.70400E-01    6.90458E-01
    2.81000E+02    3.73200E-01    6.88528E-01
    2.81100E+02    3.70873E-01    6.90132E-01
    2.81200E+02    3.71145E-01    6.89944E-01
    2.81300E+02    3.71301E-01    6.89836E-01
    2.81400E+02    3.71750E-01    6.89527E-01
    2.81500E+02    3.72759E-01    6.88831E-01
    2.81600E+02    3.72601E-01    6.88940E-01
    2.81700E+02    3.72736E-01    6.88847E-01
    2.81800E+02    3.73093E-01    6.88601E-01
    2.81900E+02    3.73607E-01    6.88247E-01
    2.82000E+02    3.74195E-01    6.87843E-01
    2.82100E+02    3.74359E-01    6.87730E-01
    2.82200E+02    3.74752E-01    6.87460E-01
    2.82300E+02    3.75254E-01    6.87115E-01
    2.82400E+02    3.75674E-01    6.86826E-01
    2.82500E+02    3.76325E-01    6.86379E-01
    2.82600E+02    3.77297E-01    6.85713E-01
    2.82700E+02    3.79331E-01    6.84319E-01
    2.82800E+02    3.88246E-01    6.78246E-01
    2.82900E+02    3.84437E-01    6.80834E-01
    2.83000E+02    3.79858E-01    6.83958E-01
    2.83100E+02    3.79023E-01    6.84530E-01
    2.83200E+02    3.78924E-01    6.84597E-01
    2.83300E+02    3.79047E-01    6.84513E-01
    2.83400E+02    3.79330E-01    6.84320E-01
    2.83500E+02    3.79611E-01    6.84127E-01
    2.83600E+02    3.79938E-01    6.83904E-01
    2.83700E+02    3.80299E-01    6.83657E-01
    2.83800E+02    3.80681E-01    6.83396E-01
    2.83900E+02    3.81075E-01    6.83127E-01
    2.84000E+02    3.81501E-01    6.82836E-01
    2.84100E+02    3.81900E-01    6.82563E-01
    2.84200E+02    3.82324E-01    6.82274E-01
    2.84300E+02    3.82806E-01    6.81946E-01
    2.84400E+02    3.83715E-01    6.81326E-01
    2.84500E+02    3.83719E-01    6.81323E-01
    2.84600E+02    3.84276E-01    6.80943E-01
    2.84700E+02    3.84638E-01    6.80697E-01
    2.84800E+02    3.85183E-01    6.80326E-01
    2.84900E+02    3.85708E-01    6.79969E-01
    2.85000E+02    3.86243E-01    6.79605E-01
    2.85100E+02    3.86867E-01    6.79181E-01
    2.85200E+02    3.87568E-01    6.78705E-01
    2.85300E+02    3.88370E-01    6.78161E-01
    2.85400E+02    3.89324E-01    6.77515E-01
    2.85500E+02    3.90515E-01    6.76709E-01
    2.85600E+02    3.92168E-01    6.75591E-01
    2.85700E+02    3.94363E-01    6.74109E-01
    2.85800E+02    3.98134E-01    6.71572E-01
    2.85900E+02    4.05691E-01    6.66516E-01
    2.86000E+02    4.26960E-01    6.52490E-01
    2.86100E+02    5.20591E-01    5.94169E-01
    2.86200E+02    4.75007E-01    6.21880E-01
    2.86300E+02    4.71072E-01    6.24332E-01
    2.86400E+02    4.12597E-01    6.61929E-01
    2.86500E+02    4.02670E-01    6.68533E-01
    2.86600E+02    3.98853E-01    6.71090E-01
    2.86700E+02    3.97063E-01    6.72292E-01
    2.86800E+02    3.96171E-01    6.72892E-01
    2.86900E+02    3.95768E-01    6.73163E-01
    2.87000E+02    3.95695E-01    6.73212E-01
    2.87100E+02    3.95593E-01    6.73280E-01
    2.87200E+02    3.95700E-01    6.73209E-01
    2.87300E+02    3.95905E-01    6.73071E-01
    2.87400E+02    3.96175E-01    6.72889E-01
    2.87500E+02    3.96499E-01    6.72671E-01
    2.87600E+02    3.96866E-01    6.72424E-01
    2.87700E+02    3.97272E-01    6.72151E-01
    2.87800E+02    3.97726E-01    6.71846E-01
    2.87900E+02    3.98228E-01    6.71509E-01
    2.88000E+02    3.98792E-01    6.71130E-01
    2.88100E+02    3.99428E-01    6.70704E-01
    2.88200E+02    4.00182E-01    6.70198E-01
    2.88300E+02    4.01177E-01    6.69531E-01
    2.88400E+02    4.02247E-01    6.68815E-01
    2.88500E+02    4.03808E-01    6.67772E-01
    2.88600E+02    4.06278E-01    6.66125E-01
    2.88700E+02    4.10786E-01    6.63129E-01
    2.88800E+02    4.21355E-01    6.56157E-01
    2.88900E+02    4.62212E-01    6.29889E-01
    2.89000E+02    4.87163E-01    6.14367E-01
    2.89100E+02    4.26470E-01    6.52809E-01
    2.89200E+02    4.14186E-01    6.60878E-01
    2.89300E+02    4.09779E-01    6.63797E-01
    2.89400E+02    4.07857E-01    6.65074E-01
    2.89500E+02    4.06968E-01    6.65666E-01
    2.89600E+02    4.06581E-01    6.65923E-01
    2.89700E+02    4.06484E-01    6.65988E-01
    2.89800E+02    4.06633E-01    6.65888E-01
    2.89900E+02    4.06862E-01    6.65736E-01
    2.90000E+02    4.07113E-01    6.65569E-01
    2.90100E+02    4.07236E-01    6.65487E-01
    2.90200E+02    4.07534E-01    6.65289E-01
    2.90300E+02    4.07887E-01    6.65054E-01
    2.90400E+02    4.08292E-01    6.64785E-01
    2.90500E+02    4.08762E-01    6.64472E-01
    2.90600E+02    4.09248E-01    6.64150E-01
    2.90700E+02    4.09839E-01    6.63757E-01
    2.90800E+02    4.10732E-01    6.63164E-01
    2.90900E+02    4.12975E-01    6.61679E-01
    2.91000E+02    4.17717E-01    6.58548E-01
    2.91100E+02    4.12711E-01    6.61853E-01
    2.91200E+02    4.12325E-01    6.62109E-01
    2.91300E+02    4.12654E-01    6.61891E-01
    2.91400E+02    4.12948E-01    6.61697E-01
    2.91500E+02    4.13243E-01    6.61502E-01
    2.91600E+02    4.13803E-01    6.61131E-01
    2.91700E+02    4.16657E-01    6.59247E-01
    2.91800E+02    4.14691E-01    6.60545E-01
    2.91900E+02    4.15026E-01    6.60323E-01
    2.92000E+02    4.15488E-01    6.60018E-01
    2.92100E+02    4.16012E-01    6.59672E-01
    2.92200E+02    4.16576E-01    6.59300E-01
    2.92300E+02    4.17181E-01    6.58902E-01
    2.92400E+02    4.17870E-01    6.58448E-01
    2.92500E+02    4.18833E-01    6.57814E-01
    2.92600E+02    4.19606E-01    6.57306E-01
    2.92700E+02    4.20539E-01    6.56693E-01
    2.92800E+02    4.22022E-01    6.55719E-01
    2.92900E+02    4.24468E-01    6.54117E-01
    2.93000E+02    4.29608E-01    6.50764E-01
    2.93100E+02    4.46824E-01    6.39656E-01
    2.93200E+02    4.74761E-01    6.22034E-01
    2.93300E+02    4.36296E-01    6.46426E-01
    2.93400E+02    4.30891E-01    6.49930E-01
    2.93500E+02    4.35048E-01    6.47234E-01
    2.93600E+02    4.33772E-01    6.48060E-01
    2.93700E+02    4.27630E-01    6.52053E-01
    2.93800E+02    4.26304E-01    6.52918E-01
    2.93900E+02    4.25950E-01    6.53149E-01
    2.94000E+02    4.25975E-01    6.53133E-01
    2.94100E+02    4.26178E-01    6.53000E-01
    2.94200E+02    4.26489E-01    6.52797E-01
    2.94300E+02    4.26853E-01    6.52559E-01
    2.94400E+02    4.27264E-01    6.52292E-01
    2.94500E+02    4.27712E-01    6.51999E-01
    2.94600E+02    4.28262E-01    6.51640E-01
    2.94700E+02    4.28638E-01    6.51396E-01
    2.94800E+02    4.29135E-01    6.51072E-01
    2.94900E+02    4.29627E-01    6.50752E-01
    2.95000E+02    4.30136E-01    6.50420E-01
    2.95100E+02    4.30648E-01    6.50087E-01
    2.95200E+02    4.31204E-01    6.49726E-01
    2.95300E+02    4.31893E-01    6.49279E-01
    2.95400E+02    4.32435E-01    6.48927E-01
    2.95500E+02    4.32927E-01    6.48608E-01
    2.95600E+02    4.33365E-01    6.48324E-01
    2.95700E+02    4.33921E-01    6.47963E-01
    2.95800E+02    4.34592E-01    6.47529E-01
    2.95900E+02    4.35085E-01    6.47210E-01
    2.96000E+02    4.35739E-01    6.46787E-01
    2.96100E+02    4.36515E-01    6.46285E-01
    2.96200E+02    4.36881E-01    6.46048E-01
    2.96300E+02    4.37494E-01    6.45653E-01
    2.96400E+02    4.38428E-01    6.45050E-01
    2.96500E+02    4.38763E-01    6.44834E-01
    2.96600E+02    4.39398E-01    6.44424E-01
    2.96700E+02    4.40080E-01    6.43985E-01
    2.96800E+02    4.40833E-01    6.43500E-01
    2.96900E+02    4.41552E-01    6.43037E-01
    2.97000E+02    4.42408E-01    6.42487E-01
    2.97100E+02    4.43727E-01    6.41640E-01
    2.97200E+02    4.45783E-01    6.40323E-01
    2.97300E+02    4.44950E-01    6.40857E-01
    2.97400E+02    4.45751E-01    6.40343E-01
    2.97500E+02    4.46385E-01    6.39937E-01
    2.97600E+02    4.47277E-01    6.39367E-01
    2.97700E+02    4.48289E-01    6.38720E-01
    2.97800E+02    4.49409E-01    6.38005E-01
    2.97900E+02    4.50665E-01    6.37205E-01
    2.98000E+02    4.52093E-01    6.36295E-01
    2.98100E+02    4.53785E-01    6.35219E-01
    2.98200E+02    4.55882E-01    6.33889E-01
    2.98300E+02    4.58892E-01    6.31984E-01
    2.98400E+02    4.63668E-01    6.28972E-01
    2.98500E+02    4.67923E-01    6.26302E-01
    2.98600E+02    4.62795E-01    6.29522E-01
    2.98700E+02    4.59974E-01    6.31300E-01
    2.98800E+02    4.59330E-01    6.31707E-01
    2.98900E+02    4.58388E-01    6.32302E-01
    2.99000E+02    4.58066E-01    6.32505E-01
    2.99100E+02    4.57998E-01    6.32549E-01
    2.99200E+02    4.58096E-01    6.32487E-01
    2.99300E+02    4.58385E-01    6.32304E-01
    2.99400E+02    4.59089E-01    6.31859E-01
    2.99500E+02    4.61954E-01    6.30051E-01
    2.99600E+02    4.59673E-01    6.31490E-01
    2.99700E+02    4.60051E-01    6.31251E-01
    2.99800E+02    4.60265E-01    6.31116E-01
    2.99900E+02    4.60785E-01    6.30788E-01
    3.00000E+02    4.61400E-01    6.30400E-01
    3.00100E+02    4.62191E-01    6.29902E-01
    3.00200E+02    4.62971E-01    6.29411E-01
    3.00300E+02    4.63926E-01    6.28810E-01
    3.00400E+02    4.65295E-01    6.27950E-01
    3.00500E+02    4.67657E-01    6.26468E-01
    3.00600E+02    4.74030E-01    6.22489E-01
    3.00700E+02    4.97700E-01    6.07927E-01
    3.00800E+02    4.73094E-01    6.23072E-01
    3.00900E+02    4.70457E-01    6.24717E-01
    3.01000E+02    4.70276E-01    6.24830E-01
    3.01100E+02    4.70849E-01    6.24472E-01
    3.01200E+02    4.71947E-01    6.23787E-01
    3.01300E+02    4.73649E-01    6.22726E-01
    3.01400E+02    4.76221E-01    6.21126E-01
    3.01500E+02    4.80511E-01    6.18467E-01
    3.01600E+02    4.89121E-01    6.13165E-01
    3.01700E+02    5.13160E-01    5.98601E-01
    3.01800E+02    6.79519E-01    5.06861E-01
    3.01900E+02    5.28769E-01    5.89330E-01
    3.02000E+02    4.95739E-01    6.09120E-01
    3.02100E+02    4.86438E-01    6.14813E-01
    3.02200E+02    4.82895E-01    6.16994E-01
    3.02300E+02    4.81495E-01    6.17859E-01
    3.02400E+02    4.81122E-01    6.18089E-01
    3.02500E+02    4.81419E-01    6.17906E-01
    3.02600E+02    4.82074E-01    6.17502E-01
    3.02700E+02    4.83153E-01    6.16835E-01
    3.02800E+02    4.84976E-01    6.15712E-01
    3.02900E+02    4.88268E-01    6.13688E-01
    3.03000E+02    4.95673E-01    6.09161E-01
    3.03100E+02    5.21569E-01    5.93588E-01
    3.03200E+02    5.47210E-01    5.78562E-01
    3.03300E+02    5.01545E-01    6.05594E-01
    3.03400E+02    4.93040E-01    6.10767E-01
    3.03500E+02    4.90466E-01    6.12341E-01
    3.03600E+02    4.89863E-01    6.12710E-01
    3.03700E+02    4.89362E-01    6.13018E-01
    3.03800E+02    4.89572E-01    6.12889E-01
    3.03900E+02    4.90062E-01    6.12588E-01
    3.04000E+02    4.90653E-01    6.12226E-01
    3.04100E+02    4.91360E-01    6.11794E-01
    3.04200E+02    4.92154E-01    6.11308E-01
    3.04300E+02    4.93020E-01    6.10779E-01
    3.04400E+02    4.93959E-01    6.10206E-01
    3.04500E+02    4.94981E-01    6.09582E-01
    3.04600E+02    4.96122E-01    6.08887E-01
    3.04700E+02    4.97483E-01    6.08059E-01
    3.04800E+02    4.99766E-01    6.06672E-01
    3.04900E+02    4.99580E-01    6.06786E-01
    3.05000E+02    4.99764E-01    6.06674E-01
    3.05100E+02    5.00309E-01    6.06343E-01
    3.05200E+02    5.00915E-01    6.05976E-01
    3.05300E+02    5.01627E-01    6.05544E-01
    3.05400E+02    5.02397E-01    6.05078E-01
    3.05500E+02    5.03210E-01    6.04587E-01
    3.05600E+02    5.04061E-01    6.04073E-01
    3.05700E+02    5.04935E-01    6.03545E-01
    3.05800E+02    5.05837E-01    6.03001E-01
    3.05900E+02    5.06776E-01    6.02435E-01
    3.06000E+02    5.07744E-01    6.01852E-01
    3.06100E+02    5.08675E-01    6.01292E-01
    3.06200E+02    5.09659E-01    6.00701E-01
    3.06300E+02    5.10654E-01    6.00103E-01
    3.06400E+02    5.11677E-01    5.99489E-01
    3.06500E+02    5.12697E-01    5.98878E-01
    3.06600E+02    5.13746E-01    5.98250E-01
    3.06700E+02    5.14812E-01    5.97613E-01
    3.06800E+02    5.15905E-01    5.96960E-01
    3.06900E+02    5.17087E-01    5.96255E-01
    3.07000E+02    5.18149E-01    5.95622E-01
    3.07100E+02    5.19241E-01    5.94972E-01
    3.07200E+02    5.20395E-01    5.94286E-01
    3.07300E+02    5.21891E-01    5.93397E-01
    3.07400E+02    5.23156E-01    5.92647E-01
    3.07500E+02    5.24525E-01    5.91836E-01
    3.07600E+02    5.25521E-01    5.91247E-01
    3.07700E+02    5.26690E-01    5.90556E-01
    3.07800E+02    5.27920E-01    5.89831E-01
    3.07900E+02    5.29182E-01    5.89086E-01
    3.08000E+02    5.30459E-01    5.88335E-01
    3.08100E+02    5.31762E-01    5.87569E-01
    3.08200E+02    5.33098E-01    5.86784E-01
    3.08300E+02    5.34465E-01    5.85983E-01
    3.08400E+02    5.35898E-01    5.85144E-01
    3.08500E+02    5.37610E-01    5.84143E-01
    3.08600E+02    5.39434E-01    5.83078E-01
    3.08700E+02    5.40220E-01    5.82620E-01
    3.08800E+02    5.41705E-01    5.81756E-01
    3.08900E+02    5.43227E-01    5.80871E-01
    3.09000E+02    5.44545E-01    5.80106E-01
    3.09100E+02    5.46064E-01    5.79225E-01
    3.09200E+02    5.47685E-01    5.78287E-01
    3.09300E+02    5.49328E-01    5.77338E-01
    3.09400E+02    5.51130E-01    5.76298E-01
    3.09500E+02    5.52660E-01    5.75417E-01
    3.09600E+02    5.54460E-01    5.74382E-01
    3.09700E+02    5.56445E-01    5.73243E-01
    3.09800E+02    5.58814E-01    5.71887E-01
    3.09900E+02    5.62092E-01    5.70016E-01
    3.10000E+02    5.70002E-01    5.65524E-01
    3.10100E+02    5.77308E-01    5.61408E-01
    3.10200E+02    5.68206E-01    5.66541E-01
    3.10300E+02    5.67961E-01    5.66680E-01
    3.10400E+02    5.68887E-01    5.66155E-01
    3.10500E+02    5.70318E-01    5.65346E-01
    3.10600E+02    5.71908E-01    5.64448E-01
    3.10700E+02    5.73596E-01    5.63496E-01
    3.10800E+02    5.75344E-01    5.62511E-01
    3.10900E+02    5.77137E-01    5.61503E-01
    3.11000E+02    5.78982E-01    5.60469E-01
    3.11100E+02    5.80923E-01    5.59382E-01
    3.11200E+02    5.82804E-01    5.58331E-01
    3.11300E+02    5.84721E-01    5.57262E-01
    3.11400E+02    5.86707E-01    5.56156E-01
    3.11500E+02    5.88759E-01    5.55016E-01
    3.11600E+02    5.90940E-01    5.53806E-01
    3.11700E+02    5.93066E-01    5.52630E-01
    3.11800E+02    5.95182E-01    5.51462E-01
    3.11900E+02    5.97380E-01    5.50251E-01
    3.12000E+02    5.99668E-01    5.48994E-01
    3.12100E+02    6.02016E-01    5.47707E-01
    3.12200E+02    6.04420E-01    5.46391E-01
    3.12300E+02    6.06891E-01    5.45043E-01
    3.12400E+02    6.09425E-01    5.43664E-01
    3.12500E+02    6.12074E-01    5.42225E-01
    3.12600E+02    6.14747E-01    5.40778E-01
    3.12700E+02    6.17384E-01    5.39353E-01
    3.12800E+02    6.20165E-01    5.37856E-01
    3.12900E+02    6.23280E-01    5.36183E-01
    3.13000E+02    6.25911E-01    5.34774E-01
    3.13100E+02    6.28845E-01    5.33207E-01
    3.13200E+02    6.31797E-01    5.31636E-01
    3.13300E+02    6.34870E-01    5.30004E-01
    3.13400E+02    6.38024E-01    5.28335E-01
    3.13500E+02    6.41286E-01    5.26615E-01
    3.13600E+02    6.44739E-01    5.24800E-01
    3.13700E+02    6.47741E-01    5.23226E-01
    3.13800E+02    6.51056E-01    5.21495E-01
    3.13900E+02    6.54489E-01    5.19707E-01
    3.14000E+02    6.58519E-01    5.17618E-01
    3.14100E+02    6.61335E-01    5.16162E-01
    3.14200E+02    6.64827E-01    5.14362E-01
    3.14300E+02    6.68450E-01    5.12502E-01
    3.14400E+02    6.72180E-01    5.10594E-01
    3.14500E+02    6.76017E-01    5.08639E-01
    3.14600E+02    6.79976E-01    5.06629E-01
    3.14700E+02    6.84062E-01    5.04563E-01
    3.14800E+02    6.88292E-01    5.02433E-01
    3.14900E+02    6.92677E-01    5.00235E-01
    3.15000E+02    6.97245E-01    4.97955E-01
    3.15100E+02    7.02050E-01    4.95568E-01
    3.15200E+02    7.07029E-01    4.93107E-01
    3.15300E+02    7.12345E-01    4.90493E-01
    3.15400E+02    7.18115E-01    4.87671E-01
    3.15500E+02    7.24609E-01    4.84514E-01
    3.15600E+02    7.32503E-01    4.80704E-01
    3.15700E+02    7.44050E-01    4.75186E-01
    3.15800E+02    7.71488E-01    4.62325E-01
    3.15900E+02    8.26658E-01    4.37509E-01
    3.16000E+02    7.72025E-01    4.62076E-01
    3.16100E+02    7.72480E-01    4.61866E-01
    3.16200E+02    7.87873E-01    4.54811E-01
    3.16300E+02    8.62805E-01    4.21977E-01
    3.16400E+02    8.18818E-01    4.40952E-01
    3.16500E+02    7.98283E-01    4.50101E-01
    3.16600E+02    7.99482E-01    4.49562E-01
    3.16700E+02    8.11162E-01    4.44342E-01
    3.16800E+02    8.08207E-01    4.45657E-01
    3.16900E+02    8.14065E-01    4.43054E-01
    3.17000E+02    8.21819E-01    4.39631E-01
    3.17100E+02    8.31956E-01    4.35197E-01
    3.17200E+02    8.57454E-01    4.24241E-01
    3.17300E+02    8.48412E-01    4.28094E-01
    3.17400E+02    8.55350E-01    4.25134E-01
    3.17500E+02    8.64125E-01    4.21420E-01
    3.17600E+02    8.73724E-01    4.17394E-01
    3.17700E+02    8.83920E-01    4.13160E-01
    3.17800E+02    8.94606E-01    4.08769E-01
    3.17900E+02    9.05773E-01    4.04229E-01
    3.18000E+02    9.17458E-01    3.99533E-01
    3.18100E+02    9.29748E-01    3.94653E-01
    3.18200E+02    9.42482E-01    3.89660E-01
    3.18300E+02    9.55864E-01    3.84480E-01
    3.18400E+02    9.69870E-01    3.79132E-01
    3.18500E+02    9.84596E-01    3.73590E-01
    3.18600E+02    9.99893E-01    3.67919E-01
    3.18700E+02    1.01603E+00    3.62030E-01
    3.18800E+02    1.03296E+00    3.55950E-01
    3.18900E+02    1.05078E+00    3.49665E-01
    3.19000E+02    1.06950E+00    3.43179E-01
    3.19100E+02    1.08924E+00    3.36473E-01
    3.19200E+02    1.11019E+00    3.29497E-01
    3.19300E+02    1.13220E+00    3.22324E-01
    3.19400E+02    1.15567E+00    3.14845E-01
    3.19500E+02    1.18041E+00    3.07152E-01
    3.19600E+02    1.20710E+00    2.99062E-01
    3.19700E+02    1.23637E+00    2.90438E-01
    3.19800E+02    1.27006E+00    2.80815E-01
    3.19900E+02    1.31679E+00    2.67995E-01
    3.20000E+02    1.48504E+00    2.26494E-01
    3.20100E+02    1.38066E+00    2.51413E-01
    3.20200E+02    1.40144E+00    2.46241E-01
    3.20300E+02    1.43444E+00    2.38249E-01
    3.20400E+02    1.47218E+00    2.29426E-01
    3.20500E+02    1.51282E+00    2.20287E-01
    3.20600E+02    1.55604E+00    2.10971E-01
    3.20700E+02    1.60130E+00    2.01634E-01
    3.20800E+02    1.64848E+00    1.92343E-01
    3.20900E+02    1.69719E+00    1.83198E-01
    3.21000E+02    1.74718E+00    1.74265E-01
    3.21100E+02    1.79820E+00    1.65596E-01
    3.21200E+02    1.84984E+00    1.57262E-01
    3.21300E+02    1.90212E+00    1.49252E-01
    3.21400E+02    1.95572E+00    1.41462E-01
    3.21500E+02    2.01138E+00    1.33804E-01
    3.21600E+02    2.06962E+00    1.26234E-01
    3.21700E+02    2.13148E+00    1.18662E-01
    3.21800E+02    2.19767E+00    1.11062E-01
    3.21900E+02    2.26910E+00    1.03406E-01
    3.22000E+02    2.34866E+00    9.54971E-02
    3.22100E+02    2.42996E+00    8.80399E-02
    3.22200E+02    2.51970E+00    8.04839E-02
    3.22300E+02    2.61728E+00    7.30011E-02
    3.22400E+02    2.72348E+00    6.56461E-02
    3.22500E+02    2.83877E+00    5.84973E-02
    3.22600E+02    2.96389E+00    5.16179E-02
    3.22700E+02    3.09992E+00    4.50530E-02
    3.22800E+02    3.24720E+00    3.88827E-02
    3.22900E+02    3.40743E+00    3.31264E-02
    3.23000E+02    3.58144E+00    2.78357E-02
    3.23100E+02    3.77041E+00    2.30427E-02
    3.23200E+02    3.97558E+00    1.87685E-02
    3.23300E+02    4.19813E+00    1.50236E-02
    3.23400E+02    4.43945E+00    1.18025E-02
    3.23500E+02    4.70079E+00    9.08808E-03
    3.23600E+02    4.98342E+00    6.85057E-03
    3.23700E+02    5.29352E+00    5.02406E-03
    3.23800E+02    5.61540E+00    3.64136E-03
    3.23900E+02    5.96557E+00    2.56558E-03
    3.24000E+02    6.33901E+00    1.76604E-03
    3.24100E+02    6.73459E+00    1.18906E-03
    3.24200E+02    7.15093E+00    7.84134E-04
    3.24300E+02    7.58348E+00    5.08790E-04
    3.24400E+02    8.02795E+00    3.26217E-04
    3.24500E+02    8.47661E+00    2.08283E-04
    3.24600E+02    8.91994E+00    1.33696E-04
    3.24700E+02    9.34491E+00    8.74095E-05
    3.24800E+02    9.73538E+00    5.91530E-05
    3.24900E+02    1.00729E+01    4.22098E-05
    3.25000E+02    1.03344E+01    3.24957E-05
    3.25100E+02    1.04941E+01    2.76989E-05
    3.25200E+02    1.05048E+01    2.74043E-05
    3.25300E+02    1.03629E+01    3.15832E-05
    3.25400E+02    1.01173E+01    4.03733E-05
    3.25500E+02    9.79313E+00    5.58337E-05
    3.25600E+02    9.41381E+00    8.15898E-05
    3.25700E+02    8.99727E+00    1.23747E-04
    3.25800E+02    8.56106E+00    1.91415E-04
    3.25900E+02    8.11734E+00    2.98320E-04
    3.26000E+02    7.67650E+00    4.63597E-04
    3.26100E+02    7.24595E+00    7.13057E-04
    3.26200E+02    6.83083E+00    1.07996E-03
    3.26300E+02    6.43551E+00    1.60359E-03
    3.26400E+02    6.06301E+00    2.32738E-03
    3.26500E+02    5.71432E+00    3.29839E-03
    3.26600E+02    5.38615E+00    4.57955E-03
    3.26700E+02    5.08814E+00    6.16946E-03
    3.26800E+02    4.83246E+00    7.96693E-03
    3.26900E+02    4.83840E+00    7.91974E-03
    3.27000E+02    4.32279E+00    1.32628E-02
    3.27100E+02    4.06478E+00    1.71668E-02
    3.27200E+02    3.84487E+00    2.13891E-02
    3.27300E+02    3.64640E+00    2.60850E-02
    3.27400E+02    3.46475E+00    3.12809E-02
    3.27500E+02    3.29777E+00    3.69654E-02
    3.27600E+02    3.14434E+00    4.30953E-02
    3.27700E+02    3.00502E+00    4.95376E-02
    3.27800E+02    2.88548E+00    5.58277E-02
    3.27900E+02    2.75980E+00    6.33045E-02
    3.28000E+02    2.63544E+00    7.16875E-02
    3.28100E+02    2.52732E+00    7.98728E-02
    3.28200E+02    2.42830E+00    8.81869E-02
    3.28300E+02    2.33656E+00    9.66600E-02
    3.28400E+02    2.25127E+00    1.05265E-01
    3.28500E+02    2.17197E+00    1.13953E-01
    3.28600E+02    2.09782E+00    1.22724E-01
    3.28700E+02    2.02859E+00    1.31521E-01
    3.28800E+02    1.96395E+00    1.40303E-01
    3.28900E+02    1.90339E+00    1.49062E-01
    3.29000E+02    1.84670E+00    1.57757E-01
    3.29100E+02    1.79357E+00    1.66365E-01
    3.29200E+02    1.74356E+00    1.74896E-01
    3.29300E+02    1.69672E+00    1.83284E-01
    3.29400E+02    1.65240E+00    1.91589E-01
    3.29500E+02    1.61083E+00    1.99722E-01
    3.29600E+02    1.57177E+00    2.07677E-01
    3.29700E+02    1.53487E+00    2.15485E-01
    3.29800E+02    1.50084E+00    2.22942E-01
    3.29900E+02    1.46688E+00    2.30643E-01
    3.30000E+02    1.43556E+00    2.37982E-01
    3.30100E+02    1.40603E+00    2.45114E-01
    3.30200E+02    1.37810E+00    2.52057E-01
    3.30300E+02    1.35161E+00    2.58823E-01
    3.30400E+02    1.32653E+00    2.65398E-01
    3.30500E+02    1.30266E+00    2.71807E-01
    3.30600E+02    1.28007E+00    2.78018E-01
    3.30700E+02    1.25860E+00    2.84052E-01
    3.30800E+02    1.23813E+00    2.89926E-01
    3.30900E+02    1.21871E+00    2.95611E-01
    3.31000E+02    1.20027E+00    3.01112E-01
    3.31100E+02    1.18267E+00    3.06459E-01
    3.31200E+02    1.16588E+00    3.11647E-01
    3.31300E+02    1.14992E+00    3.16662E-01
    3.31400E+02    1.13471E+00    3.21517E-01
    3.31500E+02    1.12026E+00    3.26195E-01
    3.31600E+02    1.10649E+00    3.30718E-01
    3.31700E+02    1.09345E+00    3.35058E-01
    3.31800E+02    1.08171E+00    3.39015E-01
    3.31900E+02    1.06915E+00    3.43301E-01
    3.32000E+02    1.05792E+00    3.47176E-01
    3.32100E+02    1.04764E+00    3.50765E-01
    3.32200E+02    1.03792E+00    3.54189E-01
    3.32300E+02    1.02949E+00    3.57188E-01
    3.32400E+02    1.02304E+00    3.59500E-01
    3.32500E+02    1.02089E+00    3.60276E-01
    3.32600E+02    1.03298E+00    3.55943E-01
    3.32700E+02    1.19648E+00    3.02257E-01
    3.32800E+02    1.03498E+00    3.55235E-01
    3.32900E+02    1.04120E+00    3.53031E-01
    3.33000E+02    9.83257E-01    3.74091E-01
    3.33100E+02    9.65911E-01    3.80636E-01
    3.33200E+02    9.54760E-01    3.84905E-01
    3.33300E+02    9.45820E-01    3.88361E-01
    3.33400E+02    9.38062E-01    3.91386E-01
    3.33500E+02    9.30931E-01    3.94186E-01
    3.33600E+02    9.24387E-01    3.96774E-01
    3.33700E+02    9.18197E-01    3.99238E-01
    3.33800E+02    9.12397E-01    4.01560E-01
    3.33900E+02    9.06941E-01    4.03757E-01
    3.34000E+02    9.01706E-01    4.05877E-01
    3.34100E+02    8.96481E-01    4.08003E-01
    3.34200E+02    8.91611E-01    4.09995E-01
    3.34300E+02    8.87028E-01    4.11878E-01
    3.34400E+02    8.82574E-01    4.13717E-01
    3.34500E+02    8.78386E-01    4.15453E-01
    3.34600E+02    8.74376E-01    4.17122E-01
    3.34700E+02    8.70597E-01    4.18702E-01
    3.34800E+02    8.66993E-01    4.20213E-01
    3.34900E+02    8.63728E-01    4.21588E-01
    3.35000E+02    8.60955E-01    4.22758E-01
    3.35100E+02    8.59398E-01    4.23417E-01
    3.35200E+02    8.62697E-01    4.22022E-01
    3.35300E+02    8.70697E-01    4.18660E-01
    3.35400E+02    8.51446E-01    4.26797E-01
    3.35500E+02    8.45650E-01    4.29278E-01
    3.35600E+02    8.41845E-01    4.30915E-01
    3.35700E+02    8.38953E-01    4.32163E-01
    3.35800E+02    8.35482E-01    4.33665E-01
    3.35900E+02    8.33061E-01    4.34716E-01
    3.36000E+02    8.29929E-01    4.36080E-01
    3.36100E+02    8.27314E-01    4.37222E-01
    3.36200E+02    8.25240E-01    4.38130E-01
    3.36300E+02    8.22442E-01    4.39357E-01
    3.36400E+02    8.20127E-01    4.40376E-01
    3.36500E+02    8.17918E-01    4.41350E-01
    3.36600E+02    8.15821E-01    4.42276E-01
    3.36700E+02    8.13786E-01    4.43177E-01
    3.36800E+02    8.11850E-01    4.44036E-01
    3.36900E+02    8.10018E-01    4.44850E-01
    3.37000E+02    8.08237E-01    4.45643E-01
    3.37100E+02    8.06674E-01    4.46340E-01
    3.37200E+02    8.05042E-01    4.47069E-01
    3.37300E+02    8.03452E-01    4.47780E-01
    3.37400E+02    8.01962E-01    4.48448E-01
    3.37500E+02    8.00668E-01    4.49029E-01
    3.37600E+02    7.99629E-01    4.49496E-01
    3.37700E+02    7.98080E-01    4.50193E-01
    3.37800E+02    7.96599E-01    4.50860E-01
    3.37900E+02    7.95347E-01    4.51425E-01
    3.38000E+02    7.94190E-01    4.51947E-01
    3.38100E+02    7.93133E-01    4.52425E-01
    3.38200E+02    7.92097E-01    4.52894E-01
    3.38300E+02    7.91210E-01    4.53296E-01
    3.38400E+02    7.90286E-01    4.53715E-01
    3.38500E+02    7.89414E-01    4.54111E-01
    3.38600E+02    7.88751E-01    4.54412E-01
    3.38700E+02    7.89339E-01    4.54145E-01
    3.38800E+02    7.87451E-01    4.55003E-01
    3.38900E+02    7.86436E-01    4.55465E-01
    3.39000E+02    7.85653E-01    4.55822E-01
    3.39100E+02    7.84988E-01    4.56125E-01
    3.39200E+02    7.84393E-01    4.56397E-01
    3.39300E+02    7.83839E-01    4.56650E-01
    3.39400E+02    7.83333E-01    4.56881E-01
    3.39500E+02    7.82863E-01    4.57095E-01
    3.39600E+02    7.82434E-01    4.57292E-01
    3.39700E+02    7.82041E-01    4.57471E-01
    3.39800E+02    7.81698E-01    4.57628E-01
    3.39900E+02    7.81400E-01    4.57765E-01
    3.40000E+02    7.81074E-01    4.57914E-01
    3.40100E+02    7.80809E-01    4.58035E-01
    3.40200E+02    7.80585E-01    4.58138E-01
    3.40300E+02    7.80389E-01    4.58228E-01
    3.40400E+02    7.80232E-01    4.58300E-01
    3.40500E+02    7.80116E-01    4.58353E-01
    3.40600E+02    7.80112E-01    4.58355E-01
    3.40700E+02    7.80349E-01    4.58246E-01
    3.40800E+02    7.79918E-01    4.58443E-01
    3.40900E+02    7.79852E-01    4.58474E-01
    3.41000E+02    7.79841E-01    4.58479E-01
    3.41100E+02    7.79868E-01    4.58467E-01
    3.41200E+02    7.79927E-01    4.58439E-01
    3.41300E+02    7.80015E-01    4.58399E-01
    3.41400E+02    7.80130E-01    4.58346E-01
    3.41500E+02    7.80277E-01    4.58279E-01
    3.41600E+02    7.80450E-01    4.58200E-01
    3.41700E+02    7.80657E-01    4.58105E-01
    3.41800E+02    7.80930E-01    4.57980E-01
    3.41900E+02    7.81386E-01    4.57771E-01
    3.42000E+02    7.81519E-01    4.57710E-01
    3.42100E+02    7.82299E-01    4.57354E-01
    3.42200E+02    7.82162E-01    4.57416E-01
    3.42300E+02    7.82528E-01    4.57249E-01
    3.42400E+02    7.82964E-01    4.57049E-01
    3.42500E+02    7.83502E-01    4.56804E-01
    3.42600E+02    7.84032E-01    4.56561E-01
    3.42700E+02    7.84746E-01    4.56235E-01
    3.42800E+02    7.85698E-01    4.55802E-01
    3.42900E+02    7.87070E-01    4.55177E-01
    3.43000E+02    7.89596E-01    4.54028E-01
    3.43100E+02    7.96388E-01    4.50955E-01
    3.43200E+02    8.23852E-01    4.38738E-01
    3.43300E+02    8.05483E-01    4.46872E-01
    3.43400E+02    7.95709E-01    4.51261E-01
    3.43500E+02    8.05839E-01    4.46713E-01
    3.43600E+02    7.92888E-01    4.52536E-01
    3.43700E+02    7.91045E-01    4.53371E-01
    3.43800E+02    7.90722E-01    4.53517E-01
    3.43900E+02    7.90883E-01    4.53444E-01
    3.44000E+02    7.91204E-01    4.53299E-01
    3.44100E+02    7.91658E-01    4.53093E-01
    3.44200E+02    7.92189E-01    4.52853E-01
    3.44300E+02    7.92772E-01    4.52589E-01
    3.44400E+02    7.93404E-01    4.52303E-01
    3.44500E+02    7.94075E-01    4.51999E-01
    3.44600E+02    7.94803E-01    4.51670E-01
    3.44700E+02    7.95522E-01    4.51346E-01
    3.44800E+02    7.96321E-01    4.50985E-01
    3.44900E+02    7.97101E-01    4.50634E-01
    3.45000E+02    7.97825E-01    4.50308E-01
    3.45100E+02    7.98619E-01    4.49950E-01
    3.45200E+02    7.99448E-01    4.49577E-01
    3.45300E+02    8.00292E-01    4.49198E-01
    3.45400E+02    8.01162E-01    4.48807E-01
    3.45500E+02    8.02048E-01    4.48410E-01
    3.45600E+02    8.02958E-01    4.48002E-01
    3.45700E+02    8.03880E-01    4.47589E-01
    3.45800E+02    8.04821E-01    4.47168E-01
    3.45900E+02    8.05786E-01    4.46736E-01
    3.46000E+02    8.06762E-01    4.46301E-01
    3.46100E+02    8.07765E-01    4.45854E-01
    3.46200E+02    8.08785E-01    4.45399E-01
    3.46300E+02    8.09793E-01    4.44950E-01
    3.46400E+02    8.10864E-01    4.44474E-01
    3.46500E+02    8.11888E-01    4.44019E-01
    3.46600E+02    8.13014E-01    4.43519E-01
    3.46700E+02    8.14089E-01    4.43043E-01
    3.46800E+02    8.15250E-01    4.42529E-01
    3.46900E+02    8.16439E-01    4.42003E-01
    3.47000E+02    8.17518E-01    4.41526E-01
    3.47100E+02    8.18712E-01    4.40999E-01
    3.47200E+02    8.20120E-01    4.40379E-01
    3.47300E+02    8.21150E-01    4.39926E-01
    3.47400E+02    8.22260E-01    4.39437E-01
    3.47500E+02    8.23455E-01    4.38913E-01
    3.47600E+02    8.24723E-01    4.38356E-01
    3.47700E+02    8.26034E-01    4.37782E-01
    3.47800E+02    8.27705E-01    4.37051E-01
    3.47900E+02    8.28623E-01    4.36650E-01
    3.48000E+02    8.29993E-01    4.36052E-01
    3.48100E+02    8.31230E-01    4.35513E-01
    3.48200E+02    8.32571E-01    4.34930E-01
    3.48300E+02    8.33913E-01    4.34346E-01
    3.48400E+02    8.35318E-01    4.33737E-01
    3.48500E+02    8.36745E-01    4.33118E-01
    3.48600E+02    8.38267E-01    4.32459E-01
    3.48700E+02    8.39587E-01    4.31889E-01
    3.48800E+02    8.41077E-01    4.31246E-01
    3.48900E+02    8.42546E-01    4.30613E-01
    3.49000E+02    8.44324E-01    4.29848E-01
    3.49100E+02    8.45571E-01    4.29312E-01
    3.49200E+02    8.47120E-01    4.28648E-01
    3.49300E+02    8.48712E-01    4.27966E-01
    3.49400E+02    8.50410E-01    4.27240E-01
    3.49500E+02    8.52310E-01    4.26429E-01
    3.49600E+02    8.54302E-01    4.25580E-01
    3.49700E+02    8.57660E-01    4.24154E-01
    3.49800E+02    8.58838E-01    4.23654E-01
    3.49900E+02    8.59035E-01    4.23571E-01
