    1.49900E+02    1.07068E-01    8.98464E-01
    1.50000E+02    1.07289E-01    8.98266E-01
    1.50100E+02    1.07508E-01    8.98069E-01
    1.50200E+02    1.07677E-01    8.97917E-01
    1.50300E+02    1.07893E-01    8.97723E-01
    1.50400E+02    1.08085E-01    8.97551E-01
    1.50500E+02    1.08292E-01    8.97366E-01
    1.50600E+02    1.08504E-01    8.97176E-01
    1.50700E+02    1.08722E-01    8.96979E-01
    1.50800E+02    1.08939E-01    8.96785E-01
    1.50900E+02    1.09158E-01    8.96589E-01
    1.51000E+02    1.09378E-01    8.96392E-01
    1.51100E+02    1.09606E-01    8.96187E-01
    1.51200E+02    1.09826E-01    8.95990E-01
    1.51300E+02    1.10054E-01    8.95786E-01
    1.51400E+02    1.10278E-01    8.95585E-01
    1.51500E+02    1.10502E-01    8.95384E-01
    1.51600E+02    1.10731E-01    8.95179E-01
    1.51700E+02    1.10955E-01    8.94979E-01
    1.51800E+02    1.11178E-01    8.94780E-01
    1.51900E+02    1.11406E-01    8.94575E-01
    1.52000E+02    1.11631E-01    8.94374E-01
    1.52100E+02    1.11861E-01    8.94169E-01
    1.52200E+02    1.12083E-01    8.93970E-01
    1.52300E+02    1.12316E-01    8.93762E-01
    1.52400E+02    1.12548E-01    8.93555E-01
    1.52500E+02    1.12788E-01    8.93340E-01
    1.52600E+02    1.13023E-01    8.93130E-01
    1.52700E+02    1.13267E-01    8.92912E-01
    1.52800E+02    1.13511E-01    8.92694E-01
    1.52900E+02    1.13765E-01    8.92467E-01
    1.53000E+02    1.14027E-01    8.92234E-01
    1.53100E+02    1.14294E-01    8.91996E-01
    1.53200E+02    1.14565E-01    8.91754E-01
    1.53300E+02    1.14858E-01    8.91493E-01
    1.53400E+02    1.15178E-01    8.91208E-01
    1.53500E+02    1.15559E-01    8.90868E-01
    1.53600E+02    1.16062E-01    8.90420E-01
    1.53700E+02    1.17373E-01    8.89253E-01
    1.53800E+02    1.17562E-01    8.89085E-01
    1.53900E+02    1.19566E-01    8.87305E-01
    1.54000E+02    1.23561E-01    8.83768E-01
    1.54100E+02    1.21855E-01    8.85276E-01
    1.54200E+02    1.18719E-01    8.88057E-01
    1.54300E+02    1.18128E-01    8.88582E-01
    1.54400E+02    1.18027E-01    8.88672E-01
    1.54500E+02    1.18110E-01    8.88598E-01
    1.54600E+02    1.18279E-01    8.88449E-01
    1.54700E+02    1.18549E-01    8.88208E-01
    1.54800E+02    1.18781E-01    8.88002E-01
    1.54900E+02    1.19022E-01    8.87788E-01
    1.55000E+02    1.19283E-01    8.87557E-01
    1.55100E+02    1.19548E-01    8.87321E-01
    1.55200E+02    1.19820E-01    8.87080E-01
    1.55300E+02    1.20093E-01    8.86838E-01
    1.55400E+02    1.20376E-01    8.86587E-01
    1.55500E+02    1.20665E-01    8.86330E-01
    1.55600E+02    1.20959E-01    8.86070E-01
    1.55700E+02    1.21264E-01    8.85800E-01
    1.55800E+02    1.21579E-01    8.85521E-01
    1.55900E+02    1.21946E-01    8.85196E-01
    1.56000E+02    1.22399E-01    8.84795E-01
    1.56100E+02    1.24303E-01    8.83112E-01
    1.56200E+02    1.23047E-01    8.84222E-01
    1.56300E+02    1.23155E-01    8.84126E-01
    1.56400E+02    1.23428E-01    8.83886E-01
    1.56500E+02    1.23830E-01    8.83530E-01
    1.56600E+02    1.24018E-01    8.83364E-01
    1.56700E+02    1.24322E-01    8.83095E-01
    1.56800E+02    1.24624E-01    8.82829E-01
    1.56900E+02    1.24938E-01    8.82552E-01
    1.57000E+02    1.25278E-01    8.82252E-01
    1.57100E+02    1.25597E-01    8.81970E-01
    1.57200E+02    1.25948E-01    8.81660E-01
    1.57300E+02    1.26355E-01    8.81302E-01
    1.57400E+02    1.26605E-01    8.81082E-01
    1.57500E+02    1.26931E-01    8.80794E-01
    1.57600E+02    1.27271E-01    8.80495E-01
    1.57700E+02    1.27617E-01    8.80190E-01
    1.57800E+02    1.27965E-01    8.79885E-01
    1.57900E+02    1.28317E-01    8.79574E-01
    1.58000E+02    1.28676E-01    8.79259E-01
    1.58100E+02    1.29039E-01    8.78940E-01
    1.58200E+02    1.29400E-01    8.78622E-01
    1.58300E+02    1.29774E-01    8.78294E-01
    1.58400E+02    1.30155E-01    8.77959E-01
    1.58500E+02    1.30619E-01    8.77552E-01
    1.58600E+02    1.30964E-01    8.77249E-01
    1.58700E+02    1.31275E-01    8.76977E-01
    1.58800E+02    1.31653E-01    8.76646E-01
    1.58900E+02    1.32034E-01    8.76311E-01
    1.59000E+02    1.32420E-01    8.75973E-01
    1.59100E+02    1.32825E-01    8.75618E-01
    1.59200E+02    1.33232E-01    8.75262E-01
    1.59300E+02    1.33624E-01    8.74919E-01
    1.59400E+02    1.34024E-01    8.74569E-01
    1.59500E+02    1.34452E-01    8.74194E-01
    1.59600E+02    1.34849E-01    8.73848E-01
    1.59700E+02    1.35250E-01    8.73497E-01
    1.59800E+02    1.35678E-01    8.73124E-01
    1.59900E+02    1.36115E-01    8.72742E-01
    1.60000E+02    1.36540E-01    8.72371E-01
    1.60100E+02    1.36967E-01    8.71999E-01
    1.60200E+02    1.37405E-01    8.71617E-01
    1.60300E+02    1.37836E-01    8.71241E-01
    1.60400E+02    1.38299E-01    8.70838E-01
    1.60500E+02    1.38742E-01    8.70453E-01
    1.60600E+02    1.39192E-01    8.70061E-01
    1.60700E+02    1.39655E-01    8.69658E-01
    1.60800E+02    1.40115E-01    8.69258E-01
    1.60900E+02    1.40584E-01    8.68850E-01
    1.61000E+02    1.41064E-01    8.68434E-01
    1.61100E+02    1.41548E-01    8.68013E-01
    1.61200E+02    1.42041E-01    8.67586E-01
    1.61300E+02    1.42538E-01    8.67154E-01
    1.61400E+02    1.43024E-01    8.66733E-01
    1.61500E+02    1.43524E-01    8.66300E-01
    1.61600E+02    1.44031E-01    8.65861E-01
    1.61700E+02    1.44552E-01    8.65410E-01
    1.61800E+02    1.45068E-01    8.64963E-01
    1.61900E+02    1.45599E-01    8.64504E-01
    1.62000E+02    1.46130E-01    8.64045E-01
    1.62100E+02    1.46671E-01    8.63578E-01
    1.62200E+02    1.47217E-01    8.63107E-01
    1.62300E+02    1.47778E-01    8.62623E-01
    1.62400E+02    1.48327E-01    8.62149E-01
    1.62500E+02    1.48896E-01    8.61659E-01
    1.62600E+02    1.49471E-01    8.61163E-01
    1.62700E+02    1.50050E-01    8.60665E-01
    1.62800E+02    1.50641E-01    8.60156E-01
    1.62900E+02    1.51238E-01    8.59643E-01
    1.63000E+02    1.51850E-01    8.59117E-01
    1.63100E+02    1.52474E-01    8.58581E-01
    1.63200E+02    1.53134E-01    8.58015E-01
    1.63300E+02    1.53783E-01    8.57458E-01
    1.63400E+02    1.54373E-01    8.56952E-01
    1.63500E+02    1.55015E-01    8.56402E-01
    1.63600E+02    1.55679E-01    8.55834E-01
    1.63700E+02    1.56350E-01    8.55260E-01
    1.63800E+02    1.57039E-01    8.54671E-01
    1.63900E+02    1.57745E-01    8.54068E-01
    1.64000E+02    1.58472E-01    8.53447E-01
    1.64100E+02    1.59208E-01    8.52819E-01
    1.64200E+02    1.59981E-01    8.52160E-01
    1.64300E+02    1.60790E-01    8.51471E-01
    1.64400E+02    1.61651E-01    8.50738E-01
    1.64500E+02    1.62598E-01    8.49932E-01
    1.64600E+02    1.63706E-01    8.48991E-01
    1.64700E+02    1.65203E-01    8.47722E-01
    1.64800E+02    1.67740E-01    8.45573E-01
    1.64900E+02    1.75019E-01    8.39441E-01
    1.65000E+02    1.76393E-01    8.38288E-01
    1.65100E+02    1.70353E-01    8.43367E-01
    1.65200E+02    1.69823E-01    8.43814E-01
    1.65300E+02    1.70442E-01    8.43292E-01
    1.65400E+02    1.71669E-01    8.42258E-01
    1.65500E+02    1.73722E-01    8.40530E-01
    1.65600E+02    1.77700E-01    8.37194E-01
    1.65700E+02    1.89460E-01    8.27406E-01
    1.65800E+02    2.32528E-01    7.92528E-01
    1.65900E+02    1.85876E-01    8.30376E-01
    1.66000E+02    1.79683E-01    8.35535E-01
    1.66100E+02    1.78177E-01    8.36795E-01
    1.66200E+02    1.78258E-01    8.36727E-01
    1.66300E+02    1.78271E-01    8.36716E-01
    1.66400E+02    1.78798E-01    8.36275E-01
    1.66500E+02    1.79531E-01    8.35662E-01
    1.66600E+02    1.80494E-01    8.34858E-01
    1.66700E+02    1.81198E-01    8.34270E-01
    1.66800E+02    1.82101E-01    8.33517E-01
    1.66900E+02    1.83066E-01    8.32714E-01
    1.67000E+02    1.84074E-01    8.31874E-01
    1.67100E+02    1.85140E-01    8.30988E-01
    1.67200E+02    1.86254E-01    8.30062E-01
    1.67300E+02    1.87464E-01    8.29059E-01
    1.67400E+02    1.88875E-01    8.27890E-01
    1.67500E+02    1.91168E-01    8.25994E-01
    1.67600E+02    1.94444E-01    8.23292E-01
    1.67700E+02    1.92618E-01    8.24797E-01
    1.67800E+02    1.93260E-01    8.24268E-01
    1.67900E+02    1.94272E-01    8.23434E-01
    1.68000E+02    1.95414E-01    8.22494E-01
    1.68100E+02    1.96619E-01    8.21504E-01
    1.68200E+02    1.97863E-01    8.20482E-01
    1.68300E+02    1.99149E-01    8.19428E-01
    1.68400E+02    2.00469E-01    8.18347E-01
    1.68500E+02    2.01818E-01    8.17244E-01
    1.68600E+02    2.03202E-01    8.16113E-01
    1.68700E+02    2.04621E-01    8.14956E-01
    1.68800E+02    2.06091E-01    8.13759E-01
    1.68900E+02    2.07736E-01    8.12422E-01
    1.69000E+02    2.09498E-01    8.10991E-01
    1.69100E+02    2.10625E-01    8.10078E-01
    1.69200E+02    2.12095E-01    8.08887E-01
    1.69300E+02    2.13659E-01    8.07624E-01
    1.69400E+02    2.15261E-01    8.06331E-01
    1.69500E+02    2.16908E-01    8.05004E-01
    1.69600E+02    2.18603E-01    8.03641E-01
    1.69700E+02    2.20325E-01    8.02258E-01
    1.69800E+02    2.22122E-01    8.00818E-01
    1.69900E+02    2.23932E-01    7.99369E-01
    1.70000E+02    2.25825E-01    7.97858E-01
    1.70100E+02    2.27566E-01    7.96470E-01
    1.70200E+02    2.29470E-01    7.94955E-01
    1.70300E+02    2.31539E-01    7.93312E-01
    1.70400E+02    2.33403E-01    7.91835E-01
    1.70500E+02    2.35436E-01    7.90227E-01
    1.70600E+02    2.37512E-01    7.88587E-01
    1.70700E+02    2.39646E-01    7.86906E-01
    1.70800E+02    2.41827E-01    7.85192E-01
    1.70900E+02    2.44066E-01    7.83436E-01
    1.71000E+02    2.46366E-01    7.81636E-01
    1.71100E+02    2.48727E-01    7.79792E-01
    1.71200E+02    2.51155E-01    7.77902E-01
    1.71300E+02    2.53710E-01    7.75917E-01
    1.71400E+02    2.57165E-01    7.73240E-01
    1.71500E+02    2.58808E-01    7.71971E-01
    1.71600E+02    2.61274E-01    7.70070E-01
    1.71700E+02    2.63903E-01    7.68048E-01
    1.71800E+02    2.66637E-01    7.65951E-01
    1.71900E+02    2.69454E-01    7.63796E-01
    1.72000E+02    2.72345E-01    7.61592E-01
    1.72100E+02    2.75308E-01    7.59338E-01
    1.72200E+02    2.78355E-01    7.57028E-01
    1.72300E+02    2.81475E-01    7.54669E-01
    1.72400E+02    2.84683E-01    7.52252E-01
    1.72500E+02    2.87979E-01    7.49777E-01
    1.72600E+02    2.91362E-01    7.47245E-01
    1.72700E+02    2.94845E-01    7.44647E-01
    1.72800E+02    2.98440E-01    7.41975E-01
    1.72900E+02    3.02102E-01    7.39263E-01
    1.73000E+02    3.05893E-01    7.36466E-01
    1.73100E+02    3.09813E-01    7.33584E-01
    1.73200E+02    3.13895E-01    7.30596E-01
    1.73300E+02    3.18292E-01    7.27390E-01
    1.73400E+02    3.23158E-01    7.23860E-01
    1.73500E+02    3.30441E-01    7.18607E-01
    1.73600E+02    3.31604E-01    7.17772E-01
    1.73700E+02    3.35709E-01    7.14831E-01
    1.73800E+02    3.40276E-01    7.11574E-01
    1.73900E+02    3.45079E-01    7.08164E-01
    1.74000E+02    3.50073E-01    7.04637E-01
    1.74100E+02    3.55231E-01    7.01012E-01
    1.74200E+02    3.60577E-01    6.97274E-01
    1.74300E+02    3.66087E-01    6.93443E-01
    1.74400E+02    3.71787E-01    6.89501E-01
    1.74500E+02    3.77696E-01    6.85439E-01
    1.74600E+02    3.83792E-01    6.81273E-01
    1.74700E+02    3.90100E-01    6.76989E-01
    1.74800E+02    3.96668E-01    6.72557E-01
    1.74900E+02    4.03528E-01    6.67959E-01
    1.75000E+02    4.10802E-01    6.63118E-01
    1.75100E+02    4.19059E-01    6.57665E-01
    1.75200E+02    4.31231E-01    6.49709E-01
    1.75300E+02    4.34891E-01    6.47335E-01
    1.75400E+02    4.46082E-01    6.40131E-01
    1.75500E+02    4.53370E-01    6.35483E-01
    1.75600E+02    4.58567E-01    6.32189E-01
    1.75700E+02    4.66616E-01    6.27121E-01
    1.75800E+02    4.75468E-01    6.21594E-01
    1.75900E+02    4.84844E-01    6.15793E-01
    1.76000E+02    4.94646E-01    6.09787E-01
    1.76100E+02    5.04876E-01    6.03581E-01
    1.76200E+02    5.15546E-01    5.97175E-01
    1.76300E+02    5.26656E-01    5.90577E-01
    1.76400E+02    5.38401E-01    5.83681E-01
    1.76500E+02    5.50243E-01    5.76810E-01
    1.76600E+02    5.62769E-01    5.69630E-01
    1.76700E+02    5.75813E-01    5.62247E-01
    1.76800E+02    5.89455E-01    5.54629E-01
    1.76900E+02    6.03684E-01    5.46794E-01
    1.77000E+02    6.18544E-01    5.38728E-01
    1.77100E+02    6.34062E-01    5.30433E-01
    1.77200E+02    6.50264E-01    5.21908E-01
    1.77300E+02    6.67191E-01    5.13148E-01
    1.77400E+02    6.84937E-01    5.04122E-01
    1.77500E+02    7.03478E-01    4.94861E-01
    1.77600E+02    7.22930E-01    4.85328E-01
    1.77700E+02    7.43326E-01    4.75530E-01
    1.77800E+02    7.64716E-01    4.65466E-01
    1.77900E+02    7.87150E-01    4.55140E-01
    1.78000E+02    8.10733E-01    4.44532E-01
    1.78100E+02    8.35535E-01    4.33642E-01
    1.78200E+02    8.61604E-01    4.22484E-01
    1.78300E+02    8.89028E-01    4.11055E-01
    1.78400E+02    9.17954E-01    3.99335E-01
    1.78500E+02    9.48510E-01    3.87318E-01
    1.78600E+02    9.80873E-01    3.74984E-01
    1.78700E+02    1.01460E+00    3.62546E-01
    1.78800E+02    1.05040E+00    3.49799E-01
    1.78900E+02    1.08832E+00    3.36781E-01
    1.79000E+02    1.12847E+00    3.23528E-01
    1.79100E+02    1.17100E+00    3.10055E-01
    1.79200E+02    1.21611E+00    2.96382E-01
    1.79300E+02    1.26400E+00    2.82521E-01
    1.79400E+02    1.31482E+00    2.68522E-01
    1.79500E+02    1.36893E+00    2.54380E-01
    1.79600E+02    1.42646E+00    2.40158E-01
    1.79700E+02    1.48777E+00    2.25875E-01
    1.79800E+02    1.55311E+00    2.11588E-01
    1.79900E+02    1.62292E+00    1.97321E-01
    1.80000E+02    1.69852E+00    1.82954E-01
    1.80100E+02    1.77704E+00    1.69138E-01
    1.80200E+02    1.86214E+00    1.55339E-01
    1.80300E+02    1.95335E+00    1.41798E-01
    1.80400E+02    2.05114E+00    1.28588E-01
    1.80500E+02    2.15605E+00    1.15782E-01
    1.80600E+02    2.26870E+00    1.03447E-01
    1.80700E+02    2.38972E+00    9.16555E-02
    1.80800E+02    2.51979E+00    8.04768E-02
    1.80900E+02    2.65971E+00    6.99684E-02
    1.81000E+02    2.81030E+00    6.01867E-02
    1.81100E+02    2.97234E+00    5.11832E-02
    1.81200E+02    3.14680E+00    4.29894E-02
    1.81300E+02    3.33456E+00    3.56304E-02
    1.81400E+02    3.53665E+00    2.91108E-02
    1.81500E+02    3.75392E+00    2.34258E-02
    1.81600E+02    3.98730E+00    1.85497E-02
    1.81700E+02    4.23766E+00    1.44413E-02
    1.81800E+02    4.50576E+00    1.10452E-02
    1.81900E+02    4.79185E+00    8.29706E-03
    1.82000E+02    5.09665E+00    6.11721E-03
    1.82100E+02    5.41954E+00    4.42918E-03
    1.82200E+02    5.76078E+00    3.14867E-03
    1.82300E+02    6.11676E+00    2.20558E-03
    1.82400E+02    6.48675E+00    1.52349E-03
    1.82500E+02    6.86661E+00    1.04200E-03
    1.82600E+02    7.25192E+00    7.08809E-04
    1.82700E+02    7.63545E+00    4.83022E-04
    1.82800E+02    8.00863E+00    3.32581E-04
    1.82900E+02    8.36066E+00    2.33890E-04
    1.83000E+02    8.67760E+00    1.70359E-04
    1.83100E+02    8.94370E+00    1.30557E-04
    1.83200E+02    9.13961E+00    1.07329E-04
    1.83300E+02    9.23609E+00    9.74581E-05
    1.83400E+02    9.18633E+00    1.02430E-04
    1.83500E+02    9.02725E+00    1.20092E-04
    1.83600E+02    8.79171E+00    1.51987E-04
    1.83700E+02    8.50000E+00    2.03469E-04
    1.83800E+02    8.16936E+00    2.83199E-04
    1.83900E+02    7.81305E+00    4.04423E-04
    1.84000E+02    7.44260E+00    5.85760E-04
    1.84100E+02    7.06787E+00    8.52049E-04
    1.84200E+02    6.69773E+00    1.23371E-03
    1.84300E+02    6.34341E+00    1.75829E-03
    1.84400E+02    6.01781E+00    2.43499E-03
    1.84500E+02    5.64278E+00    3.54301E-03
    1.84600E+02    5.31437E+00    4.92039E-03
    1.84700E+02    5.01064E+00    6.66661E-03
    1.84800E+02    4.72101E+00    8.90615E-03
    1.84900E+02    4.44480E+00    1.17395E-02
    1.85000E+02    4.18980E+00    1.51493E-02
    1.85100E+02    3.95221E+00    1.92121E-02
    1.85200E+02    3.73081E+00    2.39733E-02
    1.85300E+02    3.52476E+00    2.94587E-02
    1.85400E+02    3.33291E+00    3.56890E-02
    1.85500E+02    3.15500E+00    4.26386E-02
    1.85600E+02    2.98918E+00    5.03285E-02
    1.85700E+02    2.83385E+00    5.87861E-02
    1.85800E+02    2.68993E+00    6.78855E-02
    1.85900E+02    2.55605E+00    7.76106E-02
    1.86000E+02    2.43136E+00    8.79174E-02
    1.86100E+02    2.31524E+00    9.87427E-02
    1.86200E+02    2.20691E+00    1.10040E-01
    1.86300E+02    2.10589E+00    1.21738E-01
    1.86400E+02    2.01154E+00    1.33783E-01
    1.86500E+02    1.92336E+00    1.46116E-01
    1.86600E+02    1.84080E+00    1.58690E-01
    1.86700E+02    1.76355E+00    1.71435E-01
    1.86800E+02    1.69121E+00    1.84296E-01
    1.86900E+02    1.62334E+00    1.97239E-01
    1.87000E+02    1.55965E+00    2.10211E-01
    1.87100E+02    1.50012E+00    2.23104E-01
    1.87200E+02    1.44374E+00    2.36043E-01
    1.87300E+02    1.39049E+00    2.48954E-01
    1.87400E+02    1.34051E+00    2.61711E-01
    1.87500E+02    1.29341E+00    2.74333E-01
    1.87600E+02    1.24902E+00    2.86787E-01
    1.87700E+02    1.20705E+00    2.99078E-01
    1.87800E+02    1.16746E+00    3.11157E-01
    1.87900E+02    1.13030E+00    3.22935E-01
    1.88000E+02    1.09433E+00    3.34764E-01
    1.88100E+02    1.06059E+00    3.46252E-01
    1.88200E+02    1.02864E+00    3.57491E-01
    1.88300E+02    9.98338E-01    3.68491E-01
    1.88400E+02    9.69562E-01    3.79249E-01
    1.88500E+02    9.42177E-01    3.89778E-01
    1.88600E+02    9.16152E-01    4.00056E-01
    1.88700E+02    8.91389E-01    4.10086E-01
    1.88800E+02    8.67866E-01    4.19847E-01
    1.88900E+02    8.45600E-01    4.29300E-01
    1.89000E+02    8.23945E-01    4.38698E-01
    1.89100E+02    8.03471E-01    4.47772E-01
    1.89200E+02    7.83911E-01    4.56617E-01
    1.89300E+02    7.65282E-01    4.65203E-01
    1.89400E+02    7.47383E-01    4.73605E-01
    1.89500E+02    7.30317E-01    4.81756E-01
    1.89600E+02    7.14017E-01    4.89673E-01
    1.89700E+02    6.98362E-01    4.97399E-01
    1.89800E+02    6.83363E-01    5.04916E-01
    1.89900E+02    6.69004E-01    5.12218E-01
    1.90000E+02    6.55230E-01    5.19322E-01
    1.90100E+02    6.42004E-01    5.26237E-01
    1.90200E+02    6.29318E-01    5.32955E-01
    1.90300E+02    6.17184E-01    5.39461E-01
    1.90400E+02    6.05475E-01    5.45815E-01
    1.90500E+02    5.94346E-01    5.51923E-01
    1.90600E+02    5.83780E-01    5.57786E-01
    1.90700E+02    5.73041E-01    5.63808E-01
    1.90800E+02    5.62970E-01    5.69515E-01
    1.90900E+02    5.53283E-01    5.75059E-01
    1.91000E+02    5.43978E-01    5.80435E-01
    1.91100E+02    5.35023E-01    5.85656E-01
    1.91200E+02    5.26391E-01    5.90733E-01
    1.91300E+02    5.18066E-01    5.95671E-01
    1.91400E+02    5.10049E-01    6.00466E-01
    1.91500E+02    5.02313E-01    6.05129E-01
    1.91600E+02    4.94851E-01    6.09662E-01
    1.91700E+02    4.87663E-01    6.14060E-01
    1.91800E+02    4.80833E-01    6.18268E-01
    1.91900E+02    4.74003E-01    6.22505E-01
    1.92000E+02    4.67501E-01    6.26566E-01
    1.92100E+02    4.61241E-01    6.30501E-01
    1.92200E+02    4.55226E-01    6.34305E-01
    1.92300E+02    4.49411E-01    6.38004E-01
    1.92400E+02    4.43744E-01    6.41630E-01
    1.92500E+02    4.38301E-01    6.45131E-01
    1.92600E+02    4.33068E-01    6.48516E-01
    1.92700E+02    4.28046E-01    6.51782E-01
    1.92800E+02    4.23174E-01    6.54964E-01
    1.92900E+02    4.18538E-01    6.58008E-01
    1.93000E+02    4.14140E-01    6.60909E-01
    1.93100E+02    4.10116E-01    6.63573E-01
    1.93200E+02    4.06789E-01    6.65784E-01
    1.93300E+02    4.06992E-01    6.65649E-01
    1.93400E+02    4.03228E-01    6.68160E-01
    1.93500E+02    3.94776E-01    6.73831E-01
    1.93600E+02    3.89972E-01    6.77076E-01
    1.93700E+02    3.85898E-01    6.79840E-01
    1.93800E+02    3.82111E-01    6.82419E-01
    1.93900E+02    3.78476E-01    6.84904E-01
    1.94000E+02    3.74927E-01    6.87340E-01
    1.94100E+02    3.71414E-01    6.89758E-01
    1.94200E+02    3.67966E-01    6.92141E-01
    1.94300E+02    3.64593E-01    6.94480E-01
    1.94400E+02    3.61288E-01    6.96779E-01
    1.94500E+02    3.58094E-01    6.99007E-01
    1.94600E+02    3.55019E-01    7.01160E-01
    1.94700E+02    3.52079E-01    7.03225E-01
    1.94800E+02    3.49309E-01    7.05175E-01
    1.94900E+02    3.46774E-01    7.06965E-01
    1.95000E+02    3.44604E-01    7.08501E-01
    1.95100E+02    3.43089E-01    7.09575E-01
    1.95200E+02    3.43064E-01    7.09593E-01
    1.95300E+02    3.47725E-01    7.06293E-01
    1.95400E+02    3.84027E-01    6.81113E-01
    1.95500E+02    3.56880E-01    6.99857E-01
    1.95600E+02    3.38744E-01    7.12665E-01
    1.95700E+02    3.41550E-01    7.10668E-01
    1.95800E+02    3.29272E-01    7.19447E-01
    1.95900E+02    3.23082E-01    7.23915E-01
    1.96000E+02    3.19462E-01    7.26540E-01
    1.96100E+02    3.16598E-01    7.28623E-01
    1.96200E+02    3.14094E-01    7.30450E-01
    1.96300E+02    3.11780E-01    7.32142E-01
    1.96400E+02    3.09645E-01    7.33707E-01
    1.96500E+02    3.07535E-01    7.35257E-01
    1.96600E+02    3.05544E-01    7.36722E-01
    1.96700E+02    3.03638E-01    7.38128E-01
    1.96800E+02    3.01795E-01    7.39489E-01
    1.96900E+02    3.00017E-01    7.40806E-01
    1.97000E+02    2.98280E-01    7.42093E-01
    1.97100E+02    2.96608E-01    7.43336E-01
    1.97200E+02    2.94976E-01    7.44550E-01
    1.97300E+02    2.93385E-01    7.45735E-01
    1.97400E+02    2.91860E-01    7.46873E-01
    1.97500E+02    2.90431E-01    7.47941E-01
    1.97600E+02    2.89008E-01    7.49006E-01
    1.97700E+02    2.87517E-01    7.50124E-01
    1.97800E+02    2.86100E-01    7.51187E-01
    1.97900E+02    2.84759E-01    7.52195E-01
    1.98000E+02    2.83679E-01    7.53008E-01
    1.98100E+02    2.82162E-01    7.54152E-01
    1.98200E+02    2.80898E-01    7.55105E-01
    1.98300E+02    2.79678E-01    7.56027E-01
    1.98400E+02    2.78501E-01    7.56918E-01
    1.98500E+02    2.77355E-01    7.57785E-01
    1.98600E+02    2.76252E-01    7.58622E-01
    1.98700E+02    2.75175E-01    7.59439E-01
    1.98800E+02    2.74147E-01    7.60220E-01
    1.98900E+02    2.73162E-01    7.60969E-01
    1.99000E+02    2.72256E-01    7.61659E-01
    1.99100E+02    2.71484E-01    7.62248E-01
    1.99200E+02    2.71417E-01    7.62298E-01
    1.99300E+02    2.71263E-01    7.62416E-01
    1.99400E+02    2.74338E-01    7.60075E-01
    1.99500E+02    2.68626E-01    7.64429E-01
    1.99600E+02    2.67132E-01    7.65572E-01
    1.99700E+02    2.66075E-01    7.66382E-01
    1.99800E+02    2.65191E-01    7.67059E-01
    1.99900E+02    2.64388E-01    7.67676E-01
    2.00000E+02    2.63640E-01    7.68250E-01
    2.00100E+02    2.62927E-01    7.68798E-01
    2.00200E+02    2.62257E-01    7.69314E-01
    2.00300E+02    2.61624E-01    7.69800E-01
    2.00400E+02    2.61025E-01    7.70262E-01
    2.00500E+02    2.60463E-01    7.70695E-01
    2.00600E+02    2.59940E-01    7.71098E-01
    2.00700E+02    2.59454E-01    7.71473E-01
    2.00800E+02    2.59011E-01    7.71814E-01
    2.00900E+02    2.58605E-01    7.72128E-01
    2.01000E+02    2.58249E-01    7.72403E-01
    2.01100E+02    2.57935E-01    7.72646E-01
    2.01200E+02    2.57670E-01    7.72850E-01
    2.01300E+02    2.57463E-01    7.73010E-01
    2.01400E+02    2.57344E-01    7.73102E-01
    2.01500E+02    2.57267E-01    7.73162E-01
    2.01600E+02    2.57177E-01    7.73232E-01
    2.01700E+02    2.57204E-01    7.73211E-01
    2.01800E+02    2.57311E-01    7.73128E-01
    2.01900E+02    2.57500E-01    7.72981E-01
    2.02000E+02    2.57771E-01    7.72772E-01
    2.02100E+02    2.58130E-01    7.72494E-01
    2.02200E+02    2.58583E-01    7.72145E-01
    2.02300E+02    2.59120E-01    7.71731E-01
    2.02400E+02    2.59753E-01    7.71242E-01
    2.02500E+02    2.60468E-01    7.70691E-01
    2.02600E+02    2.61273E-01    7.70071E-01
    2.02700E+02    2.62139E-01    7.69404E-01
    2.02800E+02    2.63050E-01    7.68704E-01
    2.02900E+02    2.63971E-01    7.67996E-01
    2.03000E+02    2.64854E-01    7.67318E-01
    2.03100E+02    2.65652E-01    7.66706E-01
    2.03200E+02    2.66292E-01    7.66215E-01
    2.03300E+02    2.66727E-01    7.65882E-01
    2.03400E+02    2.67122E-01    7.65580E-01
    2.03500E+02    2.66537E-01    7.66028E-01
    2.03600E+02    2.64924E-01    7.67265E-01
    2.03700E+02    2.63446E-01    7.68399E-01
    2.03800E+02    2.61844E-01    7.69631E-01
    2.03900E+02    2.60148E-01    7.70938E-01
    2.04000E+02    2.58438E-01    7.72257E-01
    2.04100E+02    2.56633E-01    7.73652E-01
    2.04200E+02    2.54907E-01    7.74989E-01
    2.04300E+02    2.53242E-01    7.76280E-01
    2.04400E+02    2.51654E-01    7.77514E-01
    2.04500E+02    2.50144E-01    7.78689E-01
    2.04600E+02    2.48723E-01    7.79796E-01
    2.04700E+02    2.47388E-01    7.80838E-01
    2.04800E+02    2.46144E-01    7.81810E-01
    2.04900E+02    2.44990E-01    7.82712E-01
    2.05000E+02    2.43898E-01    7.83568E-01
    2.05100E+02    2.42909E-01    7.84343E-01
    2.05200E+02    2.42166E-01    7.84926E-01
    2.05300E+02    2.41103E-01    7.85761E-01
    2.05400E+02    2.40264E-01    7.86421E-01
    2.05500E+02    2.39540E-01    7.86990E-01
    2.05600E+02    2.38847E-01    7.87536E-01
    2.05700E+02    2.38204E-01    7.88042E-01
    2.05800E+02    2.37677E-01    7.88457E-01
    2.05900E+02    2.37339E-01    7.88724E-01
    2.06000E+02    2.37514E-01    7.88586E-01
    2.06100E+02    2.41162E-01    7.85714E-01
    2.06200E+02    2.38049E-01    7.88164E-01
    2.06300E+02    2.35643E-01    7.90063E-01
    2.06400E+02    2.34707E-01    7.90803E-01
    2.06500E+02    2.34439E-01    7.91014E-01
    2.06600E+02    2.33560E-01    7.91710E-01
    2.06700E+02    2.33088E-01    7.92084E-01
    2.06800E+02    2.32673E-01    7.92413E-01
    2.06900E+02    2.32303E-01    7.92706E-01
    2.07000E+02    2.31951E-01    7.92985E-01
    2.07100E+02    2.31627E-01    7.93242E-01
    2.07200E+02    2.31326E-01    7.93481E-01
    2.07300E+02    2.31052E-01    7.93698E-01
    2.07400E+02    2.30831E-01    7.93873E-01
    2.07500E+02    2.30821E-01    7.93882E-01
    2.07600E+02    2.30324E-01    7.94276E-01
    2.07700E+02    2.30098E-01    7.94456E-01
    2.07800E+02    2.29917E-01    7.94600E-01
    2.07900E+02    2.29789E-01    7.94701E-01
    2.08000E+02    2.29727E-01    7.94751E-01
    2.08100E+02    2.29765E-01    7.94721E-01
    2.08200E+02    2.29967E-01    7.94560E-01
    2.08300E+02    2.30510E-01    7.94128E-01
    2.08400E+02    2.31851E-01    7.93064E-01
    2.08500E+02    2.35688E-01    7.90027E-01
    2.08600E+02    2.54052E-01    7.75652E-01
    2.08700E+02    2.48080E-01    7.80298E-01
    2.08800E+02    2.34198E-01    7.91205E-01
    2.08900E+02    2.30616E-01    7.94044E-01
    2.09000E+02    2.29086E-01    7.95261E-01
    2.09100E+02    2.28242E-01    7.95932E-01
    2.09200E+02    2.27699E-01    7.96364E-01
    2.09300E+02    2.27323E-01    7.96663E-01
    2.09400E+02    2.27080E-01    7.96857E-01
    2.09500E+02    2.27189E-01    7.96770E-01
    2.09600E+02    2.26719E-01    7.97145E-01
    2.09700E+02    2.26420E-01    7.97383E-01
    2.09800E+02    2.26250E-01    7.97518E-01
    2.09900E+02    2.26124E-01    7.97619E-01
    2.10000E+02    2.26059E-01    7.97671E-01
    2.10100E+02    2.26079E-01    7.97655E-01
    2.10200E+02    2.26812E-01    7.97071E-01
    2.10300E+02    2.26465E-01    7.97348E-01
    2.10400E+02    2.28602E-01    7.95646E-01
    2.10500E+02    2.27185E-01    7.96774E-01
    2.10600E+02    2.27341E-01    7.96649E-01
    2.10700E+02    2.29954E-01    7.94570E-01
    2.10800E+02    2.49743E-01    7.79001E-01
    2.10900E+02    2.29357E-01    7.95044E-01
    2.11000E+02    2.26609E-01    7.97232E-01
    2.11100E+02    2.25676E-01    7.97977E-01
    2.11200E+02    2.25213E-01    7.98346E-01
    2.11300E+02    2.24914E-01    7.98585E-01
    2.11400E+02    2.24717E-01    7.98742E-01
    2.11500E+02    2.24573E-01    7.98858E-01
    2.11600E+02    2.24456E-01    7.98951E-01
    2.11700E+02    2.24357E-01    7.99030E-01
    2.11800E+02    2.24274E-01    7.99096E-01
    2.11900E+02    2.24196E-01    7.99159E-01
    2.12000E+02    2.24133E-01    7.99209E-01
    2.12100E+02    2.24083E-01    7.99249E-01
    2.12200E+02    2.24031E-01    7.99290E-01
    2.12300E+02    2.23984E-01    7.99328E-01
    2.12400E+02    2.23945E-01    7.99359E-01
    2.12500E+02    2.23917E-01    7.99382E-01
    2.12600E+02    2.23894E-01    7.99400E-01
    2.12700E+02    2.23885E-01    7.99407E-01
    2.12800E+02    2.23878E-01    7.99413E-01
    2.12900E+02    2.23883E-01    7.99409E-01
    2.13000E+02    2.23816E-01    7.99462E-01
    2.13100E+02    2.23794E-01    7.99480E-01
    2.13200E+02    2.23783E-01    7.99489E-01
    2.13300E+02    2.23781E-01    7.99490E-01
    2.13400E+02    2.23786E-01    7.99486E-01
    2.13500E+02    2.23794E-01    7.99480E-01
    2.13600E+02    2.23809E-01    7.99468E-01
    2.13700E+02    2.23828E-01    7.99453E-01
    2.13800E+02    2.23868E-01    7.99421E-01
    2.13900E+02    2.23908E-01    7.99389E-01
    2.14000E+02    2.23965E-01    7.99343E-01
    2.14100E+02    2.24040E-01    7.99283E-01
    2.14200E+02    2.24146E-01    7.99199E-01
    2.14300E+02    2.24291E-01    7.99082E-01
    2.14400E+02    2.24504E-01    7.98913E-01
    2.14500E+02    2.24844E-01    7.98641E-01
    2.14600E+02    2.25419E-01    7.98181E-01
    2.14700E+02    2.26557E-01    7.97274E-01
    2.14800E+02    2.29397E-01    7.95013E-01
    2.14900E+02    2.41119E-01    7.85748E-01
    2.15000E+02    2.44763E-01    7.82890E-01
    2.15100E+02    2.30052E-01    7.94493E-01
    2.15200E+02    2.26884E-01    7.97013E-01
    2.15300E+02    2.25681E-01    7.97973E-01
    2.15400E+02    2.25114E-01    7.98425E-01
    2.15500E+02    2.24804E-01    7.98672E-01
    2.15600E+02    2.24630E-01    7.98812E-01
    2.15700E+02    2.24535E-01    7.98888E-01
    2.15800E+02    2.24479E-01    7.98932E-01
    2.15900E+02    2.24479E-01    7.98932E-01
    2.16000E+02    2.24805E-01    7.98672E-01
    2.16100E+02    2.24588E-01    7.98845E-01
    2.16200E+02    2.24471E-01    7.98939E-01
    2.16300E+02    2.24463E-01    7.98945E-01
    2.16400E+02    2.24489E-01    7.98924E-01
    2.16500E+02    2.24498E-01    7.98917E-01
    2.16600E+02    2.24528E-01    7.98893E-01
    2.16700E+02    2.24565E-01    7.98864E-01
    2.16800E+02    2.24614E-01    7.98824E-01
    2.16900E+02    2.24688E-01    7.98765E-01
    2.17000E+02    2.24706E-01    7.98751E-01
    2.17100E+02    2.24753E-01    7.98713E-01
    2.17200E+02    2.24816E-01    7.98663E-01
    2.17300E+02    2.24878E-01    7.98614E-01
    2.17400E+02    2.24966E-01    7.98544E-01
    2.17500E+02    2.25242E-01    7.98323E-01
    2.17600E+02    2.25104E-01    7.98433E-01
    2.17700E+02    2.25140E-01    7.98405E-01
    2.17800E+02    2.25207E-01    7.98351E-01
    2.17900E+02    2.25301E-01    7.98276E-01
    2.18000E+02    2.25453E-01    7.98155E-01
    2.18100E+02    2.26207E-01    7.97553E-01
    2.18200E+02    2.25693E-01    7.97963E-01
    2.18300E+02    2.25602E-01    7.98036E-01
    2.18400E+02    2.25630E-01    7.98013E-01
    2.18500E+02    2.25693E-01    7.97963E-01
    2.18600E+02    2.25768E-01    7.97904E-01
    2.18700E+02    2.25836E-01    7.97849E-01
    2.18800E+02    2.25917E-01    7.97784E-01
    2.18900E+02    2.25995E-01    7.97722E-01
    2.19000E+02    2.26090E-01    7.97646E-01
    2.19100E+02    2.26224E-01    7.97540E-01
    2.19200E+02    2.26312E-01    7.97470E-01
    2.19300E+02    2.26565E-01    7.97268E-01
    2.19400E+02    2.26502E-01    7.97318E-01
    2.19500E+02    2.26541E-01    7.97287E-01
    2.19600E+02    2.26627E-01    7.97218E-01
    2.19700E+02    2.26719E-01    7.97145E-01
    2.19800E+02    2.26828E-01    7.97058E-01
    2.19900E+02    2.26996E-01    7.96924E-01
    2.20000E+02    2.27091E-01    7.96848E-01
    2.20100E+02    2.27118E-01    7.96826E-01
    2.20200E+02    2.27205E-01    7.96757E-01
    2.20300E+02    2.27307E-01    7.96676E-01
    2.20400E+02    2.27408E-01    7.96596E-01
    2.20500E+02    2.27518E-01    7.96508E-01
    2.20600E+02    2.27639E-01    7.96412E-01
    2.20700E+02    2.27871E-01    7.96227E-01
    2.20800E+02    2.27886E-01    7.96215E-01
    2.20900E+02    2.27963E-01    7.96154E-01
    2.21000E+02    2.28072E-01    7.96067E-01
    2.21100E+02    2.28183E-01    7.95978E-01
    2.21200E+02    2.28311E-01    7.95876E-01
    2.21300E+02    2.28536E-01    7.95697E-01
    2.21400E+02    2.28573E-01    7.95668E-01
    2.21500E+02    2.28668E-01    7.95593E-01
    2.21600E+02    2.28786E-01    7.95499E-01
    2.21700E+02    2.28910E-01    7.95400E-01
    2.21800E+02    2.29040E-01    7.95297E-01
    2.21900E+02    2.29168E-01    7.95195E-01
    2.22000E+02    2.29303E-01    7.95088E-01
    2.22100E+02    2.29440E-01    7.94978E-01
    2.22200E+02    2.29580E-01    7.94867E-01
    2.22300E+02    2.29727E-01    7.94750E-01
    2.22400E+02    2.29925E-01    7.94593E-01
    2.22500E+02    2.30040E-01    7.94501E-01
    2.22600E+02    2.30165E-01    7.94403E-01
    2.22700E+02    2.30314E-01    7.94284E-01
    2.22800E+02    2.30469E-01    7.94161E-01
    2.22900E+02    2.30634E-01    7.94030E-01
    2.23000E+02    2.30820E-01    7.93883E-01
    2.23100E+02    2.31003E-01    7.93737E-01
    2.23200E+02    2.31231E-01    7.93556E-01
    2.23300E+02    2.31430E-01    7.93398E-01
    2.23400E+02    2.31577E-01    7.93282E-01
    2.23500E+02    2.31710E-01    7.93176E-01
    2.23600E+02    2.31895E-01    7.93030E-01
    2.23700E+02    2.32103E-01    7.92864E-01
    2.23800E+02    2.32329E-01    7.92685E-01
    2.23900E+02    2.32854E-01    7.92269E-01
    2.24000E+02    2.32764E-01    7.92340E-01
    2.24100E+02    2.32970E-01    7.92178E-01
    2.24200E+02    2.33209E-01    7.91988E-01
    2.24300E+02    2.33453E-01    7.91794E-01
    2.24400E+02    2.33717E-01    7.91586E-01
    2.24500E+02    2.33991E-01    7.91369E-01
    2.24600E+02    2.34301E-01    7.91124E-01
    2.24700E+02    2.34685E-01    7.90820E-01
    2.24800E+02    2.35221E-01    7.90396E-01
    2.24900E+02    2.35477E-01    7.90193E-01
    2.25000E+02    2.35613E-01    7.90087E-01
    2.25100E+02    2.35853E-01    7.89897E-01
    2.25200E+02    2.36182E-01    7.89637E-01
    2.25300E+02    2.36503E-01    7.89384E-01
    2.25400E+02    2.36861E-01    7.89101E-01
    2.25500E+02    2.37252E-01    7.88792E-01
    2.25600E+02    2.37685E-01    7.88451E-01
    2.25700E+02    2.38227E-01    7.88024E-01
    2.25800E+02    2.39094E-01    7.87341E-01
    2.25900E+02    2.40691E-01    7.86084E-01
    2.26000E+02    2.46499E-01    7.81532E-01
    2.26100E+02    2.47606E-01    7.80668E-01
    2.26200E+02    2.40889E-01    7.85929E-01
    2.26300E+02    2.39426E-01    7.87080E-01
    2.26400E+02    2.38853E-01    7.87531E-01
    2.26500E+02    2.38568E-01    7.87755E-01
    2.26600E+02    2.38391E-01    7.87895E-01
    2.26700E+02    2.38282E-01    7.87981E-01
    2.26800E+02    2.38207E-01    7.88039E-01
    2.26900E+02    2.38170E-01    7.88068E-01
    2.27000E+02    2.38111E-01    7.88115E-01
    2.27100E+02    2.38092E-01    7.88130E-01
    2.27200E+02    2.38084E-01    7.88136E-01
    2.27300E+02    2.38101E-01    7.88123E-01
    2.27400E+02    2.38122E-01    7.88106E-01
    2.27500E+02    2.38153E-01    7.88082E-01
    2.27600E+02    2.38202E-01    7.88044E-01
    2.27700E+02    2.38263E-01    7.87995E-01
    2.27800E+02    2.38338E-01    7.87936E-01
    2.27900E+02    2.38413E-01    7.87877E-01
    2.28000E+02    2.38488E-01    7.87818E-01
    2.28100E+02    2.38577E-01    7.87748E-01
    2.28200E+02    2.38678E-01    7.87669E-01
    2.28300E+02    2.38794E-01    7.87577E-01
    2.28400E+02    2.38905E-01    7.87489E-01
    2.28500E+02    2.39046E-01    7.87378E-01
    2.28600E+02    2.39176E-01    7.87276E-01
    2.28700E+02    2.39326E-01    7.87158E-01
    2.28800E+02    2.39488E-01    7.87030E-01
    2.28900E+02    2.39665E-01    7.86891E-01
    2.29000E+02    2.39863E-01    7.86736E-01
    2.29100E+02    2.40112E-01    7.86539E-01
    2.29200E+02    2.40386E-01    7.86324E-01
    2.29300E+02    2.40807E-01    7.85993E-01
    2.29400E+02    2.41600E-01    7.85370E-01
    2.29500E+02    2.44096E-01    7.83413E-01
    2.29600E+02    2.49474E-01    7.79211E-01
    2.29700E+02    2.42889E-01    7.84359E-01
    2.29800E+02    2.41990E-01    7.85064E-01
    2.29900E+02    2.41827E-01    7.85192E-01
    2.30000E+02    2.41896E-01    7.85138E-01
    2.30100E+02    2.42036E-01    7.85028E-01
    2.30200E+02    2.42239E-01    7.84869E-01
    2.30300E+02    2.42511E-01    7.84655E-01
    2.30400E+02    2.42819E-01    7.84414E-01
    2.30500E+02    2.43191E-01    7.84121E-01
    2.30600E+02    2.43655E-01    7.83758E-01
    2.30700E+02    2.44262E-01    7.83282E-01
    2.30800E+02    2.45107E-01    7.82621E-01
    2.30900E+02    2.46402E-01    7.81608E-01
    2.31000E+02    2.48717E-01    7.79800E-01
    2.31100E+02    2.53846E-01    7.75811E-01
    2.31200E+02    2.70864E-01    7.62720E-01
    2.31300E+02    3.25769E-01    7.21972E-01
    2.31400E+02    2.62071E-01    7.69456E-01
    2.31500E+02    2.52439E-01    7.76903E-01
    2.31600E+02    2.49277E-01    7.79364E-01
    2.31700E+02    2.47965E-01    7.80387E-01
    2.31800E+02    2.47393E-01    7.80834E-01
    2.31900E+02    2.47199E-01    7.80985E-01
    2.32000E+02    2.47392E-01    7.80835E-01
    2.32100E+02    2.47282E-01    7.80920E-01
    2.32200E+02    2.47469E-01    7.80774E-01
    2.32300E+02    2.47742E-01    7.80561E-01
    2.32400E+02    2.48113E-01    7.80272E-01
    2.32500E+02    2.48689E-01    7.79823E-01
    2.32600E+02    2.49027E-01    7.79559E-01
    2.32700E+02    2.49675E-01    7.79054E-01
    2.32800E+02    2.50097E-01    7.78725E-01
    2.32900E+02    2.50718E-01    7.78242E-01
    2.33000E+02    2.51596E-01    7.77559E-01
    2.33100E+02    2.52298E-01    7.77013E-01
    2.33200E+02    2.53298E-01    7.76237E-01
    2.33300E+02    2.54558E-01    7.75259E-01
    2.33400E+02    2.55956E-01    7.74176E-01
    2.33500E+02    2.57566E-01    7.72931E-01
    2.33600E+02    2.59729E-01    7.71261E-01
    2.33700E+02    2.62671E-01    7.68995E-01
    2.33800E+02    2.67073E-01    7.65617E-01
    2.33900E+02    2.75951E-01    7.58850E-01
    2.34000E+02    2.75217E-01    7.59408E-01
    2.34100E+02    2.67553E-01    7.65249E-01
    2.34200E+02    2.63848E-01    7.68090E-01
    2.34300E+02    2.61425E-01    7.69954E-01
    2.34400E+02    2.59711E-01    7.71274E-01
    2.34500E+02    2.58476E-01    7.72227E-01
    2.34600E+02    2.57553E-01    7.72941E-01
    2.34700E+02    2.56878E-01    7.73462E-01
    2.34800E+02    2.56418E-01    7.73819E-01
    2.34900E+02    2.56208E-01    7.73981E-01
    2.35000E+02    2.56244E-01    7.73953E-01
    2.35100E+02    2.56682E-01    7.73614E-01
    2.35200E+02    2.57045E-01    7.73333E-01
    2.35300E+02    2.58185E-01    7.72452E-01
    2.35400E+02    2.60508E-01    7.70660E-01
    2.35500E+02    2.65744E-01    7.66635E-01
    2.35600E+02    2.81565E-01    7.54602E-01
    2.35700E+02    4.03889E-01    6.67718E-01
    2.35800E+02    2.88951E-01    7.49049E-01
    2.35900E+02    2.68545E-01    7.64491E-01
    2.36000E+02    2.61787E-01    7.69675E-01
    2.36100E+02    2.59136E-01    7.71718E-01
    2.36200E+02    2.57839E-01    7.72720E-01
    2.36300E+02    2.57303E-01    7.73134E-01
    2.36400E+02    2.57155E-01    7.73248E-01
    2.36500E+02    2.57364E-01    7.73087E-01
    2.36600E+02    2.58162E-01    7.72470E-01
    2.36700E+02    2.58989E-01    7.71832E-01
    2.36800E+02    2.60924E-01    7.70340E-01
    2.36900E+02    2.64918E-01    7.67269E-01
    2.37000E+02    2.75047E-01    7.59536E-01
    2.37100E+02    3.20995E-01    7.25427E-01
    2.37200E+02    3.13246E-01    7.31070E-01
    2.37300E+02    2.74285E-01    7.60115E-01
    2.37400E+02    2.65059E-01    7.67161E-01
    2.37500E+02    2.61594E-01    7.69824E-01
    2.37600E+02    2.60225E-01    7.70878E-01
    2.37700E+02    2.59145E-01    7.71711E-01
    2.37800E+02    2.58739E-01    7.72025E-01
    2.37900E+02    2.58597E-01    7.72134E-01
    2.38000E+02    2.58638E-01    7.72102E-01
    2.38100E+02    2.58848E-01    7.71941E-01
    2.38200E+02    2.59253E-01    7.71628E-01
    2.38300E+02    2.60053E-01    7.71010E-01
    2.38400E+02    2.62950E-01    7.68780E-01
    2.38500E+02    2.62173E-01    7.69378E-01
    2.38600E+02    2.62172E-01    7.69379E-01
    2.38700E+02    2.63751E-01    7.68165E-01
    2.38800E+02    2.66314E-01    7.66199E-01
    2.38900E+02    2.72480E-01    7.61489E-01
    2.39000E+02    2.92198E-01    7.46621E-01
    2.39100E+02    4.23177E-01    6.54963E-01
    2.39200E+02    2.88458E-01    7.49418E-01
    2.39300E+02    2.73309E-01    7.60858E-01
    2.39400E+02    2.68490E-01    7.64533E-01
    2.39500E+02    2.66631E-01    7.65956E-01
    2.39600E+02    2.66326E-01    7.66189E-01
    2.39700E+02    2.65240E-01    7.67022E-01
    2.39800E+02    2.65424E-01    7.66881E-01
    2.39900E+02    2.65964E-01    7.66466E-01
    2.40000E+02    2.65778E-01    7.66609E-01
    2.40100E+02    2.65418E-01    7.66885E-01
    2.40200E+02    2.65487E-01    7.66832E-01
    2.40300E+02    2.65645E-01    7.66711E-01
    2.40400E+02    2.65422E-01    7.66882E-01
    2.40500E+02    2.65506E-01    7.66818E-01
    2.40600E+02    2.65349E-01    7.66938E-01
    2.40700E+02    2.65595E-01    7.66750E-01
    2.40800E+02    2.65746E-01    7.66634E-01
    2.40900E+02    2.66693E-01    7.65908E-01
    2.41000E+02    2.66303E-01    7.66207E-01
    2.41100E+02    2.66826E-01    7.65807E-01
    2.41200E+02    2.69738E-01    7.63580E-01
    2.41300E+02    2.68707E-01    7.64367E-01
    2.41400E+02    2.67926E-01    7.64965E-01
    2.41500E+02    2.68305E-01    7.64675E-01
    2.41600E+02    2.68660E-01    7.64403E-01
    2.41700E+02    2.69269E-01    7.63938E-01
    2.41800E+02    2.70141E-01    7.63272E-01
    2.41900E+02    2.71490E-01    7.62243E-01
    2.42000E+02    2.73849E-01    7.60447E-01
    2.42100E+02    2.78785E-01    7.56703E-01
    2.42200E+02    2.92744E-01    7.46213E-01
    2.42300E+02    3.80891E-01    6.83252E-01
    2.42400E+02    3.06170E-01    7.36261E-01
    2.42500E+02    2.82772E-01    7.53691E-01
    2.42600E+02    2.76194E-01    7.58666E-01
    2.42700E+02    2.73601E-01    7.60636E-01
    2.42800E+02    2.72527E-01    7.61452E-01
    2.42900E+02    2.72329E-01    7.61604E-01
    2.43000E+02    2.72997E-01    7.61095E-01
    2.43100E+02    2.74285E-01    7.60116E-01
    2.43200E+02    2.77421E-01    7.57735E-01
    2.43300E+02    2.86028E-01    7.51241E-01
    2.43400E+02    3.22589E-01    7.24272E-01
    2.43500E+02    3.28145E-01    7.20259E-01
    2.43600E+02    2.87012E-01    7.50503E-01
    2.43700E+02    2.77981E-01    7.57311E-01
    2.43800E+02    2.74750E-01    7.59762E-01
    2.43900E+02    2.73644E-01    7.60603E-01
    2.44000E+02    2.74208E-01    7.60174E-01
    2.44100E+02    2.79414E-01    7.56227E-01
    2.44200E+02    2.81724E-01    7.54482E-01
    2.44300E+02    2.73690E-01    7.60568E-01
    2.44400E+02    2.72133E-01    7.61753E-01
    2.44500E+02    2.71185E-01    7.62475E-01
    2.44600E+02    2.70885E-01    7.62705E-01
    2.44700E+02    2.70734E-01    7.62819E-01
    2.44800E+02    2.70795E-01    7.62773E-01
    2.44900E+02    2.70835E-01    7.62742E-01
    2.45000E+02    2.70911E-01    7.62684E-01
    2.45100E+02    2.70979E-01    7.62633E-01
    2.45200E+02    2.71078E-01    7.62557E-01
    2.45300E+02    2.71215E-01    7.62453E-01
    2.45400E+02    2.71364E-01    7.62339E-01
    2.45500E+02    2.71534E-01    7.62209E-01
    2.45600E+02    2.71726E-01    7.62063E-01
    2.45700E+02    2.71952E-01    7.61891E-01
    2.45800E+02    2.72513E-01    7.61464E-01
    2.45900E+02    2.72327E-01    7.61605E-01
    2.46000E+02    2.72510E-01    7.61466E-01
    2.46100E+02    2.72731E-01    7.61297E-01
    2.46200E+02    2.72988E-01    7.61102E-01
    2.46300E+02    2.73314E-01    7.60854E-01
    2.46400E+02    2.73700E-01    7.60560E-01
    2.46500E+02    2.75701E-01    7.59040E-01
    2.46600E+02    2.74395E-01    7.60032E-01
    2.46700E+02    2.74367E-01    7.60053E-01
    2.46800E+02    2.74599E-01    7.59877E-01
    2.46900E+02    2.74900E-01    7.59648E-01
    2.47000E+02    2.75261E-01    7.59374E-01
    2.47100E+02    2.75709E-01    7.59034E-01
    2.47200E+02    2.76152E-01    7.58698E-01
    2.47300E+02    2.76753E-01    7.58241E-01
    2.47400E+02    2.77537E-01    7.57647E-01
    2.47500E+02    2.78739E-01    7.56737E-01
    2.47600E+02    2.81006E-01    7.55024E-01
    2.47700E+02    2.87992E-01    7.49768E-01
    2.47800E+02    2.94010E-01    7.45269E-01
    2.47900E+02    2.87385E-01    7.50223E-01
    2.48000E+02    2.92020E-01    7.46754E-01
    2.48100E+02    3.13365E-01    7.30983E-01
    2.48200E+02    3.94467E-01    6.74039E-01
    2.48300E+02    3.02538E-01    7.38940E-01
    2.48400E+02    2.89104E-01    7.48934E-01
    2.48500E+02    2.84714E-01    7.52230E-01
    2.48600E+02    2.82883E-01    7.53608E-01
    2.48700E+02    2.82178E-01    7.54140E-01
    2.48800E+02    2.81777E-01    7.54442E-01
    2.48900E+02    2.81763E-01    7.54453E-01
    2.49000E+02    2.82019E-01    7.54260E-01
    2.49100E+02    2.82489E-01    7.53905E-01
    2.49200E+02    2.83206E-01    7.53364E-01
    2.49300E+02    2.84322E-01    7.52524E-01
    2.49400E+02    2.86108E-01    7.51181E-01
    2.49500E+02    2.89216E-01    7.48851E-01
    2.49600E+02    2.95634E-01    7.44060E-01
    2.49700E+02    3.14226E-01    7.30354E-01
    2.49800E+02    3.95788E-01    6.73149E-01
    2.49900E+02    3.47437E-01    7.06496E-01
    2.50000E+02    3.59398E-01    6.98096E-01
    2.50100E+02    3.06196E-01    7.36242E-01
    2.50200E+02    2.94900E-01    7.44606E-01
    2.50300E+02    2.90567E-01    7.47839E-01
    2.50400E+02    2.87648E-01    7.50026E-01
    2.50500E+02    2.86383E-01    7.50975E-01
    2.50600E+02    2.85619E-01    7.51549E-01
    2.50700E+02    2.85340E-01    7.51759E-01
    2.50800E+02    2.84992E-01    7.52021E-01
    2.50900E+02    2.84820E-01    7.52149E-01
    2.51000E+02    2.84786E-01    7.52175E-01
    2.51100E+02    2.84821E-01    7.52149E-01
    2.51200E+02    2.85017E-01    7.52001E-01
    2.51300E+02    2.85005E-01    7.52010E-01
    2.51400E+02    2.85132E-01    7.51915E-01
    2.51500E+02    2.85287E-01    7.51799E-01
    2.51600E+02    2.85461E-01    7.51668E-01
    2.51700E+02    2.85651E-01    7.51525E-01
    2.51800E+02    2.85849E-01    7.51376E-01
    2.51900E+02    2.86065E-01    7.51214E-01
    2.52000E+02    2.86309E-01    7.51031E-01
    2.52100E+02    2.86742E-01    7.50706E-01
    2.52200E+02    2.86795E-01    7.50665E-01
    2.52300E+02    2.87096E-01    7.50440E-01
    2.52400E+02    2.87366E-01    7.50237E-01
    2.52500E+02    2.87830E-01    7.49889E-01
    2.52600E+02    2.88077E-01    7.49704E-01
    2.52700E+02    2.88862E-01    7.49116E-01
    2.52800E+02    2.88875E-01    7.49106E-01
    2.52900E+02    2.88721E-01    7.49221E-01
    2.53000E+02    2.88927E-01    7.49067E-01
    2.53100E+02    2.89185E-01    7.48873E-01
    2.53200E+02    2.89467E-01    7.48662E-01
    2.53300E+02    2.89831E-01    7.48390E-01
    2.53400E+02    2.90423E-01    7.47947E-01
    2.53500E+02    2.90365E-01    7.47990E-01
    2.53600E+02    2.90692E-01    7.47746E-01
    2.53700E+02    2.91361E-01    7.47246E-01
    2.53800E+02    2.91548E-01    7.47106E-01
    2.53900E+02    2.91742E-01    7.46961E-01
    2.54000E+02    2.92043E-01    7.46737E-01
    2.54100E+02    2.92433E-01    7.46445E-01
    2.54200E+02    2.93020E-01    7.46007E-01
    2.54300E+02    2.94852E-01    7.44642E-01
    2.54400E+02    2.93662E-01    7.45528E-01
    2.54500E+02    2.93829E-01    7.45404E-01
    2.54600E+02    2.94142E-01    7.45171E-01
    2.54700E+02    2.94605E-01    7.44826E-01
    2.54800E+02    2.94835E-01    7.44655E-01
    2.54900E+02    2.95667E-01    7.44035E-01
    2.55000E+02    2.95413E-01    7.44224E-01
    2.55100E+02    2.95625E-01    7.44066E-01
    2.55200E+02    2.95854E-01    7.43896E-01
    2.55300E+02    2.96023E-01    7.43770E-01
    2.55400E+02    2.96195E-01    7.43643E-01
    2.55500E+02    2.96360E-01    7.43520E-01
    2.55600E+02    2.96517E-01    7.43403E-01
    2.55700E+02    2.96678E-01    7.43283E-01
    2.55800E+02    2.96857E-01    7.43151E-01
    2.55900E+02    2.96998E-01    7.43045E-01
    2.56000E+02    2.97187E-01    7.42905E-01
    2.56100E+02    2.97365E-01    7.42773E-01
    2.56200E+02    2.97484E-01    7.42684E-01
    2.56300E+02    2.97663E-01    7.42552E-01
    2.56400E+02    2.97881E-01    7.42390E-01
    2.56500E+02    2.98099E-01    7.42228E-01
    2.56600E+02    2.98306E-01    7.42074E-01
    2.56700E+02    2.98623E-01    7.41839E-01
    2.56800E+02    2.98795E-01    7.41712E-01
    2.56900E+02    2.99420E-01    7.41248E-01
    2.57000E+02    2.99199E-01    7.41412E-01
    2.57100E+02    2.99399E-01    7.41263E-01
    2.57200E+02    2.99659E-01    7.41071E-01
    2.57300E+02    2.99942E-01    7.40861E-01
    2.57400E+02    3.00277E-01    7.40613E-01
    2.57500E+02    3.00620E-01    7.40359E-01
    2.57600E+02    3.01030E-01    7.40055E-01
    2.57700E+02    3.01460E-01    7.39737E-01
    2.57800E+02    3.02047E-01    7.39304E-01
    2.57900E+02    3.02695E-01    7.38825E-01
    2.58000E+02    3.03911E-01    7.37926E-01
    2.58100E+02    3.06577E-01    7.35962E-01
    2.58200E+02    3.27969E-01    7.20385E-01
    2.58300E+02    3.09150E-01    7.34071E-01
    2.58400E+02    3.08911E-01    7.34246E-01
    2.58500E+02    3.12556E-01    7.31574E-01
    2.58600E+02    3.24337E-01    7.23007E-01
    2.58700E+02    4.02314E-01    6.68771E-01
    2.58800E+02    3.33860E-01    7.16154E-01
    2.58900E+02    3.15344E-01    7.29538E-01
    2.59000E+02    3.10018E-01    7.33434E-01
    2.59100E+02    3.07855E-01    7.35022E-01
    2.59200E+02    3.06867E-01    7.35749E-01
    2.59300E+02    3.06353E-01    7.36127E-01
    2.59400E+02    3.06141E-01    7.36282E-01
    2.59500E+02    3.06236E-01    7.36213E-01
    2.59600E+02    3.06059E-01    7.36343E-01
    2.59700E+02    3.06120E-01    7.36298E-01
    2.59800E+02    3.06242E-01    7.36208E-01
    2.59900E+02    3.06409E-01    7.36085E-01
    2.60000E+02    3.06663E-01    7.35899E-01
    2.60100E+02    3.06832E-01    7.35775E-01
    2.60200E+02    3.06993E-01    7.35655E-01
    2.60300E+02    3.07208E-01    7.35498E-01
    2.60400E+02    3.07451E-01    7.35319E-01
    2.60500E+02    3.07730E-01    7.35113E-01
    2.60600E+02    3.08015E-01    7.34904E-01
    2.60700E+02    3.08334E-01    7.34670E-01
    2.60800E+02    3.09298E-01    7.33962E-01
    2.60900E+02    3.08926E-01    7.34235E-01
    2.61000E+02    3.09052E-01    7.34142E-01
    2.61100E+02    3.09353E-01    7.33922E-01
    2.61200E+02    3.09581E-01    7.33754E-01
    2.61300E+02    3.09867E-01    7.33544E-01
    2.61400E+02    3.10159E-01    7.33331E-01
    2.61500E+02    3.10457E-01    7.33112E-01
    2.61600E+02    3.10774E-01    7.32879E-01
    2.61700E+02    3.11121E-01    7.32626E-01
    2.61800E+02    3.11455E-01    7.32380E-01
    2.61900E+02    3.11785E-01    7.32139E-01
    2.62000E+02    3.12167E-01    7.31859E-01
    2.62100E+02    3.12546E-01    7.31582E-01
    2.62200E+02    3.12954E-01    7.31283E-01
    2.62300E+02    3.13435E-01    7.30932E-01
    2.62400E+02    3.14027E-01    7.30500E-01
    2.62500E+02    3.14843E-01    7.29904E-01
    2.62600E+02    3.15851E-01    7.29168E-01
    2.62700E+02    3.18034E-01    7.27578E-01
    2.62800E+02    3.25857E-01    7.21908E-01
    2.62900E+02    3.29803E-01    7.19065E-01
    2.63000E+02    3.20332E-01    7.25908E-01
    2.63100E+02    3.19275E-01    7.26676E-01
    2.63200E+02    3.21297E-01    7.25208E-01
    2.63300E+02    3.20778E-01    7.25584E-01
    2.63400E+02    3.23116E-01    7.23890E-01
    2.63500E+02    3.28782E-01    7.19800E-01
    2.63600E+02    3.47111E-01    7.06727E-01
    2.63700E+02    4.67148E-01    6.26787E-01
    2.63800E+02    3.44571E-01    7.08524E-01
    2.63900E+02    3.35660E-01    7.14866E-01
    2.64000E+02    3.25399E-01    7.22239E-01
    2.64100E+02    3.22889E-01    7.24055E-01
    2.64200E+02    3.21882E-01    7.24783E-01
    2.64300E+02    3.21507E-01    7.25056E-01
    2.64400E+02    3.21449E-01    7.25098E-01
    2.64500E+02    3.21669E-01    7.24938E-01
    2.64600E+02    3.22159E-01    7.24583E-01
    2.64700E+02    3.23045E-01    7.23941E-01
    2.64800E+02    3.25167E-01    7.22407E-01
    2.64900E+02    3.36361E-01    7.14365E-01
    2.65000E+02    3.28607E-01    7.19926E-01
    2.65100E+02    3.24894E-01    7.22604E-01
    2.65200E+02    3.24145E-01    7.23145E-01
    2.65300E+02    3.24044E-01    7.23219E-01
    2.65400E+02    3.24195E-01    7.23109E-01
    2.65500E+02    3.24467E-01    7.22912E-01
    2.65600E+02    3.24814E-01    7.22662E-01
    2.65700E+02    3.25159E-01    7.22412E-01
    2.65800E+02    3.25546E-01    7.22133E-01
    2.65900E+02    3.25928E-01    7.21857E-01
    2.66000E+02    3.26309E-01    7.21582E-01
    2.66100E+02    3.26708E-01    7.21295E-01
    2.66200E+02    3.27116E-01    7.21000E-01
    2.66300E+02    3.27377E-01    7.20812E-01
    2.66400E+02    3.27703E-01    7.20577E-01
    2.66500E+02    3.28071E-01    7.20312E-01
    2.66600E+02    3.28504E-01    7.20000E-01
    2.66700E+02    3.29071E-01    7.19592E-01
    2.66800E+02    3.29872E-01    7.19016E-01
    2.66900E+02    3.31168E-01    7.18085E-01
    2.67000E+02    3.33485E-01    7.16423E-01
    2.67100E+02    3.38956E-01    7.12514E-01
    2.67200E+02    3.59180E-01    6.98248E-01
    2.67300E+02    3.82054E-01    6.82458E-01
    2.67400E+02    3.43038E-01    7.09611E-01
    2.67500E+02    3.35500E-01    7.14980E-01
    2.67600E+02    3.32821E-01    7.16899E-01
    2.67700E+02    3.31617E-01    7.17762E-01
    2.67800E+02    3.31037E-01    7.18178E-01
    2.67900E+02    3.30760E-01    7.18378E-01
    2.68000E+02    3.30657E-01    7.18452E-01
    2.68100E+02    3.30690E-01    7.18428E-01
    2.68200E+02    3.31089E-01    7.18141E-01
    2.68300E+02    3.30877E-01    7.18293E-01
    2.68400E+02    3.31019E-01    7.18192E-01
    2.68500E+02    3.31274E-01    7.18008E-01
    2.68600E+02    3.31883E-01    7.17571E-01
    2.68700E+02    3.32421E-01    7.17186E-01
    2.68800E+02    3.31867E-01    7.17583E-01
    2.68900E+02    3.31970E-01    7.17509E-01
    2.69000E+02    3.32157E-01    7.17374E-01
    2.69100E+02    3.32381E-01    7.17214E-01
    2.69200E+02    3.32612E-01    7.17048E-01
    2.69300E+02    3.32857E-01    7.16872E-01
    2.69400E+02    3.33112E-01    7.16690E-01
    2.69500E+02    3.33386E-01    7.16494E-01
    2.69600E+02    3.33644E-01    7.16309E-01
    2.69700E+02    3.33908E-01    7.16120E-01
    2.69800E+02    3.34193E-01    7.15916E-01
    2.69900E+02    3.34473E-01    7.15715E-01
    2.70000E+02    3.34761E-01    7.15509E-01
    2.70100E+02    3.35077E-01    7.15283E-01
    2.70200E+02    3.35340E-01    7.15095E-01
    2.70300E+02    3.35650E-01    7.14873E-01
    2.70400E+02    3.35984E-01    7.14635E-01
    2.70500E+02    3.36338E-01    7.14382E-01
    2.70600E+02    3.36593E-01    7.14199E-01
    2.70700E+02    3.37004E-01    7.13906E-01
    2.70800E+02    3.37337E-01    7.13668E-01
    2.70900E+02    3.37808E-01    7.13333E-01
    2.71000E+02    3.38281E-01    7.12995E-01
    2.71100E+02    3.40921E-01    7.11115E-01
    2.71200E+02    3.38817E-01    7.12613E-01
    2.71300E+02    3.39044E-01    7.12451E-01
    2.71400E+02    3.39175E-01    7.12358E-01
    2.71500E+02    3.39473E-01    7.12145E-01
    2.71600E+02    3.39817E-01    7.11901E-01
    2.71700E+02    3.40203E-01    7.11626E-01
    2.71800E+02    3.40670E-01    7.11294E-01
    2.71900E+02    3.41730E-01    7.10540E-01
    2.72000E+02    3.41637E-01    7.10606E-01
    2.72100E+02    3.41866E-01    7.10444E-01
    2.72200E+02    3.42313E-01    7.10126E-01
    2.72300E+02    3.42856E-01    7.09741E-01
    2.72400E+02    3.43527E-01    7.09265E-01
    2.72500E+02    3.44383E-01    7.08657E-01
    2.72600E+02    3.45543E-01    7.07836E-01
    2.72700E+02    3.47367E-01    7.06546E-01
    2.72800E+02    3.50644E-01    7.04235E-01
    2.72900E+02    3.58534E-01    6.98700E-01
    2.73000E+02    3.91879E-01    6.75786E-01
    2.73100E+02    3.93715E-01    6.74546E-01
    2.73200E+02    3.59830E-01    6.97795E-01
    2.73300E+02    3.52526E-01    7.02910E-01
    2.73400E+02    3.49830E-01    7.04808E-01
    2.73500E+02    3.48732E-01    7.05582E-01
    2.73600E+02    3.48310E-01    7.05880E-01
    2.73700E+02    3.48224E-01    7.05941E-01
    2.73800E+02    3.48415E-01    7.05806E-01
    2.73900E+02    3.48893E-01    7.05468E-01
    2.74000E+02    3.49408E-01    7.05105E-01
    2.74100E+02    3.50239E-01    7.04520E-01
    2.74200E+02    3.51831E-01    7.03399E-01
    2.74300E+02    3.55333E-01    7.00940E-01
    2.74400E+02    3.67013E-01    6.92801E-01
    2.74500E+02    3.97181E-01    6.72212E-01
    2.74600E+02    3.60516E-01    6.97316E-01
    2.74700E+02    3.54606E-01    7.01450E-01
    2.74800E+02    3.52700E-01    7.02788E-01
    2.74900E+02    3.51984E-01    7.03291E-01
    2.75000E+02    3.51778E-01    7.03436E-01
    2.75100E+02    3.51716E-01    7.03480E-01
    2.75200E+02    3.51884E-01    7.03362E-01
    2.75300E+02    3.51929E-01    7.03330E-01
    2.75400E+02    3.52120E-01    7.03195E-01
    2.75500E+02    3.52340E-01    7.03041E-01
    2.75600E+02    3.52589E-01    7.02866E-01
    2.75700E+02    3.52881E-01    7.02661E-01
    2.75800E+02    3.53186E-01    7.02446E-01
    2.75900E+02    3.53523E-01    7.02210E-01
    2.76000E+02    3.53831E-01    7.01993E-01
    2.76100E+02    3.54186E-01    7.01745E-01
    2.76200E+02    3.54570E-01    7.01475E-01
    2.76300E+02    3.55000E-01    7.01173E-01
    2.76400E+02    3.55478E-01    7.00838E-01
    2.76500E+02    3.56065E-01    7.00427E-01
    2.76600E+02    3.56865E-01    6.99867E-01
    2.76700E+02    3.58206E-01    6.98929E-01
    2.76800E+02    3.61404E-01    6.96697E-01
    2.76900E+02    3.78855E-01    6.84645E-01
    2.77000E+02    3.65970E-01    6.93524E-01
    2.77100E+02    3.60608E-01    6.97252E-01
    2.77200E+02    3.59262E-01    6.98191E-01
    2.77300E+02    3.58912E-01    6.98436E-01
    2.77400E+02    3.58940E-01    6.98416E-01
    2.77500E+02    3.59108E-01    6.98299E-01
    2.77600E+02    3.59283E-01    6.98177E-01
    2.77700E+02    3.59530E-01    6.98004E-01
    2.77800E+02    3.59843E-01    6.97786E-01
    2.77900E+02    3.60299E-01    6.97468E-01
    2.78000E+02    3.60534E-01    6.97304E-01
    2.78100E+02    3.60879E-01    6.97063E-01
    2.78200E+02    3.61155E-01    6.96871E-01
    2.78300E+02    3.61550E-01    6.96596E-01
    2.78400E+02    3.62125E-01    6.96195E-01
    2.78500E+02    3.63472E-01    6.95258E-01
    2.78600E+02    3.62943E-01    6.95626E-01
    2.78700E+02    3.63069E-01    6.95539E-01
    2.78800E+02    3.63418E-01    6.95296E-01
    2.78900E+02    3.63864E-01    6.94986E-01
    2.79000E+02    3.64402E-01    6.94612E-01
    2.79100E+02    3.65088E-01    6.94136E-01
    2.79200E+02    3.66154E-01    6.93396E-01
    2.79300E+02    3.68480E-01    6.91785E-01
    2.79400E+02    3.72589E-01    6.88949E-01
    2.79500E+02    3.90713E-01    6.76574E-01
    2.79600E+02    3.71468E-01    6.89721E-01
    2.79700E+02    3.69293E-01    6.91223E-01
    2.79800E+02    3.70025E-01    6.90717E-01
    2.79900E+02    3.80032E-01    6.83840E-01
    2.80000E+02    3.69725E-01    6.90925E-01
    2.80100E+02    3.68737E-01    6.91607E-01
    2.80200E+02    3.68631E-01    6.91681E-01
    2.80300E+02    3.68763E-01    6.91590E-01
    2.80400E+02    3.68999E-01    6.91426E-01
    2.80500E+02    3.69277E-01    6.91234E-01
    2.80600E+02    3.69598E-01    6.91012E-01
    2.80700E+02    3.69962E-01    6.90761E-01
    2.80800E+02    3.70405E-01    6.90455E-01
    2.80900E+02    3.71251E-01    6.89871E-01
    2.81000E+02    3.74052E-01    6.87941E-01
    2.81100E+02    3.71726E-01    6.89543E-01
    2.81200E+02    3.71999E-01    6.89355E-01
    2.81300E+02    3.72156E-01    6.89247E-01
    2.81400E+02    3.72605E-01    6.88937E-01
    2.81500E+02    3.73616E-01    6.88241E-01
    2.81600E+02    3.73458E-01    6.88350E-01
    2.81700E+02    3.73594E-01    6.88256E-01
    2.81800E+02    3.73952E-01    6.88010E-01
    2.81900E+02    3.74467E-01    6.87656E-01
    2.82000E+02    3.75056E-01    6.87251E-01
    2.82100E+02    3.75221E-01    6.87138E-01
    2.82200E+02    3.75614E-01    6.86867E-01
    2.82300E+02    3.76117E-01    6.86522E-01
    2.82400E+02    3.76538E-01    6.86233E-01
    2.82500E+02    3.77190E-01    6.85786E-01
    2.82600E+02    3.78162E-01    6.85119E-01
    2.82700E+02    3.80198E-01    6.83726E-01
    2.82800E+02    3.89113E-01    6.77658E-01
    2.82900E+02    3.85305E-01    6.80243E-01
    2.83000E+02    3.80727E-01    6.83364E-01
    2.83100E+02    3.79893E-01    6.83935E-01
    2.83200E+02    3.79795E-01    6.84002E-01
    2.83300E+02    3.79919E-01    6.83917E-01
    2.83400E+02    3.80203E-01    6.83723E-01
    2.83500E+02    3.80485E-01    6.83530E-01
    2.83600E+02    3.80812E-01    6.83307E-01
    2.83700E+02    3.81174E-01    6.83059E-01
    2.83800E+02    3.81557E-01    6.82798E-01
    2.83900E+02    3.81952E-01    6.82528E-01
    2.84000E+02    3.82379E-01    6.82237E-01
    2.84100E+02    3.82779E-01    6.81964E-01
    2.84200E+02    3.83204E-01    6.81674E-01
    2.84300E+02    3.83686E-01    6.81345E-01
    2.84400E+02    3.84596E-01    6.80725E-01
    2.84500E+02    3.84601E-01    6.80722E-01
    2.84600E+02    3.85159E-01    6.80342E-01
    2.84700E+02    3.85522E-01    6.80096E-01
    2.84800E+02    3.86067E-01    6.79725E-01
    2.84900E+02    3.86594E-01    6.79367E-01
    2.85000E+02    3.87130E-01    6.79003E-01
    2.85100E+02    3.87755E-01    6.78579E-01
    2.85200E+02    3.88457E-01    6.78103E-01
    2.85300E+02    3.89260E-01    6.77558E-01
    2.85400E+02    3.90214E-01    6.76912E-01
    2.85500E+02    3.91406E-01    6.76106E-01
    2.85600E+02    3.93060E-01    6.74988E-01
    2.85700E+02    3.95256E-01    6.73508E-01
    2.85800E+02    3.99027E-01    6.70972E-01
    2.85900E+02    4.06586E-01    6.65920E-01
    2.86000E+02    4.27855E-01    6.51906E-01
    2.86100E+02    5.21487E-01    5.93637E-01
    2.86200E+02    4.75905E-01    6.21323E-01
    2.86300E+02    4.71971E-01    6.23772E-01
    2.86400E+02    4.13496E-01    6.61334E-01
    2.86500E+02    4.03570E-01    6.67931E-01
    2.86600E+02    3.99754E-01    6.70485E-01
    2.86700E+02    3.97965E-01    6.71685E-01
    2.86800E+02    3.97074E-01    6.72284E-01
    2.86900E+02    3.96672E-01    6.72555E-01
    2.87000E+02    3.96600E-01    6.72603E-01
    2.87100E+02    3.96499E-01    6.72671E-01
    2.87200E+02    3.96607E-01    6.72598E-01
    2.87300E+02    3.96813E-01    6.72460E-01
    2.87400E+02    3.97084E-01    6.72278E-01
    2.87500E+02    3.97409E-01    6.72059E-01
    2.87600E+02    3.97777E-01    6.71812E-01
    2.87700E+02    3.98184E-01    6.71539E-01
    2.87800E+02    3.98639E-01    6.71233E-01
    2.87900E+02    3.99142E-01    6.70896E-01
    2.88000E+02    3.99707E-01    6.70517E-01
    2.88100E+02    4.00343E-01    6.70090E-01
    2.88200E+02    4.01098E-01    6.69584E-01
    2.88300E+02    4.02095E-01    6.68917E-01
    2.88400E+02    4.03166E-01    6.68201E-01
    2.88500E+02    4.04727E-01    6.67159E-01
    2.88600E+02    4.07198E-01    6.65512E-01
    2.88700E+02    4.11707E-01    6.62518E-01
    2.88800E+02    4.22278E-01    6.55552E-01
    2.88900E+02    4.63135E-01    6.29307E-01
    2.89000E+02    4.88087E-01    6.13799E-01
    2.89100E+02    4.27396E-01    6.52205E-01
    2.89200E+02    4.15112E-01    6.60266E-01
    2.89300E+02    4.10707E-01    6.63181E-01
    2.89400E+02    4.08785E-01    6.64457E-01
    2.89500E+02    4.07897E-01    6.65048E-01
    2.89600E+02    4.07511E-01    6.65304E-01
    2.89700E+02    4.07415E-01    6.65368E-01
    2.89800E+02    4.07565E-01    6.65268E-01
    2.89900E+02    4.07795E-01    6.65115E-01
    2.90000E+02    4.08047E-01    6.64947E-01
    2.90100E+02    4.08172E-01    6.64865E-01
    2.90200E+02    4.08470E-01    6.64666E-01
    2.90300E+02    4.08825E-01    6.64431E-01
    2.90400E+02    4.09230E-01    6.64161E-01
    2.90500E+02    4.09701E-01    6.63849E-01
    2.90600E+02    4.10188E-01    6.63525E-01
    2.90700E+02    4.10781E-01    6.63132E-01
    2.90800E+02    4.11675E-01    6.62540E-01
    2.90900E+02    4.13918E-01    6.61055E-01
    2.91000E+02    4.18662E-01    6.57927E-01
    2.91100E+02    4.13657E-01    6.61228E-01
    2.91200E+02    4.13271E-01    6.61483E-01
    2.91300E+02    4.13602E-01    6.61264E-01
    2.91400E+02    4.13896E-01    6.61069E-01
    2.91500E+02    4.14193E-01    6.60874E-01
    2.91600E+02    4.14753E-01    6.60503E-01
    2.91700E+02    4.17609E-01    6.58620E-01
    2.91800E+02    4.15644E-01    6.59915E-01
    2.91900E+02    4.15980E-01    6.59694E-01
    2.92000E+02    4.16443E-01    6.59388E-01
    2.92100E+02    4.16968E-01    6.59042E-01
    2.92200E+02    4.17533E-01    6.58669E-01
    2.92300E+02    4.18139E-01    6.58270E-01
    2.92400E+02    4.18829E-01    6.57816E-01
    2.92500E+02    4.19793E-01    6.57183E-01
    2.92600E+02    4.20567E-01    6.56674E-01
    2.92700E+02    4.21502E-01    6.56061E-01
    2.92800E+02    4.22986E-01    6.55088E-01
    2.92900E+02    4.25433E-01    6.53487E-01
    2.93000E+02    4.30574E-01    6.50136E-01
    2.93100E+02    4.47791E-01    6.39038E-01
    2.93200E+02    4.75729E-01    6.21432E-01
    2.93300E+02    4.37266E-01    6.45800E-01
    2.93400E+02    4.31861E-01    6.49300E-01
    2.93500E+02    4.36019E-01    6.46605E-01
    2.93600E+02    4.34744E-01    6.47430E-01
    2.93700E+02    4.28604E-01    6.51418E-01
    2.93800E+02    4.27279E-01    6.52281E-01
    2.93900E+02    4.26926E-01    6.52512E-01
    2.94000E+02    4.26952E-01    6.52495E-01
    2.94100E+02    4.27156E-01    6.52362E-01
    2.94200E+02    4.27468E-01    6.52158E-01
    2.94300E+02    4.27834E-01    6.51920E-01
    2.94400E+02    4.28245E-01    6.51651E-01
    2.94500E+02    4.28695E-01    6.51359E-01
    2.94600E+02    4.29246E-01    6.50999E-01
    2.94700E+02    4.29623E-01    6.50754E-01
    2.94800E+02    4.30122E-01    6.50430E-01
    2.94900E+02    4.30615E-01    6.50109E-01
    2.95000E+02    4.31125E-01    6.49778E-01
    2.95100E+02    4.31638E-01    6.49444E-01
    2.95200E+02    4.32196E-01    6.49082E-01
    2.95300E+02    4.32885E-01    6.48635E-01
    2.95400E+02    4.33428E-01    6.48283E-01
    2.95500E+02    4.33922E-01    6.47963E-01
    2.95600E+02    4.34361E-01    6.47678E-01
    2.95700E+02    4.34918E-01    6.47318E-01
    2.95800E+02    4.35591E-01    6.46883E-01
    2.95900E+02    4.36084E-01    6.46563E-01
    2.96000E+02    4.36739E-01    6.46140E-01
    2.96100E+02    4.37517E-01    6.45637E-01
    2.96200E+02    4.37884E-01    6.45401E-01
    2.96300E+02    4.38498E-01    6.45004E-01
    2.96400E+02    4.39434E-01    6.44401E-01
    2.96500E+02    4.39770E-01    6.44185E-01
    2.96600E+02    4.40406E-01    6.43775E-01
    2.96700E+02    4.41090E-01    6.43335E-01
    2.96800E+02    4.41844E-01    6.42850E-01
    2.96900E+02    4.42564E-01    6.42387E-01
    2.97000E+02    4.43421E-01    6.41837E-01
    2.97100E+02    4.44742E-01    6.40990E-01
    2.97200E+02    4.46799E-01    6.39673E-01
    2.97300E+02    4.45967E-01    6.40205E-01
    2.97400E+02    4.46770E-01    6.39691E-01
    2.97500E+02    4.47405E-01    6.39285E-01
    2.97600E+02    4.48298E-01    6.38714E-01
    2.97700E+02    4.49311E-01    6.38067E-01
    2.97800E+02    4.50433E-01    6.37352E-01
    2.97900E+02    4.51690E-01    6.36552E-01
    2.98000E+02    4.53120E-01    6.35642E-01
    2.98100E+02    4.54813E-01    6.34567E-01
    2.98200E+02    4.56911E-01    6.33237E-01
    2.98300E+02    4.59922E-01    6.31333E-01
    2.98400E+02    4.64700E-01    6.28323E-01
    2.98500E+02    4.68956E-01    6.25655E-01
    2.98600E+02    4.63830E-01    6.28871E-01
    2.98700E+02    4.61010E-01    6.30646E-01
    2.98800E+02    4.60368E-01    6.31051E-01
    2.98900E+02    4.59427E-01    6.31645E-01
    2.99000E+02    4.59107E-01    6.31848E-01
    2.99100E+02    4.59039E-01    6.31890E-01
    2.99200E+02    4.59139E-01    6.31827E-01
    2.99300E+02    4.59429E-01    6.31644E-01
    2.99400E+02    4.60135E-01    6.31199E-01
    2.99500E+02    4.63001E-01    6.29392E-01
    2.99600E+02    4.60722E-01    6.30828E-01
    2.99700E+02    4.61102E-01    6.30589E-01
    2.99800E+02    4.61317E-01    6.30453E-01
    2.99900E+02    4.61839E-01    6.30124E-01
    3.00000E+02    4.62455E-01    6.29736E-01
    3.00100E+02    4.63247E-01    6.29237E-01
    3.00200E+02    4.64028E-01    6.28746E-01
    3.00300E+02    4.64985E-01    6.28144E-01
    3.00400E+02    4.66356E-01    6.27284E-01
    3.00500E+02    4.68719E-01    6.25803E-01
    3.00600E+02    4.75093E-01    6.21827E-01
    3.00700E+02    4.98765E-01    6.07280E-01
    3.00800E+02    4.74161E-01    6.22407E-01
    3.00900E+02    4.71525E-01    6.24050E-01
    3.01000E+02    4.71346E-01    6.24162E-01
    3.01100E+02    4.71921E-01    6.23803E-01
    3.01200E+02    4.73020E-01    6.23118E-01
    3.01300E+02    4.74724E-01    6.22057E-01
    3.01400E+02    4.77298E-01    6.20458E-01
    3.01500E+02    4.81589E-01    6.17801E-01
    3.01600E+02    4.90201E-01    6.12503E-01
    3.01700E+02    5.14241E-01    5.97954E-01
    3.01800E+02    6.80602E-01    5.06312E-01
    3.01900E+02    5.29854E-01    5.88691E-01
    3.02000E+02    4.96826E-01    6.08459E-01
    3.02100E+02    4.87526E-01    6.14144E-01
    3.02200E+02    4.83985E-01    6.16322E-01
    3.02300E+02    4.82587E-01    6.17185E-01
    3.02400E+02    4.82215E-01    6.17414E-01
    3.02500E+02    4.82514E-01    6.17230E-01
    3.02600E+02    4.83170E-01    6.16825E-01
    3.02700E+02    4.84252E-01    6.16158E-01
    3.02800E+02    4.86076E-01    6.15035E-01
    3.02900E+02    4.89370E-01    6.13013E-01
    3.03000E+02    4.96776E-01    6.08489E-01
    3.03100E+02    5.22675E-01    5.92932E-01
    3.03200E+02    5.48317E-01    5.77921E-01
    3.03300E+02    5.02654E-01    6.04923E-01
    3.03400E+02    4.94151E-01    6.10088E-01
    3.03500E+02    4.91578E-01    6.11660E-01
    3.03600E+02    4.90978E-01    6.12028E-01
    3.03700E+02    4.90478E-01    6.12333E-01
    3.03800E+02    4.90690E-01    6.12204E-01
    3.03900E+02    4.91183E-01    6.11902E-01
    3.04000E+02    4.91776E-01    6.11539E-01
    3.04100E+02    4.92485E-01    6.11106E-01
    3.04200E+02    4.93280E-01    6.10620E-01
    3.04300E+02    4.94148E-01    6.10090E-01
    3.04400E+02    4.95089E-01    6.09516E-01
    3.04500E+02    4.96114E-01    6.08892E-01
    3.04600E+02    4.97257E-01    6.08197E-01
    3.04700E+02    4.98619E-01    6.07369E-01
    3.04800E+02    5.00905E-01    6.05982E-01
    3.04900E+02    5.00720E-01    6.06094E-01
    3.05000E+02    5.00907E-01    6.05981E-01
    3.05100E+02    5.01454E-01    6.05649E-01
    3.05200E+02    5.02062E-01    6.05281E-01
    3.05300E+02    5.02777E-01    6.04849E-01
    3.05400E+02    5.03549E-01    6.04382E-01
    3.05500E+02    5.04363E-01    6.03890E-01
    3.05600E+02    5.05216E-01    6.03375E-01
    3.05700E+02    5.06093E-01    6.02846E-01
    3.05800E+02    5.06997E-01    6.02301E-01
    3.05900E+02    5.07938E-01    6.01735E-01
    3.06000E+02    5.08909E-01    6.01151E-01
    3.06100E+02    5.09842E-01    6.00591E-01
    3.06200E+02    5.10828E-01    5.99999E-01
    3.06300E+02    5.11826E-01    5.99400E-01
    3.06400E+02    5.12851E-01    5.98786E-01
    3.06500E+02    5.13873E-01    5.98174E-01
    3.06600E+02    5.14925E-01    5.97545E-01
    3.06700E+02    5.15994E-01    5.96907E-01
    3.06800E+02    5.17089E-01    5.96254E-01
    3.06900E+02    5.18273E-01    5.95548E-01
    3.07000E+02    5.19338E-01    5.94914E-01
    3.07100E+02    5.20432E-01    5.94264E-01
    3.07200E+02    5.21589E-01    5.93577E-01
    3.07300E+02    5.23088E-01    5.92687E-01
    3.07400E+02    5.24356E-01    5.91937E-01
    3.07500E+02    5.25728E-01    5.91125E-01
    3.07600E+02    5.26727E-01    5.90535E-01
    3.07700E+02    5.27899E-01    5.89843E-01
    3.07800E+02    5.29131E-01    5.89117E-01
    3.07900E+02    5.30396E-01    5.88372E-01
    3.08000E+02    5.31676E-01    5.87619E-01
    3.08100E+02    5.32982E-01    5.86852E-01
    3.08200E+02    5.34321E-01    5.86067E-01
    3.08300E+02    5.35691E-01    5.85265E-01
    3.08400E+02    5.37127E-01    5.84425E-01
    3.08500E+02    5.38842E-01    5.83423E-01
    3.08600E+02    5.40669E-01    5.82358E-01
    3.08700E+02    5.41459E-01    5.81899E-01
    3.08800E+02    5.42947E-01    5.81034E-01
    3.08900E+02    5.44472E-01    5.80148E-01
    3.09000E+02    5.45793E-01    5.79382E-01
    3.09100E+02    5.47316E-01    5.78500E-01
    3.09200E+02    5.48940E-01    5.77562E-01
    3.09300E+02    5.50586E-01    5.76612E-01
    3.09400E+02    5.52393E-01    5.75571E-01
    3.09500E+02    5.53926E-01    5.74689E-01
    3.09600E+02    5.55730E-01    5.73653E-01
    3.09700E+02    5.57719E-01    5.72514E-01
    3.09800E+02    5.60092E-01    5.71157E-01
    3.09900E+02    5.63373E-01    5.69286E-01
    3.10000E+02    5.71287E-01    5.64798E-01
    3.10100E+02    5.78597E-01    5.60684E-01
    3.10200E+02    5.69499E-01    5.65809E-01
    3.10300E+02    5.69259E-01    5.65945E-01
    3.10400E+02    5.70188E-01    5.65419E-01
    3.10500E+02    5.71623E-01    5.64608E-01
    3.10600E+02    5.73217E-01    5.63709E-01
    3.10700E+02    5.74909E-01    5.62756E-01
    3.10800E+02    5.76661E-01    5.61771E-01
    3.10900E+02    5.78459E-01    5.60762E-01
    3.11000E+02    5.80308E-01    5.59726E-01
    3.11100E+02    5.82253E-01    5.58638E-01
    3.11200E+02    5.84138E-01    5.57586E-01
    3.11300E+02    5.86060E-01    5.56516E-01
    3.11400E+02    5.88051E-01    5.55409E-01
    3.11500E+02    5.90107E-01    5.54268E-01
    3.11600E+02    5.92293E-01    5.53058E-01
    3.11700E+02    5.94423E-01    5.51881E-01
    3.11800E+02    5.96544E-01    5.50711E-01
    3.11900E+02    5.98748E-01    5.49499E-01
    3.12000E+02    6.01040E-01    5.48241E-01
    3.12100E+02    6.03394E-01    5.46952E-01
    3.12200E+02    6.05803E-01    5.45636E-01
    3.12300E+02    6.08280E-01    5.44286E-01
    3.12400E+02    6.10819E-01    5.42906E-01
    3.12500E+02    6.13474E-01    5.41467E-01
    3.12600E+02    6.16153E-01    5.40018E-01
    3.12700E+02    6.18796E-01    5.38592E-01
    3.12800E+02    6.21583E-01    5.37093E-01
    3.12900E+02    6.24705E-01    5.35420E-01
    3.13000E+02    6.27342E-01    5.34009E-01
    3.13100E+02    6.30283E-01    5.32441E-01
    3.13200E+02    6.33241E-01    5.30868E-01
    3.13300E+02    6.36321E-01    5.29236E-01
    3.13400E+02    6.39483E-01    5.27565E-01
    3.13500E+02    6.42752E-01    5.25844E-01
    3.13600E+02    6.46211E-01    5.24027E-01
    3.13700E+02    6.49221E-01    5.22453E-01
    3.13800E+02    6.52543E-01    5.20720E-01
    3.13900E+02    6.55984E-01    5.18931E-01
    3.14000E+02    6.60021E-01    5.16841E-01
    3.14100E+02    6.62845E-01    5.15383E-01
    3.14200E+02    6.66345E-01    5.13583E-01
    3.14300E+02    6.69976E-01    5.11721E-01
    3.14400E+02    6.73713E-01    5.09812E-01
    3.14500E+02    6.77559E-01    5.07855E-01
    3.14600E+02    6.81526E-01    5.05844E-01
    3.14700E+02    6.85621E-01    5.03777E-01
    3.14800E+02    6.89861E-01    5.01646E-01
    3.14900E+02    6.94255E-01    4.99446E-01
    3.15000E+02    6.98833E-01    4.97165E-01
    3.15100E+02    7.03648E-01    4.94777E-01
    3.15200E+02    7.08637E-01    4.92315E-01
    3.15300E+02    7.13963E-01    4.89700E-01
    3.15400E+02    7.19744E-01    4.86877E-01
    3.15500E+02    7.26249E-01    4.83720E-01
    3.15600E+02    7.34154E-01    4.79911E-01
    3.15700E+02    7.45714E-01    4.74396E-01
    3.15800E+02    7.73163E-01    4.61551E-01
    3.15900E+02    8.28346E-01    4.36771E-01
    3.16000E+02    7.73727E-01    4.61291E-01
    3.16100E+02    7.74195E-01    4.61075E-01
    3.16200E+02    7.89601E-01    4.54026E-01
    3.16300E+02    8.64549E-01    4.21242E-01
    3.16400E+02    8.20577E-01    4.40178E-01
    3.16500E+02    8.00056E-01    4.49304E-01
    3.16600E+02    8.01272E-01    4.48758E-01
    3.16700E+02    8.12967E-01    4.43540E-01
    3.16800E+02    8.10029E-01    4.44845E-01
    3.16900E+02    8.15905E-01    4.42239E-01
    3.17000E+02    8.23677E-01    4.38815E-01
    3.17100E+02    8.33833E-01    4.34381E-01
    3.17200E+02    8.59350E-01    4.23437E-01
    3.17300E+02    8.50328E-01    4.27275E-01
    3.17400E+02    8.57287E-01    4.24312E-01
    3.17500E+02    8.66084E-01    4.20596E-01
    3.17600E+02    8.75705E-01    4.16568E-01
    3.17700E+02    8.85925E-01    4.12333E-01
    3.17800E+02    8.96635E-01    4.07940E-01
    3.17900E+02    9.07828E-01    4.03400E-01
    3.18000E+02    9.19538E-01    3.98703E-01
    3.18100E+02    9.31855E-01    3.93822E-01
    3.18200E+02    9.44618E-01    3.88828E-01
    3.18300E+02    9.58030E-01    3.83648E-01
    3.18400E+02    9.72068E-01    3.78300E-01
    3.18500E+02    9.86826E-01    3.72758E-01
    3.18600E+02    1.00216E+00    3.67087E-01
    3.18700E+02    1.01833E+00    3.61198E-01
    3.18800E+02    1.03530E+00    3.55119E-01
    3.18900E+02    1.05316E+00    3.48834E-01
    3.19000E+02    1.07192E+00    3.42349E-01
    3.19100E+02    1.09170E+00    3.35645E-01
    3.19200E+02    1.11270E+00    3.28671E-01
    3.19300E+02    1.13476E+00    3.21501E-01
    3.19400E+02    1.15828E+00    3.14025E-01
    3.19500E+02    1.18308E+00    3.06335E-01
    3.19600E+02    1.20982E+00    2.98250E-01
    3.19700E+02    1.23914E+00    2.89632E-01
    3.19800E+02    1.27290E+00    2.80018E-01
    3.19900E+02    1.31970E+00    2.67217E-01
    3.20000E+02    1.48802E+00    2.25820E-01
    3.20100E+02    1.38371E+00    2.50646E-01
    3.20200E+02    1.40458E+00    2.45470E-01
    3.20300E+02    1.43766E+00    2.37483E-01
    3.20400E+02    1.47549E+00    2.28668E-01
    3.20500E+02    1.51623E+00    2.19539E-01
    3.20600E+02    1.55954E+00    2.10233E-01
    3.20700E+02    1.60490E+00    2.00909E-01
    3.20800E+02    1.65219E+00    1.91631E-01
    3.20900E+02    1.70100E+00    1.82500E-01
    3.21000E+02    1.75111E+00    1.73582E-01
    3.21100E+02    1.80225E+00    1.64928E-01
    3.21200E+02    1.85400E+00    1.56609E-01
    3.21300E+02    1.90640E+00    1.48615E-01
    3.21400E+02    1.96012E+00    1.40842E-01
    3.21500E+02    2.01590E+00    1.33200E-01
    3.21600E+02    2.07427E+00    1.25648E-01
    3.21700E+02    2.13627E+00    1.18095E-01
    3.21800E+02    2.20260E+00    1.10516E-01
    3.21900E+02    2.27419E+00    1.02880E-01
    3.22000E+02    2.35392E+00    9.49957E-02
    3.22100E+02    2.43541E+00    8.75615E-02
    3.22200E+02    2.52535E+00    8.00304E-02
    3.22300E+02    2.62315E+00    7.25740E-02
    3.22400E+02    2.72958E+00    6.52465E-02
    3.22500E+02    2.84514E+00    5.81263E-02
    3.22600E+02    2.97053E+00    5.12763E-02
    3.22700E+02    3.10686E+00    4.47412E-02
    3.22800E+02    3.25448E+00    3.86010E-02
    3.22900E+02    3.41505E+00    3.28746E-02
    3.23000E+02    3.58945E+00    2.76134E-02
    3.23100E+02    3.77884E+00    2.28491E-02
    3.23200E+02    3.98447E+00    1.86023E-02
    3.23300E+02    4.20752E+00    1.48832E-02
    3.23400E+02    4.44937E+00    1.16859E-02
    3.23500E+02    4.71130E+00    8.99307E-03
    3.23600E+02    4.99456E+00    6.77470E-03
    3.23700E+02    5.30533E+00    4.96504E-03
    3.23800E+02    5.62794E+00    3.59597E-03
    3.23900E+02    5.97890E+00    2.53162E-03
    3.24000E+02    6.35317E+00    1.74121E-03
    3.24100E+02    6.74963E+00    1.17131E-03
    3.24200E+02    7.16690E+00    7.71714E-04
    3.24300E+02    7.60041E+00    5.00249E-04
    3.24400E+02    8.04587E+00    3.20423E-04
    3.24500E+02    8.49553E+00    2.04380E-04
    3.24600E+02    8.93985E+00    1.31061E-04
    3.24700E+02    9.36576E+00    8.56056E-05
    3.24800E+02    9.75711E+00    5.78819E-05
    3.24900E+02    1.00953E+01    4.12718E-05
    3.25000E+02    1.03575E+01    3.17550E-05
    3.25100E+02    1.05175E+01    2.70580E-05
    3.25200E+02    1.05282E+01    2.67696E-05
    3.25300E+02    1.03860E+01    3.08614E-05
    3.25400E+02    1.01399E+01    3.94722E-05
    3.25500E+02    9.81498E+00    5.46269E-05
    3.25600E+02    9.43481E+00    7.98938E-05
    3.25700E+02    9.01735E+00    1.21287E-04
    3.25800E+02    8.58017E+00    1.87793E-04
    3.25900E+02    8.13546E+00    2.92965E-04
    3.26000E+02    7.69363E+00    4.55722E-04
    3.26100E+02    7.26212E+00    7.01617E-04
    3.26200E+02    6.84608E+00    1.06362E-03
    3.26300E+02    6.44988E+00    1.58072E-03
    3.26400E+02    6.07654E+00    2.29610E-03
    3.26500E+02    5.72706E+00    3.25662E-03
    3.26600E+02    5.39816E+00    4.52488E-03
    3.26700E+02    5.09947E+00    6.09999E-03
    3.26800E+02    4.84314E+00    7.88224E-03
    3.26900E+02    4.84849E+00    7.84017E-03
    3.27000E+02    4.33234E+00    1.31367E-02
    3.27100E+02    4.07382E+00    1.70123E-02
    3.27200E+02    3.85345E+00    2.12065E-02
    3.27300E+02    3.65454E+00    2.58734E-02
    3.27400E+02    3.47249E+00    3.10396E-02
    3.27500E+02    3.30515E+00    3.66939E-02
    3.27600E+02    3.15137E+00    4.27933E-02
    3.27700E+02    3.01174E+00    4.92060E-02
    3.27800E+02    2.89191E+00    5.54704E-02
    3.27900E+02    2.76595E+00    6.29164E-02
    3.28000E+02    2.64134E+00    7.12660E-02
    3.28100E+02    2.53298E+00    7.94218E-02
    3.28200E+02    2.43374E+00    8.77081E-02
    3.28300E+02    2.34180E+00    9.61546E-02
    3.28400E+02    2.25632E+00    1.04735E-01
    3.28500E+02    2.17684E+00    1.13399E-01
    3.28600E+02    2.10253E+00    1.22147E-01
    3.28700E+02    2.03315E+00    1.30922E-01
    3.28800E+02    1.96836E+00    1.39685E-01
    3.28900E+02    1.90767E+00    1.48425E-01
    3.29000E+02    1.85085E+00    1.57103E-01
    3.29100E+02    1.79760E+00    1.65695E-01
    3.29200E+02    1.74749E+00    1.74211E-01
    3.29300E+02    1.70054E+00    1.82585E-01
    3.29400E+02    1.65613E+00    1.90877E-01
    3.29500E+02    1.61446E+00    1.98998E-01
    3.29600E+02    1.57531E+00    2.06943E-01
    3.29700E+02    1.53833E+00    2.14740E-01
    3.29800E+02    1.50423E+00    2.22189E-01
    3.29900E+02    1.47019E+00    2.29881E-01
    3.30000E+02    1.43880E+00    2.37213E-01
    3.30100E+02    1.40920E+00    2.44338E-01
    3.30200E+02    1.38121E+00    2.51274E-01
    3.30300E+02    1.35466E+00    2.58034E-01
    3.30400E+02    1.32952E+00    2.64604E-01
    3.30500E+02    1.30561E+00    2.71008E-01
    3.30600E+02    1.28296E+00    2.77215E-01
    3.30700E+02    1.26144E+00    2.83245E-01
    3.30800E+02    1.24093E+00    2.89115E-01
    3.30900E+02    1.22147E+00    2.94797E-01
    3.31000E+02    1.20299E+00    3.00295E-01
    3.31100E+02    1.18535E+00    3.05641E-01
    3.31200E+02    1.16852E+00    3.10826E-01
    3.31300E+02    1.15252E+00    3.15839E-01
    3.31400E+02    1.13727E+00    3.20692E-01
    3.31500E+02    1.12279E+00    3.25369E-01
    3.31600E+02    1.10899E+00    3.29891E-01
    3.31700E+02    1.09593E+00    3.34230E-01
    3.31800E+02    1.08416E+00    3.38187E-01
    3.31900E+02    1.07157E+00    3.42471E-01
    3.32000E+02    1.06032E+00    3.46346E-01
    3.32100E+02    1.05001E+00    3.49935E-01
    3.32200E+02    1.04027E+00    3.53360E-01
    3.32300E+02    1.03182E+00    3.56359E-01
    3.32400E+02    1.02534E+00    3.58674E-01
    3.32500E+02    1.02316E+00    3.59456E-01
    3.32600E+02    1.03524E+00    3.55140E-01
    3.32700E+02    1.19872E+00    3.01580E-01
    3.32800E+02    1.03720E+00    3.54446E-01
    3.32900E+02    1.04340E+00    3.52254E-01
    3.33000E+02    9.85444E-01    3.73274E-01
    3.33100E+02    9.68081E-01    3.79811E-01
    3.33200E+02    9.56914E-01    3.84076E-01
    3.33300E+02    9.47959E-01    3.87531E-01
    3.33400E+02    9.40187E-01    3.90555E-01
    3.33500E+02    9.33042E-01    3.93355E-01
    3.33600E+02    9.26485E-01    3.95943E-01
    3.33700E+02    9.20282E-01    3.98407E-01
    3.33800E+02    9.14470E-01    4.00729E-01
    3.33900E+02    9.09002E-01    4.02926E-01
    3.34000E+02    9.03756E-01    4.05046E-01
    3.34100E+02    8.98519E-01    4.07172E-01
    3.34200E+02    8.93639E-01    4.09164E-01
    3.34300E+02    8.89046E-01    4.11048E-01
    3.34400E+02    8.84582E-01    4.12887E-01
    3.34500E+02    8.80384E-01    4.14623E-01
    3.34600E+02    8.76365E-01    4.16293E-01
    3.34700E+02    8.72578E-01    4.17873E-01
    3.34800E+02    8.68965E-01    4.19385E-01
    3.34900E+02    8.65693E-01    4.20760E-01
    3.35000E+02    8.62913E-01    4.21931E-01
    3.35100E+02    8.61348E-01    4.22592E-01
    3.35200E+02    8.64639E-01    4.21203E-01
    3.35300E+02    8.72632E-01    4.17850E-01
    3.35400E+02    8.53374E-01    4.25975E-01
    3.35500E+02    8.47572E-01    4.28454E-01
    3.35600E+02    8.43761E-01    4.30090E-01
    3.35700E+02    8.40863E-01    4.31338E-01
    3.35800E+02    8.37385E-01    4.32841E-01
    3.35900E+02    8.34959E-01    4.33892E-01
    3.36000E+02    8.31821E-01    4.35256E-01
    3.36100E+02    8.29200E-01    4.36398E-01
    3.36200E+02    8.27121E-01    4.37306E-01
    3.36300E+02    8.24318E-01    4.38534E-01
    3.36400E+02    8.21997E-01    4.39553E-01
    3.36500E+02    8.19784E-01    4.40527E-01
    3.36600E+02    8.17683E-01    4.41453E-01
    3.36700E+02    8.15643E-01    4.42355E-01
    3.36800E+02    8.13703E-01    4.43214E-01
    3.36900E+02    8.11867E-01    4.44028E-01
    3.37000E+02    8.10082E-01    4.44821E-01
    3.37100E+02    8.08515E-01    4.45519E-01
    3.37200E+02    8.06880E-01    4.46248E-01
    3.37300E+02    8.05287E-01    4.46960E-01
    3.37400E+02    8.03794E-01    4.47628E-01
    3.37500E+02    8.02496E-01    4.48209E-01
    3.37600E+02    8.01454E-01    4.48676E-01
    3.37700E+02    7.99902E-01    4.49373E-01
    3.37800E+02    7.98419E-01    4.50040E-01
    3.37900E+02    7.97164E-01    4.50605E-01
    3.38000E+02    7.96004E-01    4.51128E-01
    3.38100E+02    7.94945E-01    4.51606E-01
    3.38200E+02    7.93907E-01    4.52075E-01
    3.38300E+02    7.93018E-01    4.52477E-01
    3.38400E+02    7.92092E-01    4.52897E-01
    3.38500E+02    7.91218E-01    4.53293E-01
    3.38600E+02    7.90552E-01    4.53594E-01
    3.38700E+02    7.91139E-01    4.53328E-01
    3.38800E+02    7.89249E-01    4.54186E-01
    3.38900E+02    7.88233E-01    4.54647E-01
    3.39000E+02    7.87448E-01    4.55004E-01
    3.39100E+02    7.86782E-01    4.55308E-01
    3.39200E+02    7.86186E-01    4.55579E-01
    3.39300E+02    7.85631E-01    4.55832E-01
    3.39400E+02    7.85123E-01    4.56063E-01
    3.39500E+02    7.84653E-01    4.56278E-01
    3.39600E+02    7.84222E-01    4.56475E-01
    3.39700E+02    7.83829E-01    4.56654E-01
    3.39800E+02    7.83485E-01    4.56811E-01
    3.39900E+02    7.83186E-01    4.56948E-01
    3.40000E+02    7.82859E-01    4.57097E-01
    3.40100E+02    7.82594E-01    4.57218E-01
    3.40200E+02    7.82369E-01    4.57321E-01
    3.40300E+02    7.82173E-01    4.57411E-01
    3.40400E+02    7.82015E-01    4.57483E-01
    3.40500E+02    7.81899E-01    4.57536E-01
    3.40600E+02    7.81895E-01    4.57538E-01
    3.40700E+02    7.82133E-01    4.57429E-01
    3.40800E+02    7.81702E-01    4.57627E-01
    3.40900E+02    7.81635E-01    4.57657E-01
    3.41000E+02    7.81625E-01    4.57662E-01
    3.41100E+02    7.81651E-01    4.57650E-01
    3.41200E+02    7.81711E-01    4.57623E-01
    3.41300E+02    7.81798E-01    4.57582E-01
    3.41400E+02    7.81914E-01    4.57529E-01
    3.41500E+02    7.82061E-01    4.57462E-01
    3.41600E+02    7.82234E-01    4.57383E-01
    3.41700E+02    7.82442E-01    4.57288E-01
    3.41800E+02    7.82715E-01    4.57163E-01
    3.41900E+02    7.83172E-01    4.56954E-01
    3.42000E+02    7.83305E-01    4.56893E-01
    3.42100E+02    7.84086E-01    4.56537E-01
    3.42200E+02    7.83950E-01    4.56599E-01
    3.42300E+02    7.84316E-01    4.56432E-01
    3.42400E+02    7.84754E-01    4.56232E-01
    3.42500E+02    7.85291E-01    4.55987E-01
    3.42600E+02    7.85823E-01    4.55744E-01
    3.42700E+02    7.86538E-01    4.55419E-01
    3.42800E+02    7.87490E-01    4.54985E-01
    3.42900E+02    7.88864E-01    4.54361E-01
    3.43000E+02    7.91391E-01    4.53214E-01
    3.43100E+02    7.98184E-01    4.50146E-01
    3.43200E+02    8.25649E-01    4.37951E-01
    3.43300E+02    8.07281E-01    4.46069E-01
    3.43400E+02    7.97508E-01    4.50450E-01
    3.43500E+02    8.07639E-01    4.45910E-01
    3.43600E+02    7.94690E-01    4.51721E-01
    3.43700E+02    7.92848E-01    4.52554E-01
    3.43800E+02    7.92526E-01    4.52700E-01
    3.43900E+02    7.92689E-01    4.52626E-01
    3.44000E+02    7.93011E-01    4.52480E-01
    3.44100E+02    7.93467E-01    4.52274E-01
    3.44200E+02    7.93999E-01    4.52034E-01
    3.44300E+02    7.94583E-01    4.51769E-01
    3.44400E+02    7.95217E-01    4.51483E-01
    3.44500E+02    7.95890E-01    4.51180E-01
    3.44600E+02    7.96619E-01    4.50851E-01
    3.44700E+02    7.97340E-01    4.50526E-01
    3.44800E+02    7.98141E-01    4.50165E-01
    3.44900E+02    7.98923E-01    4.49813E-01
    3.45000E+02    7.99648E-01    4.49487E-01
    3.45100E+02    8.00444E-01    4.49129E-01
    3.45200E+02    8.01276E-01    4.48756E-01
    3.45300E+02    8.02121E-01    4.48377E-01
    3.45400E+02    8.02993E-01    4.47986E-01
    3.45500E+02    8.03881E-01    4.47588E-01
    3.45600E+02    8.04793E-01    4.47180E-01
    3.45700E+02    8.05718E-01    4.46767E-01
    3.45800E+02    8.06661E-01    4.46346E-01
    3.45900E+02    8.07628E-01    4.45914E-01
    3.46000E+02    8.08606E-01    4.45479E-01
    3.46100E+02    8.09611E-01    4.45031E-01
    3.46200E+02    8.10634E-01    4.44576E-01
    3.46300E+02    8.11644E-01    4.44127E-01
    3.46400E+02    8.12717E-01    4.43651E-01
    3.46500E+02    8.13744E-01    4.43196E-01
    3.46600E+02    8.14872E-01    4.42696E-01
    3.46700E+02    8.15950E-01    4.42219E-01
    3.46800E+02    8.17113E-01    4.41705E-01
    3.46900E+02    8.18304E-01    4.41179E-01
    3.47000E+02    8.19386E-01    4.40702E-01
    3.47100E+02    8.20582E-01    4.40175E-01
    3.47200E+02    8.21993E-01    4.39555E-01
    3.47300E+02    8.23026E-01    4.39101E-01
    3.47400E+02    8.24139E-01    4.38612E-01
    3.47500E+02    8.25336E-01    4.38088E-01
    3.47600E+02    8.26607E-01    4.37531E-01
    3.47700E+02    8.27921E-01    4.36957E-01
    3.47800E+02    8.29595E-01    4.36226E-01
    3.47900E+02    8.30516E-01    4.35824E-01
    3.48000E+02    8.31889E-01    4.35227E-01
    3.48100E+02    8.33128E-01    4.34687E-01
    3.48200E+02    8.34473E-01    4.34103E-01
    3.48300E+02    8.35818E-01    4.33520E-01
    3.48400E+02    8.37225E-01    4.32910E-01
    3.48500E+02    8.38656E-01    4.32291E-01
    3.48600E+02    8.40181E-01    4.31632E-01
    3.48700E+02    8.41504E-01    4.31062E-01
    3.48800E+02    8.42997E-01    4.30418E-01
    3.48900E+02    8.44470E-01    4.29785E-01
    3.49000E+02    8.46250E-01    4.29021E-01
    3.49100E+02    8.47501E-01    4.28484E-01
    3.49200E+02    8.49054E-01    4.27820E-01
    3.49300E+02    8.50649E-01    4.27138E-01
    3.49400E+02    8.52350E-01    4.26412E-01
    3.49500E+02    8.54254E-01    4.25600E-01
    3.49600E+02    8.56249E-01    4.24752E-01
    3.49700E+02    8.59611E-01    4.23327E-01
    3.49800E+02    8.60793E-01    4.22827E-01
    3.49900E+02    8.60993E-01    4.22742E-01
