    1.49900E+02    1.18645E-01    8.88123E-01
    1.50000E+02    1.18891E-01    8.87905E-01
    1.50100E+02    1.19135E-01    8.87688E-01
    1.50200E+02    1.19329E-01    8.87516E-01
    1.50300E+02    1.19571E-01    8.87301E-01
    1.50400E+02    1.19788E-01    8.87108E-01
    1.50500E+02    1.20021E-01    8.86902E-01
    1.50600E+02    1.20259E-01    8.86691E-01
    1.50700E+02    1.20504E-01    8.86474E-01
    1.50800E+02    1.20747E-01    8.86259E-01
    1.50900E+02    1.20992E-01    8.86041E-01
    1.51000E+02    1.21238E-01    8.85823E-01
    1.51100E+02    1.21493E-01    8.85597E-01
    1.51200E+02    1.21740E-01    8.85378E-01
    1.51300E+02    1.21995E-01    8.85153E-01
    1.51400E+02    1.22245E-01    8.84931E-01
    1.51500E+02    1.22496E-01    8.84709E-01
    1.51600E+02    1.22753E-01    8.84482E-01
    1.51700E+02    1.23002E-01    8.84262E-01
    1.51800E+02    1.23252E-01    8.84041E-01
    1.51900E+02    1.23507E-01    8.83815E-01
    1.52000E+02    1.23758E-01    8.83594E-01
    1.52100E+02    1.24015E-01    8.83366E-01
    1.52200E+02    1.24264E-01    8.83147E-01
    1.52300E+02    1.24524E-01    8.82917E-01
    1.52400E+02    1.24783E-01    8.82689E-01
    1.52500E+02    1.25050E-01    8.82453E-01
    1.52600E+02    1.25312E-01    8.82222E-01
    1.52700E+02    1.25584E-01    8.81982E-01
    1.52800E+02    1.25855E-01    8.81742E-01
    1.52900E+02    1.26138E-01    8.81493E-01
    1.53000E+02    1.26427E-01    8.81239E-01
    1.53100E+02    1.26723E-01    8.80978E-01
    1.53200E+02    1.27022E-01    8.80715E-01
    1.53300E+02    1.27343E-01    8.80431E-01
    1.53400E+02    1.27692E-01    8.80124E-01
    1.53500E+02    1.28102E-01    8.79763E-01
    1.53600E+02    1.28635E-01    8.79295E-01
    1.53700E+02    1.29975E-01    8.78117E-01
    1.53800E+02    1.30194E-01    8.77925E-01
    1.53900E+02    1.32228E-01    8.76141E-01
    1.54000E+02    1.36253E-01    8.72622E-01
    1.54100E+02    1.34578E-01    8.74085E-01
    1.54200E+02    1.31472E-01    8.76804E-01
    1.54300E+02    1.30912E-01    8.77295E-01
    1.54400E+02    1.30842E-01    8.77356E-01
    1.54500E+02    1.30956E-01    8.77256E-01
    1.54600E+02    1.31156E-01    8.77081E-01
    1.54700E+02    1.31465E-01    8.76810E-01
    1.54800E+02    1.31730E-01    8.76578E-01
    1.54900E+02    1.32003E-01    8.76339E-01
    1.55000E+02    1.32296E-01    8.76082E-01
    1.55100E+02    1.32594E-01    8.75821E-01
    1.55200E+02    1.32898E-01    8.75554E-01
    1.55300E+02    1.33204E-01    8.75286E-01
    1.55400E+02    1.33521E-01    8.75010E-01
    1.55500E+02    1.33843E-01    8.74727E-01
    1.55600E+02    1.34171E-01    8.74441E-01
    1.55700E+02    1.34510E-01    8.74144E-01
    1.55800E+02    1.34859E-01    8.73839E-01
    1.55900E+02    1.35260E-01    8.73489E-01
    1.56000E+02    1.35747E-01    8.73063E-01
    1.56100E+02    1.37687E-01    8.71372E-01
    1.56200E+02    1.36466E-01    8.72436E-01
    1.56300E+02    1.36609E-01    8.72311E-01
    1.56400E+02    1.36918E-01    8.72042E-01
    1.56500E+02    1.37356E-01    8.71660E-01
    1.56600E+02    1.37580E-01    8.71464E-01
    1.56700E+02    1.37921E-01    8.71168E-01
    1.56800E+02    1.38259E-01    8.70873E-01
    1.56900E+02    1.38610E-01    8.70567E-01
    1.57000E+02    1.38988E-01    8.70239E-01
    1.57100E+02    1.39345E-01    8.69928E-01
    1.57200E+02    1.39734E-01    8.69590E-01
    1.57300E+02    1.40179E-01    8.69203E-01
    1.57400E+02    1.40467E-01    8.68952E-01
    1.57500E+02    1.40832E-01    8.68635E-01
    1.57600E+02    1.41211E-01    8.68306E-01
    1.57700E+02    1.41597E-01    8.67971E-01
    1.57800E+02    1.41984E-01    8.67635E-01
    1.57900E+02    1.42377E-01    8.67294E-01
    1.58000E+02    1.42776E-01    8.66948E-01
    1.58100E+02    1.43181E-01    8.66597E-01
    1.58200E+02    1.43583E-01    8.66249E-01
    1.58300E+02    1.43998E-01    8.65889E-01
    1.58400E+02    1.44421E-01    8.65523E-01
    1.58500E+02    1.44927E-01    8.65085E-01
    1.58600E+02    1.45315E-01    8.64750E-01
    1.58700E+02    1.45668E-01    8.64444E-01
    1.58800E+02    1.46089E-01    8.64080E-01
    1.58900E+02    1.46514E-01    8.63713E-01
    1.59000E+02    1.46945E-01    8.63342E-01
    1.59100E+02    1.47394E-01    8.62954E-01
    1.59200E+02    1.47846E-01    8.62564E-01
    1.59300E+02    1.48283E-01    8.62187E-01
    1.59400E+02    1.48728E-01    8.61803E-01
    1.59500E+02    1.49203E-01    8.61395E-01
    1.59600E+02    1.49646E-01    8.61013E-01
    1.59700E+02    1.50094E-01    8.60627E-01
    1.59800E+02    1.50569E-01    8.60218E-01
    1.59900E+02    1.51054E-01    8.59801E-01
    1.60000E+02    1.51528E-01    8.59394E-01
    1.60100E+02    1.52004E-01    8.58985E-01
    1.60200E+02    1.52490E-01    8.58567E-01
    1.60300E+02    1.52971E-01    8.58155E-01
    1.60400E+02    1.53484E-01    8.57715E-01
    1.60500E+02    1.53977E-01    8.57291E-01
    1.60600E+02    1.54478E-01    8.56862E-01
    1.60700E+02    1.54993E-01    8.56421E-01
    1.60800E+02    1.55505E-01    8.55983E-01
    1.60900E+02    1.56027E-01    8.55536E-01
    1.61000E+02    1.56560E-01    8.55081E-01
    1.61100E+02    1.57098E-01    8.54620E-01
    1.61200E+02    1.57645E-01    8.54153E-01
    1.61300E+02    1.58197E-01    8.53681E-01
    1.61400E+02    1.58738E-01    8.53220E-01
    1.61500E+02    1.59295E-01    8.52745E-01
    1.61600E+02    1.59858E-01    8.52265E-01
    1.61700E+02    1.60436E-01    8.51772E-01
    1.61800E+02    1.61010E-01    8.51283E-01
    1.61900E+02    1.61601E-01    8.50781E-01
    1.62000E+02    1.62190E-01    8.50279E-01
    1.62100E+02    1.62790E-01    8.49769E-01
    1.62200E+02    1.63397E-01    8.49254E-01
    1.62300E+02    1.64019E-01    8.48726E-01
    1.62400E+02    1.64630E-01    8.48207E-01
    1.62500E+02    1.65262E-01    8.47672E-01
    1.62600E+02    1.65900E-01    8.47131E-01
    1.62700E+02    1.66544E-01    8.46586E-01
    1.62800E+02    1.67199E-01    8.46031E-01
    1.62900E+02    1.67861E-01    8.45471E-01
    1.63000E+02    1.68540E-01    8.44898E-01
    1.63100E+02    1.69231E-01    8.44314E-01
    1.63200E+02    1.69958E-01    8.43700E-01
    1.63300E+02    1.70677E-01    8.43094E-01
    1.63400E+02    1.71336E-01    8.42538E-01
    1.63500E+02    1.72049E-01    8.41938E-01
    1.63600E+02    1.72784E-01    8.41320E-01
    1.63700E+02    1.73527E-01    8.40695E-01
    1.63800E+02    1.74289E-01    8.40054E-01
    1.63900E+02    1.75069E-01    8.39399E-01
    1.64000E+02    1.75871E-01    8.38726E-01
    1.64100E+02    1.76683E-01    8.38045E-01
    1.64200E+02    1.77533E-01    8.37333E-01
    1.64300E+02    1.78420E-01    8.36591E-01
    1.64400E+02    1.79361E-01    8.35804E-01
    1.64500E+02    1.80388E-01    8.34947E-01
    1.64600E+02    1.81577E-01    8.33954E-01
    1.64700E+02    1.83155E-01    8.32639E-01
    1.64800E+02    1.85776E-01    8.30460E-01
    1.64900E+02    1.93140E-01    8.24366E-01
    1.65000E+02    1.94599E-01    8.23164E-01
    1.65100E+02    1.88645E-01    8.28080E-01
    1.65200E+02    1.88203E-01    8.28446E-01
    1.65300E+02    1.88912E-01    8.27859E-01
    1.65400E+02    1.90230E-01    8.26769E-01
    1.65500E+02    1.92375E-01    8.24997E-01
    1.65600E+02    1.96446E-01    8.21646E-01
    1.65700E+02    2.08301E-01    8.11963E-01
    1.65800E+02    2.51465E-01    7.77661E-01
    1.65900E+02    2.04911E-01    8.14720E-01
    1.66000E+02    1.98816E-01    8.19701E-01
    1.66100E+02    1.97410E-01    8.20854E-01
    1.66200E+02    1.97594E-01    8.20703E-01
    1.66300E+02    1.97711E-01    8.20607E-01
    1.66400E+02    1.98342E-01    8.20089E-01
    1.66500E+02    1.99182E-01    8.19401E-01
    1.66600E+02    2.00253E-01    8.18523E-01
    1.66700E+02    2.01068E-01    8.17857E-01
    1.66800E+02    2.02083E-01    8.17027E-01
    1.66900E+02    2.03161E-01    8.16147E-01
    1.67000E+02    2.04285E-01    8.15230E-01
    1.67100E+02    2.05469E-01    8.14265E-01
    1.67200E+02    2.06703E-01    8.13261E-01
    1.67300E+02    2.08034E-01    8.12180E-01
    1.67400E+02    2.09569E-01    8.10934E-01
    1.67500E+02    2.11987E-01    8.08975E-01
    1.67600E+02    2.15391E-01    8.06226E-01
    1.67700E+02    2.13695E-01    8.07595E-01
    1.67800E+02    2.14469E-01    8.06970E-01
    1.67900E+02    2.15615E-01    8.06046E-01
    1.68000E+02    2.16894E-01    8.05015E-01
    1.68100E+02    2.18239E-01    8.03933E-01
    1.68200E+02    2.19625E-01    8.02820E-01
    1.68300E+02    2.21055E-01    8.01673E-01
    1.68400E+02    2.22521E-01    8.00498E-01
    1.68500E+02    2.24021E-01    7.99299E-01
    1.68600E+02    2.25557E-01    7.98071E-01
    1.68700E+02    2.27132E-01    7.96816E-01
    1.68800E+02    2.28760E-01    7.95519E-01
    1.68900E+02    2.30566E-01    7.94084E-01
    1.69000E+02    2.32493E-01    7.92555E-01
    1.69100E+02    2.33787E-01    7.91530E-01
    1.69200E+02    2.35429E-01    7.90232E-01
    1.69300E+02    2.37166E-01    7.88860E-01
    1.69400E+02    2.38946E-01    7.87457E-01
    1.69500E+02    2.40774E-01    7.86019E-01
    1.69600E+02    2.42654E-01    7.84543E-01
    1.69700E+02    2.44565E-01    7.83045E-01
    1.69800E+02    2.46555E-01    7.81489E-01
    1.69900E+02    2.48562E-01    7.79922E-01
    1.70000E+02    2.50655E-01    7.78291E-01
    1.70100E+02    2.52601E-01    7.76777E-01
    1.70200E+02    2.54715E-01    7.75138E-01
    1.70300E+02    2.56997E-01    7.73371E-01
    1.70400E+02    2.59079E-01    7.71762E-01
    1.70500E+02    2.61336E-01    7.70022E-01
    1.70600E+02    2.63640E-01    7.68250E-01
    1.70700E+02    2.66007E-01    7.66433E-01
    1.70800E+02    2.68426E-01    7.64582E-01
    1.70900E+02    2.70910E-01    7.62685E-01
    1.71000E+02    2.73459E-01    7.60743E-01
    1.71100E+02    2.76076E-01    7.58755E-01
    1.71200E+02    2.78764E-01    7.56718E-01
    1.71300E+02    2.81586E-01    7.54586E-01
    1.71400E+02    2.85316E-01    7.51777E-01
    1.71500E+02    2.87239E-01    7.50333E-01
    1.71600E+02    2.89992E-01    7.48270E-01
    1.71700E+02    2.92914E-01    7.46086E-01
    1.71800E+02    2.95949E-01    7.43825E-01
    1.71900E+02    2.99076E-01    7.41503E-01
    1.72000E+02    3.02283E-01    7.39129E-01
    1.72100E+02    3.05570E-01    7.36703E-01
    1.72200E+02    3.08950E-01    7.34218E-01
    1.72300E+02    3.12411E-01    7.31680E-01
    1.72400E+02    3.15970E-01    7.29082E-01
    1.72500E+02    3.19625E-01    7.26422E-01
    1.72600E+02    3.23377E-01    7.23701E-01
    1.72700E+02    3.27239E-01    7.20912E-01
    1.72800E+02    3.31223E-01    7.18045E-01
    1.72900E+02    3.35284E-01    7.15135E-01
    1.73000E+02    3.39486E-01    7.12136E-01
    1.73100E+02    3.43828E-01    7.09051E-01
    1.73200E+02    3.48344E-01    7.05856E-01
    1.73300E+02    3.53188E-01    7.02445E-01
    1.73400E+02    3.58514E-01    6.98714E-01
    1.73500E+02    3.66270E-01    6.93316E-01
    1.73600E+02    3.67919E-01    6.92173E-01
    1.73700E+02    3.72525E-01    6.88992E-01
    1.73800E+02    3.77609E-01    6.85499E-01
    1.73900E+02    3.82944E-01    6.81851E-01
    1.74000E+02    3.88486E-01    6.78083E-01
    1.74100E+02    3.94207E-01    6.74214E-01
    1.74200E+02    4.00137E-01    6.70228E-01
    1.74300E+02    4.06248E-01    6.66145E-01
    1.74400E+02    4.12568E-01    6.61948E-01
    1.74500E+02    4.19118E-01    6.57626E-01
    1.74600E+02    4.25875E-01    6.53198E-01
    1.74700E+02    4.32866E-01    6.48648E-01
    1.74800E+02    4.40141E-01    6.43946E-01
    1.74900E+02    4.47731E-01    6.39077E-01
    1.75000E+02    4.55759E-01    6.33967E-01
    1.75100E+02    4.64797E-01    6.28263E-01
    1.75200E+02    4.77777E-01    6.20160E-01
    1.75300E+02    4.82274E-01    6.17378E-01
    1.75400E+02    4.94332E-01    6.09978E-01
    1.75500E+02    5.02518E-01    6.05005E-01
    1.75600E+02    5.08647E-01    6.01309E-01
    1.75700E+02    5.17661E-01    5.95913E-01
    1.75800E+02    5.27515E-01    5.90069E-01
    1.75900E+02    5.37931E-01    5.83955E-01
    1.76000E+02    5.48813E-01    5.77635E-01
    1.76100E+02    5.60165E-01    5.71115E-01
    1.76200E+02    5.72002E-01    5.64395E-01
    1.76300E+02    5.84325E-01    5.57482E-01
    1.76400E+02    5.97332E-01    5.50278E-01
    1.76500E+02    6.10487E-01    5.43087E-01
    1.76600E+02    6.24382E-01    5.35592E-01
    1.76700E+02    6.38850E-01    5.27899E-01
    1.76800E+02    6.53979E-01    5.19973E-01
    1.76900E+02    6.69759E-01    5.11832E-01
    1.77000E+02    6.86238E-01    5.03467E-01
    1.77100E+02    7.03449E-01    4.94875E-01
    1.77200E+02    7.21417E-01    4.86063E-01
    1.77300E+02    7.40189E-01    4.77024E-01
    1.77400E+02    7.59869E-01    4.67728E-01
    1.77500E+02    7.80431E-01    4.58208E-01
    1.77600E+02    8.02002E-01    4.48430E-01
    1.77700E+02    8.24621E-01    4.38401E-01
    1.77800E+02    8.48340E-01    4.28125E-01
    1.77900E+02    8.73217E-01    4.17606E-01
    1.78000E+02    8.99370E-01    4.06826E-01
    1.78100E+02    9.26875E-01    3.95788E-01
    1.78200E+02    9.55784E-01    3.84511E-01
    1.78300E+02    9.86194E-01    3.72994E-01
    1.78400E+02    1.01827E+00    3.61220E-01
    1.78500E+02    1.05214E+00    3.49188E-01
    1.78600E+02    1.08801E+00    3.36887E-01
    1.78700E+02    1.12544E+00    3.24510E-01
    1.78800E+02    1.16514E+00    3.11880E-01
    1.78900E+02    1.20720E+00    2.99035E-01
    1.79000E+02    1.25172E+00    2.86013E-01
    1.79100E+02    1.29889E+00    2.72836E-01
    1.79200E+02    1.34890E+00    2.59526E-01
    1.79300E+02    1.40201E+00    2.46101E-01
    1.79400E+02    1.45837E+00    2.32616E-01
    1.79500E+02    1.51836E+00    2.19070E-01
    1.79600E+02    1.58216E+00    2.05530E-01
    1.79700E+02    1.65015E+00    1.92021E-01
    1.79800E+02    1.72260E+00    1.78600E-01
    1.79900E+02    1.80001E+00    1.65298E-01
    1.80000E+02    1.88371E+00    1.52024E-01
    1.80100E+02    1.97090E+00    1.39331E-01
    1.80200E+02    2.06529E+00    1.26782E-01
    1.80300E+02    2.16643E+00    1.14586E-01
    1.80400E+02    2.27487E+00    1.02810E-01
    1.80500E+02    2.39120E+00    9.15196E-02
    1.80600E+02    2.51612E+00    8.07725E-02
    1.80700E+02    2.65032E+00    7.06286E-02
    1.80800E+02    2.79455E+00    6.11422E-02
    1.80900E+02    2.94971E+00    5.23546E-02
    1.81000E+02    3.11670E+00    4.43031E-02
    1.81100E+02    3.29639E+00    3.70167E-02
    1.81200E+02    3.48985E+00    3.05056E-02
    1.81300E+02    3.69805E+00    2.47719E-02
    1.81400E+02    3.92214E+00    1.97987E-02
    1.81500E+02    4.16307E+00    1.55597E-02
    1.81600E+02    4.42187E+00    1.20118E-02
    1.81700E+02    4.69949E+00    9.09992E-03
    1.81800E+02    4.99678E+00    6.75970E-03
    1.81900E+02    5.31403E+00    4.92206E-03
    1.82000E+02    5.65201E+00    3.51046E-03
    1.82100E+02    6.01005E+00    2.45397E-03
    1.82200E+02    6.38839E+00    1.68097E-03
    1.82300E+02    6.78320E+00    1.13265E-03
    1.82400E+02    7.19347E+00    7.51475E-04
    1.82500E+02    7.61470E+00    4.93147E-04
    1.82600E+02    8.04197E+00    3.21674E-04
    1.82700E+02    8.46726E+00    2.10241E-04
    1.82800E+02    8.88107E+00    1.38995E-04
    1.82900E+02    9.27143E+00    9.40736E-05
    1.83000E+02    9.62288E+00    6.61964E-05
    1.83100E+02    9.91796E+00    4.92818E-05
    1.83200E+02    1.01352E+01    3.96589E-05
    1.83300E+02    1.02422E+01    3.56355E-05
    1.83400E+02    1.01870E+01    3.76572E-05
    1.83500E+02    1.00106E+01    4.49224E-05
    1.83600E+02    9.74937E+00    5.83312E-05
    1.83700E+02    9.42587E+00    8.06116E-05
    1.83800E+02    9.05918E+00    1.16318E-04
    1.83900E+02    8.66402E+00    1.72688E-04
    1.84000E+02    8.25316E+00    2.60433E-04
    1.84100E+02    7.83748E+00    3.94663E-04
    1.84200E+02    7.42668E+00    5.95158E-04
    1.84300E+02    7.03255E+00    8.82682E-04
    1.84400E+02    6.66835E+00    1.27050E-03
    1.84500E+02    6.25633E+00    1.91828E-03
    1.84600E+02    5.89270E+00    2.75952E-03
    1.84700E+02    5.55562E+00    3.86567E-03
    1.84800E+02    5.23459E+00    5.32899E-03
    1.84900E+02    4.92885E+00    7.23479E-03
    1.85000E+02    4.64624E+00    9.59765E-03
    1.85100E+02    4.38285E+00    1.24897E-02
    1.85200E+02    4.13738E+00    1.59647E-02
    1.85300E+02    3.90890E+00    2.00625E-02
    1.85400E+02    3.69617E+00    2.48184E-02
    1.85500E+02    3.49883E+00    3.02328E-02
    1.85600E+02    3.31495E+00    3.63360E-02
    1.85700E+02    3.14280E+00    4.31619E-02
    1.85800E+02    2.98323E+00    5.06288E-02
    1.85900E+02    2.83479E+00    5.87310E-02
    1.86000E+02    2.69652E+00    6.74395E-02
    1.86100E+02    2.56777E+00    7.67067E-02
    1.86200E+02    2.44765E+00    8.64967E-02
    1.86300E+02    2.33563E+00    9.67497E-02
    1.86400E+02    2.23101E+00    1.07420E-01
    1.86500E+02    2.13322E+00    1.18455E-01
    1.86600E+02    2.04169E+00    1.29809E-01
    1.86700E+02    1.95602E+00    1.41420E-01
    1.86800E+02    1.87581E+00    1.53230E-01
    1.86900E+02    1.80055E+00    1.65208E-01
    1.87000E+02    1.72992E+00    1.77299E-01
    1.87100E+02    1.66387E+00    1.89404E-01
    1.87200E+02    1.60137E+00    2.01621E-01
    1.87300E+02    1.54235E+00    2.13879E-01
    1.87400E+02    1.48694E+00    2.26064E-01
    1.87500E+02    1.43471E+00    2.38184E-01
    1.87600E+02    1.38548E+00    2.50204E-01
    1.87700E+02    1.33894E+00    2.62123E-01
    1.87800E+02    1.29503E+00    2.73889E-01
    1.87900E+02    1.25379E+00    2.85421E-01
    1.88000E+02    1.21395E+00    2.97022E-01
    1.88100E+02    1.17654E+00    3.08343E-01
    1.88200E+02    1.14112E+00    3.19460E-01
    1.88300E+02    1.10752E+00    3.30378E-01
    1.88400E+02    1.07561E+00    3.41089E-01
    1.88500E+02    1.04525E+00    3.51605E-01
    1.88600E+02    1.01639E+00    3.61900E-01
    1.88700E+02    9.88930E-01    3.71974E-01
    1.88800E+02    9.62844E-01    3.81805E-01
    1.88900E+02    9.38128E-01    3.91360E-01
    1.89000E+02    9.14140E-01    4.00861E-01
    1.89100E+02    8.91442E-01    4.10064E-01
    1.89200E+02    8.69755E-01    4.19054E-01
    1.89300E+02    8.49098E-01    4.27801E-01
    1.89400E+02    8.29253E-01    4.36375E-01
    1.89500E+02    8.10331E-01    4.44711E-01
    1.89600E+02    7.92257E-01    4.52822E-01
    1.89700E+02    7.74897E-01    4.60751E-01
    1.89800E+02    7.58267E-01    4.68478E-01
    1.89900E+02    7.42346E-01    4.75996E-01
    1.90000E+02    7.27073E-01    4.83321E-01
    1.90100E+02    7.12408E-01    4.90462E-01
    1.90200E+02    6.98341E-01    4.97410E-01
    1.90300E+02    6.84885E-01    5.04148E-01
    1.90400E+02    6.71899E-01    5.10738E-01
    1.90500E+02    6.59547E-01    5.17086E-01
    1.90600E+02    6.47801E-01    5.23195E-01
    1.90700E+02    6.35932E-01    5.29442E-01
    1.90800E+02    6.24772E-01    5.35384E-01
    1.90900E+02    6.14033E-01    5.41164E-01
    1.91000E+02    6.03716E-01    5.46776E-01
    1.91100E+02    5.93787E-01    5.52232E-01
    1.91200E+02    5.84216E-01    5.57543E-01
    1.91300E+02    5.74985E-01    5.62713E-01
    1.91400E+02    5.66096E-01    5.67738E-01
    1.91500E+02    5.57518E-01    5.72629E-01
    1.91600E+02    5.49244E-01    5.77386E-01
    1.91700E+02    5.41272E-01    5.82008E-01
    1.91800E+02    5.33685E-01    5.86440E-01
    1.91900E+02    5.26123E-01    5.90891E-01
    1.92000E+02    5.18916E-01    5.95166E-01
    1.92100E+02    5.11974E-01    5.99312E-01
    1.92200E+02    5.05301E-01    6.03324E-01
    1.92300E+02    4.98850E-01    6.07229E-01
    1.92400E+02    4.92568E-01    6.11055E-01
    1.92500E+02    4.86532E-01    6.14755E-01
    1.92600E+02    4.80725E-01    6.18335E-01
    1.92700E+02    4.75149E-01    6.21792E-01
    1.92800E+02    4.69743E-01    6.25163E-01
    1.92900E+02    4.64589E-01    6.28393E-01
    1.93000E+02    4.59691E-01    6.31479E-01
    1.93100E+02    4.55185E-01    6.34331E-01
    1.93200E+02    4.51390E-01    6.36742E-01
    1.93300E+02    4.51141E-01    6.36901E-01
    1.93400E+02    4.46939E-01    6.39583E-01
    1.93500E+02    4.38063E-01    6.45285E-01
    1.93600E+02    4.32846E-01    6.48660E-01
    1.93700E+02    4.28369E-01    6.51571E-01
    1.93800E+02    4.24189E-01    6.54300E-01
    1.93900E+02    4.20168E-01    6.56936E-01
    1.94000E+02    4.16237E-01    6.59524E-01
    1.94100E+02    4.12342E-01    6.62098E-01
    1.94200E+02    4.08517E-01    6.64635E-01
    1.94300E+02    4.04771E-01    6.67129E-01
    1.94400E+02    4.01100E-01    6.69583E-01
    1.94500E+02    3.97548E-01    6.71966E-01
    1.94600E+02    3.94123E-01    6.74271E-01
    1.94700E+02    3.90841E-01    6.76488E-01
    1.94800E+02    3.87738E-01    6.78590E-01
    1.94900E+02    3.84878E-01    6.80534E-01
    1.95000E+02    3.82393E-01    6.82227E-01
    1.95100E+02    3.80570E-01    6.83472E-01
    1.95200E+02    3.80247E-01    6.83693E-01
    1.95300E+02    3.84618E-01    6.80711E-01
    1.95400E+02    4.20638E-01    6.56628E-01
    1.95500E+02    3.93216E-01    6.74883E-01
    1.95600E+02    3.74815E-01    6.87416E-01
    1.95700E+02    3.77363E-01    6.85667E-01
    1.95800E+02    3.64833E-01    6.94313E-01
    1.95900E+02    3.58398E-01    6.98795E-01
    1.96000E+02    3.54541E-01    7.01496E-01
    1.96100E+02    3.51446E-01    7.03670E-01
    1.96200E+02    3.48716E-01    7.05593E-01
    1.96300E+02    3.46184E-01    7.07382E-01
    1.96400E+02    3.43835E-01    7.09046E-01
    1.96500E+02    3.41518E-01    7.10691E-01
    1.96600E+02    3.39324E-01    7.12252E-01
    1.96700E+02    3.37222E-01    7.13751E-01
    1.96800E+02    3.35187E-01    7.15204E-01
    1.96900E+02    3.33222E-01    7.16611E-01
    1.97000E+02    3.31303E-01    7.17988E-01
    1.97100E+02    3.29453E-01    7.19317E-01
    1.97200E+02    3.27648E-01    7.20617E-01
    1.97300E+02    3.25888E-01    7.21886E-01
    1.97400E+02    3.24199E-01    7.23106E-01
    1.97500E+02    3.22610E-01    7.24256E-01
    1.97600E+02    3.21030E-01    7.25401E-01
    1.97700E+02    3.19387E-01    7.26594E-01
    1.97800E+02    3.17822E-01    7.27732E-01
    1.97900E+02    3.16337E-01    7.28814E-01
    1.98000E+02    3.15116E-01    7.29704E-01
    1.98100E+02    3.13461E-01    7.30913E-01
    1.98200E+02    3.12064E-01    7.31935E-01
    1.98300E+02    3.10713E-01    7.32924E-01
    1.98400E+02    3.09409E-01    7.33880E-01
    1.98500E+02    3.08140E-01    7.34813E-01
    1.98600E+02    3.06916E-01    7.35712E-01
    1.98700E+02    3.05722E-01    7.36591E-01
    1.98800E+02    3.04581E-01    7.37432E-01
    1.98900E+02    3.03485E-01    7.38241E-01
    1.99000E+02    3.02472E-01    7.38989E-01
    1.99100E+02    3.01595E-01    7.39638E-01
    1.99200E+02    3.01427E-01    7.39762E-01
    1.99300E+02    3.01174E-01    7.39949E-01
    1.99400E+02    3.04154E-01    7.37747E-01
    1.99500E+02    2.98349E-01    7.42042E-01
    1.99600E+02    2.96767E-01    7.43217E-01
    1.99700E+02    2.95623E-01    7.44068E-01
    1.99800E+02    2.94657E-01    7.44787E-01
    1.99900E+02    2.93774E-01    7.45445E-01
    2.00000E+02    2.92950E-01    7.46059E-01
    2.00100E+02    2.92164E-01    7.46646E-01
    2.00200E+02    2.91423E-01    7.47199E-01
    2.00300E+02    2.90725E-01    7.47722E-01
    2.00400E+02    2.90062E-01    7.48217E-01
    2.00500E+02    2.89442E-01    7.48682E-01
    2.00600E+02    2.88864E-01    7.49114E-01
    2.00700E+02    2.88326E-01    7.49517E-01
    2.00800E+02    2.87837E-01    7.49884E-01
    2.00900E+02    2.87388E-01    7.50221E-01
    2.01000E+02    2.86995E-01    7.50516E-01
    2.01100E+02    2.86647E-01    7.50777E-01
    2.01200E+02    2.86355E-01    7.50996E-01
    2.01300E+02    2.86126E-01    7.51168E-01
    2.01400E+02    2.85991E-01    7.51269E-01
    2.01500E+02    2.85906E-01    7.51334E-01
    2.01600E+02    2.85812E-01    7.51404E-01
    2.01700E+02    2.85844E-01    7.51379E-01
    2.01800E+02    2.85965E-01    7.51289E-01
    2.01900E+02    2.86176E-01    7.51130E-01
    2.02000E+02    2.86478E-01    7.50904E-01
    2.02100E+02    2.86877E-01    7.50604E-01
    2.02200E+02    2.87380E-01    7.50227E-01
    2.02300E+02    2.87976E-01    7.49780E-01
    2.02400E+02    2.88680E-01    7.49252E-01
    2.02500E+02    2.89473E-01    7.48658E-01
    2.02600E+02    2.90367E-01    7.47989E-01
    2.02700E+02    2.91328E-01    7.47270E-01
    2.02800E+02    2.92339E-01    7.46515E-01
    2.02900E+02    2.93361E-01    7.45753E-01
    2.03000E+02    2.94340E-01    7.45023E-01
    2.03100E+02    2.95224E-01    7.44365E-01
    2.03200E+02    2.95932E-01    7.43838E-01
    2.03300E+02    2.96404E-01    7.43487E-01
    2.03400E+02    2.96793E-01    7.43198E-01
    2.03500E+02    2.96137E-01    7.43686E-01
    2.03600E+02    2.94406E-01    7.44974E-01
    2.03700E+02    2.92780E-01    7.46186E-01
    2.03800E+02    2.91007E-01    7.47510E-01
    2.03900E+02    2.89130E-01    7.48915E-01
    2.04000E+02    2.87231E-01    7.50338E-01
    2.04100E+02    2.85236E-01    7.51837E-01
    2.04200E+02    2.83324E-01    7.53275E-01
    2.04300E+02    2.81480E-01    7.54666E-01
    2.04400E+02    2.79719E-01    7.55996E-01
    2.04500E+02    2.78046E-01    7.57262E-01
    2.04600E+02    2.76472E-01    7.58455E-01
    2.04700E+02    2.74991E-01    7.59579E-01
    2.04800E+02    2.73612E-01    7.60627E-01
    2.04900E+02    2.72332E-01    7.61601E-01
    2.05000E+02    2.71121E-01    7.62524E-01
    2.05100E+02    2.70023E-01    7.63362E-01
    2.05200E+02    2.69176E-01    7.64008E-01
    2.05300E+02    2.68017E-01    7.64895E-01
    2.05400E+02    2.67088E-01    7.65606E-01
    2.05500E+02    2.66280E-01    7.66224E-01
    2.05600E+02    2.65508E-01    7.66816E-01
    2.05700E+02    2.64791E-01    7.67366E-01
    2.05800E+02    2.64195E-01    7.67824E-01
    2.05900E+02    2.63792E-01    7.68133E-01
    2.06000E+02    2.63906E-01    7.68046E-01
    2.06100E+02    2.67496E-01    7.65294E-01
    2.06200E+02    2.64328E-01    7.67722E-01
    2.06300E+02    2.61870E-01    7.69611E-01
    2.06400E+02    2.60885E-01    7.70370E-01
    2.06500E+02    2.60571E-01    7.70612E-01
    2.06600E+02    2.59647E-01    7.71324E-01
    2.06700E+02    2.59133E-01    7.71720E-01
    2.06800E+02    2.58678E-01    7.72072E-01
    2.06900E+02    2.58270E-01    7.72387E-01
    2.07000E+02    2.57881E-01    7.72687E-01
    2.07100E+02    2.57522E-01    7.72965E-01
    2.07200E+02    2.57187E-01    7.73223E-01
    2.07300E+02    2.56881E-01    7.73460E-01
    2.07400E+02    2.56629E-01    7.73655E-01
    2.07500E+02    2.56588E-01    7.73687E-01
    2.07600E+02    2.56062E-01    7.74094E-01
    2.07700E+02    2.55808E-01    7.74290E-01
    2.07800E+02    2.55599E-01    7.74452E-01
    2.07900E+02    2.55445E-01    7.74572E-01
    2.08000E+02    2.55358E-01    7.74639E-01
    2.08100E+02    2.55372E-01    7.74628E-01
    2.08200E+02    2.55551E-01    7.74490E-01
    2.08300E+02    2.56071E-01    7.74087E-01
    2.08400E+02    2.57390E-01    7.73066E-01
    2.08500E+02    2.61206E-01    7.70122E-01
    2.08600E+02    2.79550E-01    7.56124E-01
    2.08700E+02    2.73559E-01    7.60667E-01
    2.08800E+02    2.59658E-01    7.71315E-01
    2.08900E+02    2.56058E-01    7.74097E-01
    2.09000E+02    2.54511E-01    7.75295E-01
    2.09100E+02    2.53651E-01    7.75963E-01
    2.09200E+02    2.53093E-01    7.76396E-01
    2.09300E+02    2.52701E-01    7.76700E-01
    2.09400E+02    2.52443E-01    7.76901E-01
    2.09500E+02    2.52538E-01    7.76827E-01
    2.09600E+02    2.52054E-01    7.77203E-01
    2.09700E+02    2.51743E-01    7.77445E-01
    2.09800E+02    2.51561E-01    7.77586E-01
    2.09900E+02    2.51422E-01    7.77694E-01
    2.10000E+02    2.51346E-01    7.77753E-01
    2.10100E+02    2.51355E-01    7.77746E-01
    2.10200E+02    2.52077E-01    7.77185E-01
    2.10300E+02    2.51720E-01    7.77463E-01
    2.10400E+02    2.53847E-01    7.75810E-01
    2.10500E+02    2.52421E-01    7.76917E-01
    2.10600E+02    2.52570E-01    7.76802E-01
    2.10700E+02    2.55174E-01    7.74782E-01
    2.10800E+02    2.74955E-01    7.59606E-01
    2.10900E+02    2.54562E-01    7.75256E-01
    2.11000E+02    2.51807E-01    7.77395E-01
    2.11100E+02    2.50867E-01    7.78126E-01
    2.11200E+02    2.50397E-01    7.78491E-01
    2.11300E+02    2.50092E-01    7.78729E-01
    2.11400E+02    2.49890E-01    7.78887E-01
    2.11500E+02    2.49740E-01    7.79003E-01
    2.11600E+02    2.49619E-01    7.79098E-01
    2.11700E+02    2.49515E-01    7.79179E-01
    2.11800E+02    2.49428E-01    7.79246E-01
    2.11900E+02    2.49345E-01    7.79311E-01
    2.12000E+02    2.49279E-01    7.79362E-01
    2.12100E+02    2.49226E-01    7.79404E-01
    2.12200E+02    2.49171E-01    7.79447E-01
    2.12300E+02    2.49121E-01    7.79486E-01
    2.12400E+02    2.49081E-01    7.79517E-01
    2.12500E+02    2.49050E-01    7.79541E-01
    2.12600E+02    2.49025E-01    7.79560E-01
    2.12700E+02    2.49014E-01    7.79569E-01
    2.12800E+02    2.49006E-01    7.79575E-01
    2.12900E+02    2.49011E-01    7.79572E-01
    2.13000E+02    2.48943E-01    7.79625E-01
    2.13100E+02    2.48920E-01    7.79642E-01
    2.13200E+02    2.48909E-01    7.79651E-01
    2.13300E+02    2.48907E-01    7.79652E-01
    2.13400E+02    2.48912E-01    7.79648E-01
    2.13500E+02    2.48921E-01    7.79641E-01
    2.13600E+02    2.48936E-01    7.79630E-01
    2.13700E+02    2.48956E-01    7.79614E-01
    2.13800E+02    2.48999E-01    7.79581E-01
    2.13900E+02    2.49040E-01    7.79549E-01
    2.14000E+02    2.49099E-01    7.79503E-01
    2.14100E+02    2.49176E-01    7.79443E-01
    2.14200E+02    2.49283E-01    7.79359E-01
    2.14300E+02    2.49431E-01    7.79244E-01
    2.14400E+02    2.49646E-01    7.79077E-01
    2.14500E+02    2.49990E-01    7.78809E-01
    2.14600E+02    2.50568E-01    7.78359E-01
    2.14700E+02    2.51709E-01    7.77471E-01
    2.14800E+02    2.54552E-01    7.75264E-01
    2.14900E+02    2.66277E-01    7.66227E-01
    2.15000E+02    2.69926E-01    7.63436E-01
    2.15100E+02    2.55218E-01    7.74747E-01
    2.15200E+02    2.52055E-01    7.77202E-01
    2.15300E+02    2.50856E-01    7.78135E-01
    2.15400E+02    2.50294E-01    7.78572E-01
    2.15500E+02    2.49989E-01    7.78809E-01
    2.15600E+02    2.49820E-01    7.78941E-01
    2.15700E+02    2.49730E-01    7.79011E-01
    2.15800E+02    2.49680E-01    7.79050E-01
    2.15900E+02    2.49685E-01    7.79046E-01
    2.16000E+02    2.50017E-01    7.78787E-01
    2.16100E+02    2.49806E-01    7.78952E-01
    2.16200E+02    2.49695E-01    7.79039E-01
    2.16300E+02    2.49693E-01    7.79040E-01
    2.16400E+02    2.49726E-01    7.79014E-01
    2.16500E+02    2.49741E-01    7.79002E-01
    2.16600E+02    2.49778E-01    7.78974E-01
    2.16700E+02    2.49822E-01    7.78940E-01
    2.16800E+02    2.49879E-01    7.78895E-01
    2.16900E+02    2.49960E-01    7.78832E-01
    2.17000E+02    2.49985E-01    7.78813E-01
    2.17100E+02    2.50039E-01    7.78770E-01
    2.17200E+02    2.50111E-01    7.78715E-01
    2.17300E+02    2.50180E-01    7.78661E-01
    2.17400E+02    2.50276E-01    7.78586E-01
    2.17500E+02    2.50560E-01    7.78365E-01
    2.17600E+02    2.50431E-01    7.78465E-01
    2.17700E+02    2.50475E-01    7.78431E-01
    2.17800E+02    2.50551E-01    7.78372E-01
    2.17900E+02    2.50654E-01    7.78291E-01
    2.18000E+02    2.50815E-01    7.78166E-01
    2.18100E+02    2.51578E-01    7.77573E-01
    2.18200E+02    2.51073E-01    7.77965E-01
    2.18300E+02    2.50992E-01    7.78028E-01
    2.18400E+02    2.51029E-01    7.78000E-01
    2.18500E+02    2.51103E-01    7.77943E-01
    2.18600E+02    2.51186E-01    7.77877E-01
    2.18700E+02    2.51265E-01    7.77816E-01
    2.18800E+02    2.51356E-01    7.77745E-01
    2.18900E+02    2.51445E-01    7.77677E-01
    2.19000E+02    2.51550E-01    7.77595E-01
    2.19100E+02    2.51695E-01    7.77482E-01
    2.19200E+02    2.51793E-01    7.77406E-01
    2.19300E+02    2.52058E-01    7.77200E-01
    2.19400E+02    2.52006E-01    7.77240E-01
    2.19500E+02    2.52056E-01    7.77202E-01
    2.19600E+02    2.52153E-01    7.77126E-01
    2.19700E+02    2.52257E-01    7.77045E-01
    2.19800E+02    2.52378E-01    7.76951E-01
    2.19900E+02    2.52557E-01    7.76812E-01
    2.20000E+02    2.52664E-01    7.76729E-01
    2.20100E+02    2.52704E-01    7.76698E-01
    2.20200E+02    2.52803E-01    7.76621E-01
    2.20300E+02    2.52917E-01    7.76532E-01
    2.20400E+02    2.53031E-01    7.76444E-01
    2.20500E+02    2.53153E-01    7.76349E-01
    2.20600E+02    2.53287E-01    7.76245E-01
    2.20700E+02    2.53532E-01    7.76055E-01
    2.20800E+02    2.53561E-01    7.76032E-01
    2.20900E+02    2.53651E-01    7.75963E-01
    2.21000E+02    2.53774E-01    7.75868E-01
    2.21100E+02    2.53898E-01    7.75771E-01
    2.21200E+02    2.54040E-01    7.75661E-01
    2.21300E+02    2.54280E-01    7.75475E-01
    2.21400E+02    2.54331E-01    7.75435E-01
    2.21500E+02    2.54440E-01    7.75350E-01
    2.21600E+02    2.54573E-01    7.75248E-01
    2.21700E+02    2.54712E-01    7.75140E-01
    2.21800E+02    2.54857E-01    7.75027E-01
    2.21900E+02    2.55000E-01    7.74916E-01
    2.22000E+02    2.55151E-01    7.74800E-01
    2.22100E+02    2.55304E-01    7.74681E-01
    2.22200E+02    2.55460E-01    7.74560E-01
    2.22300E+02    2.55624E-01    7.74433E-01
    2.22400E+02    2.55838E-01    7.74267E-01
    2.22500E+02    2.55971E-01    7.74165E-01
    2.22600E+02    2.56112E-01    7.74055E-01
    2.22700E+02    2.56279E-01    7.73926E-01
    2.22800E+02    2.56452E-01    7.73792E-01
    2.22900E+02    2.56635E-01    7.73650E-01
    2.23000E+02    2.56840E-01    7.73492E-01
    2.23100E+02    2.57043E-01    7.73335E-01
    2.23200E+02    2.57291E-01    7.73143E-01
    2.23300E+02    2.57510E-01    7.72974E-01
    2.23400E+02    2.57677E-01    7.72845E-01
    2.23500E+02    2.57831E-01    7.72726E-01
    2.23600E+02    2.58037E-01    7.72566E-01
    2.23700E+02    2.58269E-01    7.72387E-01
    2.23800E+02    2.58518E-01    7.72195E-01
    2.23900E+02    2.59067E-01    7.71771E-01
    2.24000E+02    2.59001E-01    7.71822E-01
    2.24100E+02    2.59232E-01    7.71644E-01
    2.24200E+02    2.59498E-01    7.71439E-01
    2.24300E+02    2.59770E-01    7.71229E-01
    2.24400E+02    2.60061E-01    7.71004E-01
    2.24500E+02    2.60364E-01    7.70771E-01
    2.24600E+02    2.60705E-01    7.70508E-01
    2.24700E+02    2.61119E-01    7.70189E-01
    2.24800E+02    2.61687E-01    7.69752E-01
    2.24900E+02    2.61977E-01    7.69529E-01
    2.25000E+02    2.62145E-01    7.69399E-01
    2.25100E+02    2.62419E-01    7.69189E-01
    2.25200E+02    2.62783E-01    7.68909E-01
    2.25300E+02    2.63138E-01    7.68636E-01
    2.25400E+02    2.63530E-01    7.68334E-01
    2.25500E+02    2.63954E-01    7.68009E-01
    2.25600E+02    2.64418E-01    7.67653E-01
    2.25700E+02    2.64988E-01    7.67215E-01
    2.25800E+02    2.65880E-01    7.66531E-01
    2.25900E+02    2.67498E-01    7.65292E-01
    2.26000E+02    2.73318E-01    7.60851E-01
    2.26100E+02    2.74433E-01    7.60003E-01
    2.26200E+02    2.67721E-01    7.65121E-01
    2.26300E+02    2.66260E-01    7.66240E-01
    2.26400E+02    2.65687E-01    7.66679E-01
    2.26500E+02    2.65401E-01    7.66898E-01
    2.26600E+02    2.65223E-01    7.67035E-01
    2.26700E+02    2.65113E-01    7.67119E-01
    2.26800E+02    2.65037E-01    7.67178E-01
    2.26900E+02    2.65000E-01    7.67206E-01
    2.27000E+02    2.64941E-01    7.67251E-01
    2.27100E+02    2.64923E-01    7.67265E-01
    2.27200E+02    2.64917E-01    7.67270E-01
    2.27300E+02    2.64936E-01    7.67255E-01
    2.27400E+02    2.64962E-01    7.67235E-01
    2.27500E+02    2.64997E-01    7.67208E-01
    2.27600E+02    2.65052E-01    7.67166E-01
    2.27700E+02    2.65119E-01    7.67115E-01
    2.27800E+02    2.65202E-01    7.67051E-01
    2.27900E+02    2.65285E-01    7.66987E-01
    2.28000E+02    2.65368E-01    7.66923E-01
    2.28100E+02    2.65467E-01    7.66848E-01
    2.28200E+02    2.65578E-01    7.66763E-01
    2.28300E+02    2.65705E-01    7.66665E-01
    2.28400E+02    2.65828E-01    7.66571E-01
    2.28500E+02    2.65981E-01    7.66454E-01
    2.28600E+02    2.66123E-01    7.66345E-01
    2.28700E+02    2.66286E-01    7.66220E-01
    2.28800E+02    2.66462E-01    7.66085E-01
    2.28900E+02    2.66653E-01    7.65939E-01
    2.29000E+02    2.66863E-01    7.65778E-01
    2.29100E+02    2.67128E-01    7.65575E-01
    2.29200E+02    2.67417E-01    7.65354E-01
    2.29300E+02    2.67853E-01    7.65020E-01
    2.29400E+02    2.68661E-01    7.64403E-01
    2.29500E+02    2.71172E-01    7.62485E-01
    2.29600E+02    2.76566E-01    7.58384E-01
    2.29700E+02    2.69997E-01    7.63382E-01
    2.29800E+02    2.69115E-01    7.64055E-01
    2.29900E+02    2.68968E-01    7.64167E-01
    2.30000E+02    2.69054E-01    7.64102E-01
    2.30100E+02    2.69211E-01    7.63982E-01
    2.30200E+02    2.69431E-01    7.63814E-01
    2.30300E+02    2.69721E-01    7.63593E-01
    2.30400E+02    2.70046E-01    7.63344E-01
    2.30500E+02    2.70436E-01    7.63046E-01
    2.30600E+02    2.70918E-01    7.62679E-01
    2.30700E+02    2.71543E-01    7.62203E-01
    2.30800E+02    2.72406E-01    7.61545E-01
    2.30900E+02    2.73719E-01    7.60546E-01
    2.31000E+02    2.76053E-01    7.58773E-01
    2.31100E+02    2.81201E-01    7.54877E-01
    2.31200E+02    2.98237E-01    7.42126E-01
    2.31300E+02    3.53161E-01    7.02464E-01
    2.31400E+02    2.89481E-01    7.48652E-01
    2.31500E+02    2.79869E-01    7.55883E-01
    2.31600E+02    2.76725E-01    7.58263E-01
    2.31700E+02    2.75433E-01    7.59244E-01
    2.31800E+02    2.74880E-01    7.59664E-01
    2.31900E+02    2.74705E-01    7.59796E-01
    2.32000E+02    2.74917E-01    7.59635E-01
    2.32100E+02    2.74827E-01    7.59703E-01
    2.32200E+02    2.75034E-01    7.59546E-01
    2.32300E+02    2.75326E-01    7.59324E-01
    2.32400E+02    2.75717E-01    7.59027E-01
    2.32500E+02    2.76313E-01    7.58576E-01
    2.32600E+02    2.76671E-01    7.58304E-01
    2.32700E+02    2.77340E-01    7.57797E-01
    2.32800E+02    2.77782E-01    7.57462E-01
    2.32900E+02    2.78422E-01    7.56977E-01
    2.33000E+02    2.79321E-01    7.56297E-01
    2.33100E+02    2.80044E-01    7.55751E-01
    2.33200E+02    2.81064E-01    7.54980E-01
    2.33300E+02    2.82344E-01    7.54014E-01
    2.33400E+02    2.83763E-01    7.52945E-01
    2.33500E+02    2.85393E-01    7.51719E-01
    2.33600E+02    2.87576E-01    7.50079E-01
    2.33700E+02    2.90539E-01    7.47860E-01
    2.33800E+02    2.94963E-01    7.44559E-01
    2.33900E+02    3.03861E-01    7.37963E-01
    2.34000E+02    3.03148E-01    7.38490E-01
    2.34100E+02    2.95506E-01    7.44155E-01
    2.34200E+02    2.91821E-01    7.46903E-01
    2.34300E+02    2.89419E-01    7.48698E-01
    2.34400E+02    2.87727E-01    7.49967E-01
    2.34500E+02    2.86513E-01    7.50877E-01
    2.34600E+02    2.85611E-01    7.51555E-01
    2.34700E+02    2.84958E-01    7.52046E-01
    2.34800E+02    2.84519E-01    7.52376E-01
    2.34900E+02    2.84331E-01    7.52518E-01
    2.35000E+02    2.84388E-01    7.52474E-01
    2.35100E+02    2.84849E-01    7.52128E-01
    2.35200E+02    2.85233E-01    7.51839E-01
    2.35300E+02    2.86396E-01    7.50966E-01
    2.35400E+02    2.88741E-01    7.49207E-01
    2.35500E+02    2.93998E-01    7.45278E-01
    2.35600E+02    3.09841E-01    7.33563E-01
    2.35700E+02    4.32188E-01    6.49087E-01
    2.35800E+02    3.17272E-01    7.28133E-01
    2.35900E+02    2.96889E-01    7.43127E-01
    2.36000E+02    2.90154E-01    7.48148E-01
    2.36100E+02    2.87525E-01    7.50117E-01
    2.36200E+02    2.86251E-01    7.51074E-01
    2.36300E+02    2.85737E-01    7.51460E-01
    2.36400E+02    2.85613E-01    7.51553E-01
    2.36500E+02    2.85845E-01    7.51379E-01
    2.36600E+02    2.86667E-01    7.50762E-01
    2.36700E+02    2.87516E-01    7.50124E-01
    2.36800E+02    2.89475E-01    7.48657E-01
    2.36900E+02    2.93493E-01    7.45655E-01
    2.37000E+02    3.03646E-01    7.38122E-01
    2.37100E+02    3.49618E-01    7.04957E-01
    2.37200E+02    3.41892E-01    7.10425E-01
    2.37300E+02    3.02956E-01    7.38632E-01
    2.37400E+02    2.93754E-01    7.45460E-01
    2.37500E+02    2.90312E-01    7.48030E-01
    2.37600E+02    2.88969E-01    7.49036E-01
    2.37700E+02    2.87914E-01    7.49826E-01
    2.37800E+02    2.87532E-01    7.50112E-01
    2.37900E+02    2.87415E-01    7.50200E-01
    2.38000E+02    2.87482E-01    7.50150E-01
    2.38100E+02    2.87718E-01    7.49973E-01
    2.38200E+02    2.88148E-01    7.49651E-01
    2.38300E+02    2.88975E-01    7.49031E-01
    2.38400E+02    2.91898E-01    7.46844E-01
    2.38500E+02    2.91147E-01    7.47406E-01
    2.38600E+02    2.91174E-01    7.47386E-01
    2.38700E+02    2.92780E-01    7.46186E-01
    2.38800E+02    2.95370E-01    7.44256E-01
    2.38900E+02    3.01565E-01    7.39659E-01
    2.39000E+02    3.21312E-01    7.25197E-01
    2.39100E+02    4.52320E-01    6.36151E-01
    2.39200E+02    3.17631E-01    7.27872E-01
    2.39300E+02    3.02511E-01    7.38960E-01
    2.39400E+02    2.97723E-01    7.42507E-01
    2.39500E+02    2.95895E-01    7.43866E-01
    2.39600E+02    2.95622E-01    7.44069E-01
    2.39700E+02    2.94568E-01    7.44853E-01
    2.39800E+02    2.94786E-01    7.44691E-01
    2.39900E+02    2.95360E-01    7.44263E-01
    2.40000E+02    2.95209E-01    7.44376E-01
    2.40100E+02    2.94885E-01    7.44617E-01
    2.40200E+02    2.94990E-01    7.44539E-01
    2.40300E+02    2.95186E-01    7.44393E-01
    2.40400E+02    2.95001E-01    7.44531E-01
    2.40500E+02    2.95124E-01    7.44439E-01
    2.40600E+02    2.95008E-01    7.44526E-01
    2.40700E+02    2.95294E-01    7.44312E-01
    2.40800E+02    2.95486E-01    7.44170E-01
    2.40900E+02    2.96475E-01    7.43434E-01
    2.41000E+02    2.96126E-01    7.43694E-01
    2.41100E+02    2.96690E-01    7.43274E-01
    2.41200E+02    2.99642E-01    7.41083E-01
    2.41300E+02    2.98650E-01    7.41819E-01
    2.41400E+02    2.97904E-01    7.42372E-01
    2.41500E+02    2.98316E-01    7.42067E-01
    2.41600E+02    2.98699E-01    7.41782E-01
    2.41700E+02    2.99329E-01    7.41315E-01
    2.41800E+02    3.00220E-01    7.40656E-01
    2.41900E+02    3.01584E-01    7.39646E-01
    2.42000E+02    3.03954E-01    7.37895E-01
    2.42100E+02    3.08900E-01    7.34254E-01
    2.42200E+02    3.22868E-01    7.24070E-01
    2.42300E+02    4.11023E-01    6.62972E-01
    2.42400E+02    3.36309E-01    7.14403E-01
    2.42500E+02    3.12919E-01    7.31309E-01
    2.42600E+02    3.06349E-01    7.36130E-01
    2.42700E+02    3.03764E-01    7.38035E-01
    2.42800E+02    3.02699E-01    7.38821E-01
    2.42900E+02    3.02510E-01    7.38961E-01
    2.43000E+02    3.03189E-01    7.38460E-01
    2.43100E+02    3.04488E-01    7.37501E-01
    2.43200E+02    3.07636E-01    7.35183E-01
    2.43300E+02    3.16256E-01    7.28873E-01
    2.43400E+02    3.52830E-01    7.02696E-01
    2.43500E+02    3.58401E-01    6.98793E-01
    2.43600E+02    3.17283E-01    7.28125E-01
    2.43700E+02    3.08268E-01    7.34719E-01
    2.43800E+02    3.05053E-01    7.37084E-01
    2.43900E+02    3.03965E-01    7.37886E-01
    2.44000E+02    3.04546E-01    7.37458E-01
    2.44100E+02    3.09770E-01    7.33616E-01
    2.44200E+02    3.12100E-01    7.31908E-01
    2.44300E+02    3.04084E-01    7.37799E-01
    2.44400E+02    3.02547E-01    7.38934E-01
    2.44500E+02    3.01620E-01    7.39619E-01
    2.44600E+02    3.01339E-01    7.39827E-01
    2.44700E+02    3.01210E-01    7.39922E-01
    2.44800E+02    3.01292E-01    7.39862E-01
    2.44900E+02    3.01355E-01    7.39815E-01
    2.45000E+02    3.01452E-01    7.39743E-01
    2.45100E+02    3.01542E-01    7.39676E-01
    2.45200E+02    3.01664E-01    7.39587E-01
    2.45300E+02    3.01823E-01    7.39469E-01
    2.45400E+02    3.01995E-01    7.39342E-01
    2.45500E+02    3.02188E-01    7.39199E-01
    2.45600E+02    3.02403E-01    7.39040E-01
    2.45700E+02    3.02653E-01    7.38855E-01
    2.45800E+02    3.03238E-01    7.38423E-01
    2.45900E+02    3.03075E-01    7.38543E-01
    2.46000E+02    3.03282E-01    7.38391E-01
    2.46100E+02    3.03528E-01    7.38210E-01
    2.46200E+02    3.03809E-01    7.38002E-01
    2.46300E+02    3.04159E-01    7.37744E-01
    2.46400E+02    3.04570E-01    7.37440E-01
    2.46500E+02    3.06595E-01    7.35949E-01
    2.46600E+02    3.05314E-01    7.36892E-01
    2.46700E+02    3.05312E-01    7.36894E-01
    2.46800E+02    3.05569E-01    7.36704E-01
    2.46900E+02    3.05894E-01    7.36465E-01
    2.47000E+02    3.06280E-01    7.36180E-01
    2.47100E+02    3.06753E-01    7.35832E-01
    2.47200E+02    3.07222E-01    7.35487E-01
    2.47300E+02    3.07848E-01    7.35027E-01
    2.47400E+02    3.08658E-01    7.34432E-01
    2.47500E+02    3.09886E-01    7.33531E-01
    2.47600E+02    3.12179E-01    7.31851E-01
    2.47700E+02    3.19190E-01    7.26738E-01
    2.47800E+02    3.25234E-01    7.22358E-01
    2.47900E+02    3.18635E-01    7.27141E-01
    2.48000E+02    3.23296E-01    7.23759E-01
    2.48100E+02    3.44667E-01    7.08456E-01
    2.48200E+02    4.25795E-01    6.53250E-01
    2.48300E+02    3.33893E-01    7.16131E-01
    2.48400E+02    3.20485E-01    7.25797E-01
    2.48500E+02    3.16122E-01    7.28971E-01
    2.48600E+02    3.14317E-01    7.30287E-01
    2.48700E+02    3.13639E-01    7.30783E-01
    2.48800E+02    3.13264E-01    7.31057E-01
    2.48900E+02    3.13277E-01    7.31048E-01
    2.49000E+02    3.13560E-01    7.30841E-01
    2.49100E+02    3.14057E-01    7.30478E-01
    2.49200E+02    3.14801E-01    7.29934E-01
    2.49300E+02    3.15944E-01    7.29100E-01
    2.49400E+02    3.17758E-01    7.27779E-01
    2.49500E+02    3.20892E-01    7.25501E-01
    2.49600E+02    3.27338E-01    7.20840E-01
    2.49700E+02    3.45958E-01    7.07542E-01
    2.49800E+02    4.27547E-01    6.52107E-01
    2.49900E+02    3.79224E-01    6.84392E-01
    2.50000E+02    3.91212E-01    6.76237E-01
    2.50100E+02    3.38038E-01    7.13168E-01
    2.50200E+02    3.26769E-01    7.21250E-01
    2.50300E+02    3.22464E-01    7.24362E-01
    2.50400E+02    3.19574E-01    7.26459E-01
    2.50500E+02    3.18337E-01    7.27358E-01
    2.50600E+02    3.17601E-01    7.27893E-01
    2.50700E+02    3.17351E-01    7.28075E-01
    2.50800E+02    3.17031E-01    7.28308E-01
    2.50900E+02    3.16888E-01    7.28412E-01
    2.51000E+02    3.16883E-01    7.28416E-01
    2.51100E+02    3.16946E-01    7.28370E-01
    2.51200E+02    3.17171E-01    7.28206E-01
    2.51300E+02    3.17189E-01    7.28193E-01
    2.51400E+02    3.17346E-01    7.28079E-01
    2.51500E+02    3.17530E-01    7.27945E-01
    2.51600E+02    3.17733E-01    7.27797E-01
    2.51700E+02    3.17953E-01    7.27637E-01
    2.51800E+02    3.18181E-01    7.27471E-01
    2.51900E+02    3.18428E-01    7.27292E-01
    2.52000E+02    3.18702E-01    7.27092E-01
    2.52100E+02    3.19166E-01    7.26755E-01
    2.52200E+02    3.19250E-01    7.26694E-01
    2.52300E+02    3.19582E-01    7.26453E-01
    2.52400E+02    3.19884E-01    7.26233E-01
    2.52500E+02    3.20380E-01    7.25873E-01
    2.52600E+02    3.20659E-01    7.25670E-01
    2.52700E+02    3.21476E-01    7.25078E-01
    2.52800E+02    3.21522E-01    7.25044E-01
    2.52900E+02    3.21402E-01    7.25132E-01
    2.53000E+02    3.21642E-01    7.24958E-01
    2.53100E+02    3.21935E-01    7.24745E-01
    2.53200E+02    3.22251E-01    7.24516E-01
    2.53300E+02    3.22651E-01    7.24226E-01
    2.53400E+02    3.23280E-01    7.23771E-01
    2.53500E+02    3.23254E-01    7.23790E-01
    2.53600E+02    3.23619E-01    7.23526E-01
    2.53700E+02    3.24325E-01    7.23015E-01
    2.53800E+02    3.24552E-01    7.22851E-01
    2.53900E+02    3.24784E-01    7.22683E-01
    2.54000E+02    3.25124E-01    7.22437E-01
    2.54100E+02    3.25555E-01    7.22127E-01
    2.54200E+02    3.26183E-01    7.21673E-01
    2.54300E+02    3.28054E-01    7.20324E-01
    2.54400E+02    3.26906E-01    7.21152E-01
    2.54500E+02    3.27112E-01    7.21003E-01
    2.54600E+02    3.27466E-01    7.20748E-01
    2.54700E+02    3.27967E-01    7.20387E-01
    2.54800E+02    3.28234E-01    7.20194E-01
    2.54900E+02    3.29102E-01    7.19570E-01
    2.55000E+02    3.28881E-01    7.19728E-01
    2.55100E+02    3.29122E-01    7.19555E-01
    2.55200E+02    3.29376E-01    7.19372E-01
    2.55300E+02    3.29568E-01    7.19234E-01
    2.55400E+02    3.29761E-01    7.19096E-01
    2.55500E+02    3.29945E-01    7.18963E-01
    2.55600E+02    3.30120E-01    7.18838E-01
    2.55700E+02    3.30300E-01    7.18708E-01
    2.55800E+02    3.30495E-01    7.18568E-01
    2.55900E+02    3.30654E-01    7.18454E-01
    2.56000E+02    3.30861E-01    7.18305E-01
    2.56100E+02    3.31056E-01    7.18165E-01
    2.56200E+02    3.31194E-01    7.18066E-01
    2.56300E+02    3.31392E-01    7.17924E-01
    2.56400E+02    3.31629E-01    7.17754E-01
    2.56500E+02    3.31867E-01    7.17583E-01
    2.56600E+02    3.32095E-01    7.17419E-01
    2.56700E+02    3.32433E-01    7.17177E-01
    2.56800E+02    3.32627E-01    7.17037E-01
    2.56900E+02    3.33275E-01    7.16573E-01
    2.57000E+02    3.33077E-01    7.16715E-01
    2.57100E+02    3.33301E-01    7.16555E-01
    2.57200E+02    3.33584E-01    7.16352E-01
    2.57300E+02    3.33892E-01    7.16131E-01
    2.57400E+02    3.34252E-01    7.15874E-01
    2.57500E+02    3.34620E-01    7.15610E-01
    2.57600E+02    3.35056E-01    7.15298E-01
    2.57700E+02    3.35512E-01    7.14972E-01
    2.57800E+02    3.36124E-01    7.14534E-01
    2.57900E+02    3.36799E-01    7.14052E-01
    2.58000E+02    3.38043E-01    7.13165E-01
    2.58100E+02    3.40736E-01    7.11247E-01
    2.58200E+02    3.62155E-01    6.96174E-01
    2.58300E+02    3.43363E-01    7.09381E-01
    2.58400E+02    3.43153E-01    7.09530E-01
    2.58500E+02    3.46826E-01    7.06929E-01
    2.58600E+02    3.58635E-01    6.98630E-01
    2.58700E+02    4.36640E-01    6.46204E-01
    2.58800E+02    3.68215E-01    6.91969E-01
    2.58900E+02    3.49728E-01    7.04880E-01
    2.59000E+02    3.44430E-01    7.08624E-01
    2.59100E+02    3.42297E-01    7.10138E-01
    2.59200E+02    3.41338E-01    7.10819E-01
    2.59300E+02    3.40853E-01    7.11163E-01
    2.59400E+02    3.40671E-01    7.11293E-01
    2.59500E+02    3.40797E-01    7.11203E-01
    2.59600E+02    3.40649E-01    7.11309E-01
    2.59700E+02    3.40739E-01    7.11244E-01
    2.59800E+02    3.40892E-01    7.11136E-01
    2.59900E+02    3.41089E-01    7.10995E-01
    2.60000E+02    3.41373E-01    7.10794E-01
    2.60100E+02    3.41573E-01    7.10652E-01
    2.60200E+02    3.41765E-01    7.10515E-01
    2.60300E+02    3.42010E-01    7.10341E-01
    2.60400E+02    3.42284E-01    7.10147E-01
    2.60500E+02    3.42594E-01    7.09926E-01
    2.60600E+02    3.42910E-01    7.09702E-01
    2.60700E+02    3.43259E-01    7.09454E-01
    2.60800E+02    3.44255E-01    7.08748E-01
    2.60900E+02    3.43914E-01    7.08990E-01
    2.61000E+02    3.44072E-01    7.08878E-01
    2.61100E+02    3.44404E-01    7.08643E-01
    2.61200E+02    3.44665E-01    7.08458E-01
    2.61300E+02    3.44982E-01    7.08233E-01
    2.61400E+02    3.45306E-01    7.08004E-01
    2.61500E+02    3.45635E-01    7.07771E-01
    2.61600E+02    3.45985E-01    7.07523E-01
    2.61700E+02    3.46364E-01    7.07255E-01
    2.61800E+02    3.46731E-01    7.06996E-01
    2.61900E+02    3.47093E-01    7.06739E-01
    2.62000E+02    3.47509E-01    7.06446E-01
    2.62100E+02    3.47921E-01    7.06155E-01
    2.62200E+02    3.48361E-01    7.05844E-01
    2.62300E+02    3.48876E-01    7.05481E-01
    2.62400E+02    3.49500E-01    7.05040E-01
    2.62500E+02    3.50350E-01    7.04441E-01
    2.62600E+02    3.51393E-01    7.03707E-01
    2.62700E+02    3.53610E-01    7.02149E-01
    2.62800E+02    3.61467E-01    6.96653E-01
    2.62900E+02    3.65448E-01    6.93886E-01
    2.63000E+02    3.56011E-01    7.00465E-01
    2.63100E+02    3.54989E-01    7.01181E-01
    2.63200E+02    3.57047E-01    6.99740E-01
    2.63300E+02    3.56564E-01    7.00078E-01
    2.63400E+02    3.58938E-01    6.98418E-01
    2.63500E+02    3.64641E-01    6.94446E-01
    2.63600E+02    3.83006E-01    6.81809E-01
    2.63700E+02    5.03080E-01    6.04665E-01
    2.63800E+02    3.80541E-01    6.83492E-01
    2.63900E+02    3.71668E-01    6.89583E-01
    2.64000E+02    3.61445E-01    6.96669E-01
    2.64100E+02    3.58975E-01    6.98392E-01
    2.64200E+02    3.58008E-01    6.99067E-01
    2.64300E+02    3.57673E-01    6.99301E-01
    2.64400E+02    3.57657E-01    6.99313E-01
    2.64500E+02    3.57919E-01    6.99129E-01
    2.64600E+02    3.58451E-01    6.98758E-01
    2.64700E+02    3.59381E-01    6.98109E-01
    2.64800E+02    3.61547E-01    6.96598E-01
    2.64900E+02    3.72787E-01    6.88812E-01
    2.65000E+02    3.65078E-01    6.94143E-01
    2.65100E+02    3.61411E-01    6.96692E-01
    2.65200E+02    3.60710E-01    6.97181E-01
    2.65300E+02    3.60656E-01    6.97219E-01
    2.65400E+02    3.60856E-01    6.97080E-01
    2.65500E+02    3.61176E-01    6.96856E-01
    2.65600E+02    3.61571E-01    6.96581E-01
    2.65700E+02    3.61963E-01    6.96308E-01
    2.65800E+02    3.62397E-01    6.96006E-01
    2.65900E+02    3.62823E-01    6.95709E-01
    2.66000E+02    3.63246E-01    6.95415E-01
    2.66100E+02    3.63684E-01    6.95111E-01
    2.66200E+02    3.64127E-01    6.94803E-01
    2.66300E+02    3.64416E-01    6.94602E-01
    2.66400E+02    3.64766E-01    6.94359E-01
    2.66500E+02    3.65157E-01    6.94088E-01
    2.66600E+02    3.65609E-01    6.93774E-01
    2.66700E+02    3.66196E-01    6.93367E-01
    2.66800E+02    3.67015E-01    6.92799E-01
    2.66900E+02    3.68328E-01    6.91890E-01
    2.67000E+02    3.70663E-01    6.90276E-01
    2.67100E+02    3.76153E-01    6.86497E-01
    2.67200E+02    3.96396E-01    6.72740E-01
    2.67300E+02    4.19289E-01    6.57514E-01
    2.67400E+02    3.80294E-01    6.83661E-01
    2.67500E+02    3.72777E-01    6.88819E-01
    2.67600E+02    3.70119E-01    6.90652E-01
    2.67700E+02    3.68937E-01    6.91469E-01
    2.67800E+02    3.68381E-01    6.91854E-01
    2.67900E+02    3.68127E-01    6.92029E-01
    2.68000E+02    3.68048E-01    6.92084E-01
    2.68100E+02    3.68107E-01    6.92043E-01
    2.68200E+02    3.68532E-01    6.91749E-01
    2.68300E+02    3.68347E-01    6.91877E-01
    2.68400E+02    3.68516E-01    6.91760E-01
    2.68500E+02    3.68799E-01    6.91565E-01
    2.68600E+02    3.69436E-01    6.91124E-01
    2.68700E+02    3.70002E-01    6.90733E-01
    2.68800E+02    3.69478E-01    6.91095E-01
    2.68900E+02    3.69610E-01    6.91004E-01
    2.69000E+02    3.69828E-01    6.90853E-01
    2.69100E+02    3.70082E-01    6.90678E-01
    2.69200E+02    3.70343E-01    6.90498E-01
    2.69300E+02    3.70619E-01    6.90307E-01
    2.69400E+02    3.70905E-01    6.90110E-01
    2.69500E+02    3.71210E-01    6.89899E-01
    2.69600E+02    3.71499E-01    6.89700E-01
    2.69700E+02    3.71795E-01    6.89496E-01
    2.69800E+02    3.72112E-01    6.89277E-01
    2.69900E+02    3.72425E-01    6.89061E-01
    2.70000E+02    3.72745E-01    6.88841E-01
    2.70100E+02    3.73095E-01    6.88600E-01
    2.70200E+02    3.73390E-01    6.88397E-01
    2.70300E+02    3.73733E-01    6.88161E-01
    2.70400E+02    3.74099E-01    6.87908E-01
    2.70500E+02    3.74487E-01    6.87642E-01
    2.70600E+02    3.74776E-01    6.87444E-01
    2.70700E+02    3.75221E-01    6.87138E-01
    2.70800E+02    3.75587E-01    6.86886E-01
    2.70900E+02    3.76091E-01    6.86540E-01
    2.71000E+02    3.76598E-01    6.86192E-01
    2.71100E+02    3.79274E-01    6.84358E-01
    2.71200E+02    3.77203E-01    6.85777E-01
    2.71300E+02    3.77464E-01    6.85598E-01
    2.71400E+02    3.77630E-01    6.85484E-01
    2.71500E+02    3.77962E-01    6.85257E-01
    2.71600E+02    3.78340E-01    6.84998E-01
    2.71700E+02    3.78762E-01    6.84709E-01
    2.71800E+02    3.79263E-01    6.84366E-01
    2.71900E+02    3.80358E-01    6.83616E-01
    2.72000E+02    3.80300E-01    6.83656E-01
    2.72100E+02    3.80563E-01    6.83476E-01
    2.72200E+02    3.81046E-01    6.83146E-01
    2.72300E+02    3.81624E-01    6.82752E-01
    2.72400E+02    3.82331E-01    6.82269E-01
    2.72500E+02    3.83224E-01    6.81660E-01
    2.72600E+02    3.84419E-01    6.80846E-01
    2.72700E+02    3.86279E-01    6.79581E-01
    2.72800E+02    3.89591E-01    6.77334E-01
    2.72900E+02    3.97517E-01    6.71987E-01
    2.73000E+02    4.30898E-01    6.49925E-01
    2.73100E+02    4.32769E-01    6.48710E-01
    2.73200E+02    3.98920E-01    6.71044E-01
    2.73300E+02    3.91652E-01    6.75939E-01
    2.73400E+02    3.88992E-01    6.77740E-01
    2.73500E+02    3.87931E-01    6.78459E-01
    2.73600E+02    3.87544E-01    6.78721E-01
    2.73700E+02    3.87495E-01    6.78755E-01
    2.73800E+02    3.87722E-01    6.78601E-01
    2.73900E+02    3.88237E-01    6.78252E-01
    2.74000E+02    3.88788E-01    6.77878E-01
    2.74100E+02    3.89655E-01    6.77290E-01
    2.74200E+02    3.91284E-01    6.76188E-01
    2.74300E+02    3.94823E-01    6.73799E-01
    2.74400E+02    4.06540E-01    6.65951E-01
    2.74500E+02    4.36744E-01    6.46137E-01
    2.74600E+02    4.00116E-01    6.70242E-01
    2.74700E+02    3.94242E-01    6.74191E-01
    2.74800E+02    3.92374E-01    6.75452E-01
    2.74900E+02    3.91695E-01    6.75910E-01
    2.75000E+02    3.91526E-01    6.76025E-01
    2.75100E+02    3.91501E-01    6.76041E-01
    2.75200E+02    3.91706E-01    6.75903E-01
    2.75300E+02    3.91788E-01    6.75847E-01
    2.75400E+02    3.92017E-01    6.75693E-01
    2.75500E+02    3.92274E-01    6.75519E-01
    2.75600E+02    3.92560E-01    6.75326E-01
    2.75700E+02    3.92890E-01    6.75103E-01
    2.75800E+02    3.93232E-01    6.74872E-01
    2.75900E+02    3.93607E-01    6.74619E-01
    2.76000E+02    3.93953E-01    6.74386E-01
    2.76100E+02    3.94344E-01    6.74122E-01
    2.76200E+02    3.94766E-01    6.73837E-01
    2.76300E+02    3.95235E-01    6.73522E-01
    2.76400E+02    3.95750E-01    6.73175E-01
    2.76500E+02    3.96376E-01    6.72754E-01
    2.76600E+02    3.97213E-01    6.72191E-01
    2.76700E+02    3.98593E-01    6.71264E-01
    2.76800E+02    4.01829E-01    6.69095E-01
    2.76900E+02    4.19318E-01    6.57495E-01
    2.77000E+02    4.06470E-01    6.65997E-01
    2.77100E+02    4.01147E-01    6.69552E-01
    2.77200E+02    3.99840E-01    6.70427E-01
    2.77300E+02    3.99528E-01    6.70637E-01
    2.77400E+02    3.99594E-01    6.70592E-01
    2.77500E+02    3.99801E-01    6.70453E-01
    2.77600E+02    4.00015E-01    6.70310E-01
    2.77700E+02    4.00301E-01    6.70118E-01
    2.77800E+02    4.00653E-01    6.69883E-01
    2.77900E+02    4.01148E-01    6.69551E-01
    2.78000E+02    4.01422E-01    6.69367E-01
    2.78100E+02    4.01806E-01    6.69110E-01
    2.78200E+02    4.02121E-01    6.68900E-01
    2.78300E+02    4.02555E-01    6.68610E-01
    2.78400E+02    4.03170E-01    6.68199E-01
    2.78500E+02    4.04556E-01    6.67273E-01
    2.78600E+02    4.04066E-01    6.67600E-01
    2.78700E+02    4.04231E-01    6.67490E-01
    2.78800E+02    4.04619E-01    6.67231E-01
    2.78900E+02    4.05105E-01    6.66907E-01
    2.79000E+02    4.05682E-01    6.66522E-01
    2.79100E+02    4.06408E-01    6.66038E-01
    2.79200E+02    4.07515E-01    6.65302E-01
    2.79300E+02    4.09880E-01    6.63730E-01
    2.79400E+02    4.14028E-01    6.60982E-01
    2.79500E+02    4.32193E-01    6.49084E-01
    2.79600E+02    4.12988E-01    6.61670E-01
    2.79700E+02    4.10853E-01    6.63085E-01
    2.79800E+02    4.11625E-01    6.62573E-01
    2.79900E+02    4.21672E-01    6.55949E-01
    2.80000E+02    4.11405E-01    6.62718E-01
    2.80100E+02    4.10458E-01    6.63347E-01
    2.80200E+02    4.10392E-01    6.63390E-01
    2.80300E+02    4.10564E-01    6.63276E-01
    2.80400E+02    4.10842E-01    6.63092E-01
    2.80500E+02    4.11159E-01    6.62881E-01
    2.80600E+02    4.11522E-01    6.62641E-01
    2.80700E+02    4.11927E-01    6.62373E-01
    2.80800E+02    4.12410E-01    6.62053E-01
    2.80900E+02    4.13297E-01    6.61466E-01
    2.81000E+02    4.16139E-01    6.59589E-01
    2.81100E+02    4.13854E-01    6.61097E-01
    2.81200E+02    4.14169E-01    6.60890E-01
    2.81300E+02    4.14367E-01    6.60758E-01
    2.81400E+02    4.14857E-01    6.60435E-01
    2.81500E+02    4.15909E-01    6.59740E-01
    2.81600E+02    4.15793E-01    6.59817E-01
    2.81700E+02    4.15970E-01    6.59700E-01
    2.81800E+02    4.16370E-01    6.59436E-01
    2.81900E+02    4.16927E-01    6.59069E-01
    2.82000E+02    4.17557E-01    6.58654E-01
    2.82100E+02    4.17764E-01    6.58518E-01
    2.82200E+02    4.18199E-01    6.58231E-01
    2.82300E+02    4.18744E-01    6.57872E-01
    2.82400E+02    4.19207E-01    6.57568E-01
    2.82500E+02    4.19902E-01    6.57111E-01
    2.82600E+02    4.20916E-01    6.56446E-01
    2.82700E+02    4.22994E-01    6.55083E-01
    2.82800E+02    4.31952E-01    6.49241E-01
    2.82900E+02    4.28186E-01    6.51690E-01
    2.83000E+02    4.23651E-01    6.54652E-01
    2.83100E+02    4.22859E-01    6.55171E-01
    2.83200E+02    4.22804E-01    6.55207E-01
    2.83300E+02    4.22970E-01    6.55098E-01
    2.83400E+02    4.23297E-01    6.54884E-01
    2.83500E+02    4.23623E-01    6.54671E-01
    2.83600E+02    4.23992E-01    6.54429E-01
    2.83700E+02    4.24398E-01    6.54164E-01
    2.83800E+02    4.24824E-01    6.53885E-01
    2.83900E+02    4.25262E-01    6.53598E-01
    2.84000E+02    4.25732E-01    6.53291E-01
    2.84100E+02    4.26176E-01    6.53002E-01
    2.84200E+02    4.26644E-01    6.52696E-01
    2.84300E+02    4.27170E-01    6.52353E-01
    2.84400E+02    4.28124E-01    6.51730E-01
    2.84500E+02    4.28174E-01    6.51698E-01
    2.84600E+02    4.28775E-01    6.51307E-01
    2.84700E+02    4.29181E-01    6.51042E-01
    2.84800E+02    4.29772E-01    6.50658E-01
    2.84900E+02    4.30342E-01    6.50286E-01
    2.85000E+02    4.30922E-01    6.49910E-01
    2.85100E+02    4.31591E-01    6.49475E-01
    2.85200E+02    4.32338E-01    6.48990E-01
    2.85300E+02    4.33186E-01    6.48440E-01
    2.85400E+02    4.34185E-01    6.47792E-01
    2.85500E+02    4.35421E-01    6.46992E-01
    2.85600E+02    4.37121E-01    6.45893E-01
    2.85700E+02    4.39361E-01    6.44448E-01
    2.85800E+02    4.43177E-01    6.41993E-01
    2.85900E+02    4.50781E-01    6.37130E-01
    2.86000E+02    4.72096E-01    6.23694E-01
    2.86100E+02    5.65773E-01    5.67921E-01
    2.86200E+02    5.20236E-01    5.94380E-01
    2.86300E+02    5.16348E-01    5.96696E-01
    2.86400E+02    4.57918E-01    6.32599E-01
    2.86500E+02    4.48038E-01    6.38880E-01
    2.86600E+02    4.44268E-01    6.41294E-01
    2.86700E+02    4.42525E-01    6.42412E-01
    2.86800E+02    4.41680E-01    6.42955E-01
    2.86900E+02    4.41324E-01    6.43184E-01
    2.87000E+02    4.41298E-01    6.43201E-01
    2.87100E+02    4.41244E-01    6.43236E-01
    2.87200E+02    4.41397E-01    6.43137E-01
    2.87300E+02    4.41650E-01    6.42975E-01
    2.87400E+02    4.41968E-01    6.42770E-01
    2.87500E+02    4.42340E-01    6.42531E-01
    2.87600E+02    4.42755E-01    6.42265E-01
    2.87700E+02    4.43209E-01    6.41973E-01
    2.87800E+02    4.43711E-01    6.41651E-01
    2.87900E+02    4.44261E-01    6.41298E-01
    2.88000E+02    4.44874E-01    6.40905E-01
    2.88100E+02    4.45557E-01    6.40467E-01
    2.88200E+02    4.46360E-01    6.39953E-01
    2.88300E+02    4.47404E-01    6.39285E-01
    2.88400E+02    4.48523E-01    6.38571E-01
    2.88500E+02    4.50132E-01    6.37544E-01
    2.88600E+02    4.52651E-01    6.35940E-01
    2.88700E+02    4.57208E-01    6.33048E-01
    2.88800E+02    4.67827E-01    6.26362E-01
    2.88900E+02    5.08733E-01    6.01257E-01
    2.89000E+02    5.33734E-01    5.86411E-01
    2.89100E+02    4.73091E-01    6.23074E-01
    2.89200E+02    4.60856E-01    6.30744E-01
    2.89300E+02    4.56499E-01    6.33498E-01
    2.89400E+02    4.54626E-01    6.34685E-01
    2.89500E+02    4.53788E-01    6.35218E-01
    2.89600E+02    4.53451E-01    6.35431E-01
    2.89700E+02    4.53404E-01    6.35461E-01
    2.89800E+02    4.53605E-01    6.35334E-01
    2.89900E+02    4.53884E-01    6.35156E-01
    2.90000E+02    4.54185E-01    6.34965E-01
    2.90100E+02    4.54360E-01    6.34854E-01
    2.90200E+02    4.54709E-01    6.34633E-01
    2.90300E+02    4.55112E-01    6.34377E-01
    2.90400E+02    4.55569E-01    6.34087E-01
    2.90500E+02    4.56090E-01    6.33757E-01
    2.90600E+02    4.56628E-01    6.33416E-01
    2.90700E+02    4.57271E-01    6.33009E-01
    2.90800E+02    4.58216E-01    6.32411E-01
    2.90900E+02    4.60510E-01    6.30961E-01
    2.91000E+02    4.65306E-01    6.27943E-01
    2.91100E+02    4.60352E-01    6.31061E-01
    2.91200E+02    4.60018E-01    6.31272E-01
    2.91300E+02    4.60400E-01    6.31031E-01
    2.91400E+02    4.60746E-01    6.30813E-01
    2.91500E+02    4.61094E-01    6.30593E-01
    2.91600E+02    4.61706E-01    6.30208E-01
    2.91700E+02    4.64614E-01    6.28377E-01
    2.91800E+02    4.62701E-01    6.29581E-01
    2.91900E+02    4.63090E-01    6.29336E-01
    2.92000E+02    4.63606E-01    6.29011E-01
    2.92100E+02    4.64184E-01    6.28648E-01
    2.92200E+02    4.64802E-01    6.28259E-01
    2.92300E+02    4.65461E-01    6.27846E-01
    2.92400E+02    4.66205E-01    6.27379E-01
    2.92500E+02    4.67221E-01    6.26741E-01
    2.92600E+02    4.68049E-01    6.26223E-01
    2.92700E+02    4.69038E-01    6.25604E-01
    2.92800E+02    4.70576E-01    6.24643E-01
    2.92900E+02    4.73077E-01    6.23082E-01
    2.93000E+02    4.78273E-01    6.19853E-01
    2.93100E+02    4.95544E-01    6.09239E-01
    2.93200E+02    5.23537E-01    5.92421E-01
    2.93300E+02    4.85129E-01    6.15618E-01
    2.93400E+02    4.79779E-01    6.18920E-01
    2.93500E+02    4.83992E-01    6.16318E-01
    2.93600E+02    4.82773E-01    6.17070E-01
    2.93700E+02    4.76688E-01    6.20836E-01
    2.93800E+02    4.75419E-01    6.21625E-01
    2.93900E+02    4.75121E-01    6.21810E-01
    2.94000E+02    4.75204E-01    6.21758E-01
    2.94100E+02    4.75464E-01    6.21596E-01
    2.94200E+02    4.75833E-01    6.21367E-01
    2.94300E+02    4.76255E-01    6.21105E-01
    2.94400E+02    4.76724E-01    6.20814E-01
    2.94500E+02    4.77231E-01    6.20499E-01
    2.94600E+02    4.77840E-01    6.20121E-01
    2.94700E+02    4.78275E-01    6.19852E-01
    2.94800E+02    4.78831E-01    6.19507E-01
    2.94900E+02    4.79381E-01    6.19166E-01
    2.95000E+02    4.79950E-01    6.18814E-01
    2.95100E+02    4.80521E-01    6.18461E-01
    2.95200E+02    4.81138E-01    6.18080E-01
    2.95300E+02    4.81886E-01    6.17618E-01
    2.95400E+02    4.82488E-01    6.17246E-01
    2.95500E+02    4.83041E-01    6.16905E-01
    2.95600E+02    4.83539E-01    6.16597E-01
    2.95700E+02    4.84156E-01    6.16217E-01
    2.95800E+02    4.84888E-01    6.15766E-01
    2.95900E+02    4.85442E-01    6.15425E-01
    2.96000E+02    4.86158E-01    6.14985E-01
    2.96100E+02    4.86997E-01    6.14469E-01
    2.96200E+02    4.87424E-01    6.14207E-01
    2.96300E+02    4.88099E-01    6.13792E-01
    2.96400E+02    4.89097E-01    6.13180E-01
    2.96500E+02    4.89494E-01    6.12936E-01
    2.96600E+02    4.90192E-01    6.12509E-01
    2.96700E+02    4.90938E-01    6.12052E-01
    2.96800E+02    4.91754E-01    6.11553E-01
    2.96900E+02    4.92538E-01    6.11074E-01
    2.97000E+02    4.93457E-01    6.10512E-01
    2.97100E+02    4.94841E-01    6.09668E-01
    2.97200E+02    4.96961E-01    6.08376E-01
    2.97300E+02    4.96194E-01    6.08843E-01
    2.97400E+02    4.97061E-01    6.08316E-01
    2.97500E+02    4.97760E-01    6.07891E-01
    2.97600E+02    4.98718E-01    6.07309E-01
    2.97700E+02    4.99796E-01    6.06654E-01
    2.97800E+02    5.00983E-01    6.05935E-01
    2.97900E+02    5.02305E-01    6.05134E-01
    2.98000E+02    5.03801E-01    6.04230E-01
    2.98100E+02    5.05561E-01    6.03167E-01
    2.98200E+02    5.07725E-01    6.01863E-01
    2.98300E+02    5.10805E-01    6.00012E-01
    2.98400E+02    5.15652E-01    5.97111E-01
    2.98500E+02    5.19975E-01    5.94536E-01
    2.98600E+02    5.14915E-01    5.97551E-01
    2.98700E+02    5.12164E-01    5.99197E-01
    2.98800E+02    5.11591E-01    5.99541E-01
    2.98900E+02    5.10718E-01    6.00065E-01
    2.99000E+02    5.10467E-01    6.00215E-01
    2.99100E+02    5.10469E-01    6.00214E-01
    2.99200E+02    5.10638E-01    6.00112E-01
    2.99300E+02    5.10999E-01    5.99896E-01
    2.99400E+02    5.11775E-01    5.99431E-01
    2.99500E+02    5.14712E-01    5.97673E-01
    2.99600E+02    5.12504E-01    5.98994E-01
    2.99700E+02    5.12956E-01    5.98723E-01
    2.99800E+02    5.13243E-01    5.98551E-01
    2.99900E+02    5.13837E-01    5.98196E-01
    3.00000E+02    5.14526E-01    5.97784E-01
    3.00100E+02    5.15392E-01    5.97266E-01
    3.00200E+02    5.16246E-01    5.96756E-01
    3.00300E+02    5.17278E-01    5.96141E-01
    3.00400E+02    5.18722E-01    5.95281E-01
    3.00500E+02    5.21161E-01    5.93831E-01
    3.00600E+02    5.27610E-01    5.90013E-01
    3.00700E+02    5.51358E-01    5.76167E-01
    3.00800E+02    5.26830E-01    5.90474E-01
    3.00900E+02    5.24271E-01    5.91987E-01
    3.01000E+02    5.24168E-01    5.92047E-01
    3.01100E+02    5.24821E-01    5.91661E-01
    3.01200E+02    5.25999E-01    5.90965E-01
    3.01300E+02    5.27781E-01    5.89913E-01
    3.01400E+02    5.30434E-01    5.88350E-01
    3.01500E+02    5.34804E-01    5.85784E-01
    3.01600E+02    5.43497E-01    5.80714E-01
    3.01700E+02    5.67618E-01    5.66874E-01
    3.01800E+02    7.34060E-01    4.79956E-01
    3.01900E+02    5.83393E-01    5.58002E-01
    3.02000E+02    5.50448E-01    5.76691E-01
    3.02100E+02    5.41231E-01    5.82031E-01
    3.02200E+02    5.37774E-01    5.84047E-01
    3.02300E+02    5.36459E-01    5.84815E-01
    3.02400E+02    5.36173E-01    5.84983E-01
    3.02500E+02    5.36555E-01    5.84759E-01
    3.02600E+02    5.37299E-01    5.84325E-01
    3.02700E+02    5.38467E-01    5.83643E-01
    3.02800E+02    5.40378E-01    5.82528E-01
    3.02900E+02    5.43759E-01    5.80562E-01
    3.03000E+02    5.51255E-01    5.76226E-01
    3.03100E+02    5.77242E-01    5.61445E-01
    3.03200E+02    6.02974E-01    5.47182E-01
    3.03300E+02    5.57402E-01    5.72695E-01
    3.03400E+02    5.48991E-01    5.77532E-01
    3.03500E+02    5.46509E-01    5.78967E-01
    3.03600E+02    5.46002E-01    5.79261E-01
    3.03700E+02    5.45595E-01    5.79497E-01
    3.03800E+02    5.45902E-01    5.79319E-01
    3.03900E+02    5.46489E-01    5.78979E-01
    3.04000E+02    5.47179E-01    5.78580E-01
    3.04100E+02    5.47985E-01    5.78113E-01
    3.04200E+02    5.48878E-01    5.77597E-01
    3.04300E+02    5.49844E-01    5.77040E-01
    3.04400E+02    5.50885E-01    5.76440E-01
    3.04500E+02    5.52009E-01    5.75792E-01
    3.04600E+02    5.53253E-01    5.75076E-01
    3.04700E+02    5.54716E-01    5.74235E-01
    3.04800E+02    5.57104E-01    5.72865E-01
    3.04900E+02    5.57023E-01    5.72912E-01
    3.05000E+02    5.57313E-01    5.72746E-01
    3.05100E+02    5.57964E-01    5.72374E-01
    3.05200E+02    5.58676E-01    5.71966E-01
    3.05300E+02    5.59496E-01    5.71497E-01
    3.05400E+02    5.60374E-01    5.70995E-01
    3.05500E+02    5.61295E-01    5.70470E-01
    3.05600E+02    5.62257E-01    5.69922E-01
    3.05700E+02    5.63242E-01    5.69360E-01
    3.05800E+02    5.64256E-01    5.68783E-01
    3.05900E+02    5.65307E-01    5.68186E-01
    3.06000E+02    5.66390E-01    5.67571E-01
    3.06100E+02    5.67436E-01    5.66977E-01
    3.06200E+02    5.68537E-01    5.66353E-01
    3.06300E+02    5.69651E-01    5.65723E-01
    3.06400E+02    5.70792E-01    5.65077E-01
    3.06500E+02    5.71933E-01    5.64433E-01
    3.06600E+02    5.73104E-01    5.63773E-01
    3.06700E+02    5.74294E-01    5.63103E-01
    3.06800E+02    5.75512E-01    5.62417E-01
    3.06900E+02    5.76820E-01    5.61682E-01
    3.07000E+02    5.78010E-01    5.61014E-01
    3.07100E+02    5.79231E-01    5.60329E-01
    3.07200E+02    5.80516E-01    5.59609E-01
    3.07300E+02    5.82177E-01    5.58681E-01
    3.07400E+02    5.83576E-01    5.57900E-01
    3.07500E+02    5.85081E-01    5.57061E-01
    3.07600E+02    5.86214E-01    5.56430E-01
    3.07700E+02    5.87524E-01    5.55702E-01
    3.07800E+02    5.88894E-01    5.54941E-01
    3.07900E+02    5.90300E-01    5.54161E-01
    3.08000E+02    5.91722E-01    5.53373E-01
    3.08100E+02    5.93173E-01    5.52571E-01
    3.08200E+02    5.94658E-01    5.51751E-01
    3.08300E+02    5.96176E-01    5.50914E-01
    3.08400E+02    5.97763E-01    5.50041E-01
    3.08500E+02    5.99631E-01    5.49014E-01
    3.08600E+02    6.01613E-01    5.47927E-01
    3.08700E+02    6.02560E-01    5.47408E-01
    3.08800E+02    6.04208E-01    5.46507E-01
    3.08900E+02    6.05896E-01    5.45585E-01
    3.09000E+02    6.07382E-01    5.44775E-01
    3.09100E+02    6.09072E-01    5.43855E-01
    3.09200E+02    6.10867E-01    5.42880E-01
    3.09300E+02    6.12686E-01    5.41893E-01
    3.09400E+02    6.14668E-01    5.40820E-01
    3.09500E+02    6.16380E-01    5.39895E-01
    3.09600E+02    6.18366E-01    5.38824E-01
    3.09700E+02    6.20539E-01    5.37655E-01
    3.09800E+02    6.23099E-01    5.36280E-01
    3.09900E+02    6.26570E-01    5.34422E-01
    3.10000E+02    6.34676E-01    5.30107E-01
    3.10100E+02    6.42181E-01    5.26144E-01
    3.10200E+02    6.33279E-01    5.30848E-01
    3.10300E+02    6.33236E-01    5.30871E-01
    3.10400E+02    6.34365E-01    5.30272E-01
    3.10500E+02    6.36001E-01    5.29405E-01
    3.10600E+02    6.37795E-01    5.28456E-01
    3.10700E+02    6.39688E-01    5.27457E-01
    3.10800E+02    6.41643E-01    5.26427E-01
    3.10900E+02    6.43644E-01    5.25374E-01
    3.11000E+02    6.45700E-01    5.24296E-01
    3.11100E+02    6.47854E-01    5.23167E-01
    3.11200E+02    6.49952E-01    5.22071E-01
    3.11300E+02    6.52091E-01    5.20955E-01
    3.11400E+02    6.54303E-01    5.19804E-01
    3.11500E+02    6.56585E-01    5.18619E-01
    3.11600E+02    6.59002E-01    5.17367E-01
    3.11700E+02    6.61368E-01    5.16145E-01
    3.11800E+02    6.63730E-01    5.14927E-01
    3.11900E+02    6.66180E-01    5.13667E-01
    3.12000E+02    6.68724E-01    5.12362E-01
    3.12100E+02    6.71336E-01    5.11025E-01
    3.12200E+02    6.74010E-01    5.09661E-01
    3.12300E+02    6.76756E-01    5.08263E-01
    3.12400E+02    6.79571E-01    5.06834E-01
    3.12500E+02    6.82509E-01    5.05347E-01
    3.12600E+02    6.85478E-01    5.03849E-01
    3.12700E+02    6.88417E-01    5.02371E-01
    3.12800E+02    6.91506E-01    5.00821E-01
    3.12900E+02    6.94937E-01    4.99106E-01
    3.13000E+02    6.97890E-01    4.97634E-01
    3.13100E+02    7.01154E-01    4.96013E-01
    3.13200E+02    7.04441E-01    4.94385E-01
    3.13300E+02    7.07857E-01    4.92699E-01
    3.13400E+02    7.11359E-01    4.90976E-01
    3.13500E+02    7.14975E-01    4.89204E-01
    3.13600E+02    7.18786E-01    4.87344E-01
    3.13700E+02    7.22152E-01    4.85706E-01
    3.13800E+02    7.25835E-01    4.83920E-01
    3.13900E+02    7.29640E-01    4.82083E-01
    3.14000E+02    7.34046E-01    4.79963E-01
    3.14100E+02    7.37246E-01    4.78430E-01
    3.14200E+02    7.41130E-01    4.76575E-01
    3.14300E+02    7.45153E-01    4.74662E-01
    3.14400E+02    7.49292E-01    4.72701E-01
    3.14500E+02    7.53548E-01    4.70693E-01
    3.14600E+02    7.57938E-01    4.68632E-01
    3.14700E+02    7.62467E-01    4.66514E-01
    3.14800E+02    7.67153E-01    4.64333E-01
    3.14900E+02    7.72006E-01    4.62085E-01
    3.15000E+02    7.77056E-01    4.59758E-01
    3.15100E+02    7.82357E-01    4.57327E-01
    3.15200E+02    7.87848E-01    4.54823E-01
    3.15300E+02    7.93690E-01    4.52173E-01
    3.15400E+02    8.00002E-01    4.49328E-01
    3.15500E+02    8.07055E-01    4.46170E-01
    3.15600E+02    8.15525E-01    4.42407E-01
    3.15700E+02    8.27667E-01    4.37068E-01
    3.15800E+02    8.55718E-01    4.24978E-01
    3.15900E+02    9.11520E-01    4.01913E-01
    3.16000E+02    8.57540E-01    4.24204E-01
    3.16100E+02    8.58668E-01    4.23726E-01
    3.16200E+02    8.74755E-01    4.16964E-01
    3.16300E+02    9.50409E-01    3.86583E-01
    3.16400E+02    9.07164E-01    4.03667E-01
    3.16500E+02    8.87390E-01    4.11729E-01
    3.16600E+02    8.89382E-01    4.10910E-01
    3.16700E+02    9.01884E-01    4.05804E-01
    3.16800E+02    8.99771E-01    4.06663E-01
    3.16900E+02    9.06507E-01    4.03933E-01
    3.17000E+02    9.15169E-01    4.00449E-01
    3.17100E+02    9.26242E-01    3.96039E-01
    3.17200E+02    9.52705E-01    3.85696E-01
    3.17300E+02    9.44672E-01    3.88807E-01
    3.17400E+02    9.52648E-01    3.85718E-01
    3.17500E+02    9.62501E-01    3.81936E-01
    3.17600E+02    9.73223E-01    3.77863E-01
    3.17700E+02    9.84587E-01    3.73593E-01
    3.17800E+02    9.96486E-01    3.69174E-01
    3.17900E+02    1.00892E+00    3.64614E-01
    3.18000E+02    1.02191E+00    3.59905E-01
    3.18100E+02    1.03558E+00    3.55021E-01
    3.18200E+02    1.04974E+00    3.50028E-01
    3.18300E+02    1.06462E+00    3.44858E-01
    3.18400E+02    1.08019E+00    3.39531E-01
    3.18500E+02    1.09655E+00    3.34020E-01
    3.18600E+02    1.11356E+00    3.28388E-01
    3.18700E+02    1.13149E+00    3.22552E-01
    3.18800E+02    1.15031E+00    3.16539E-01
    3.18900E+02    1.17010E+00    3.10335E-01
    3.19000E+02    1.19090E+00    3.03948E-01
    3.19100E+02    1.21281E+00    2.97359E-01
    3.19200E+02    1.23607E+00    2.90525E-01
    3.19300E+02    1.26049E+00    2.83514E-01
    3.19400E+02    1.28652E+00    2.76229E-01
    3.19500E+02    1.31396E+00    2.68754E-01
    3.19600E+02    1.34350E+00    2.60932E-01
    3.19700E+02    1.37577E+00    2.52646E-01
    3.19800E+02    1.41264E+00    2.43499E-01
    3.19900E+02    1.46274E+00    2.31601E-01
    3.20000E+02    1.63455E+00    1.95039E-01
    3.20100E+02    1.53395E+00    2.15682E-01
    3.20200E+02    1.55872E+00    2.10404E-01
    3.20300E+02    1.59593E+00    2.02720E-01
    3.20400E+02    1.63811E+00    1.94347E-01
    3.20500E+02    1.68342E+00    1.85737E-01
    3.20600E+02    1.73152E+00    1.77014E-01
    3.20700E+02    1.78189E+00    1.68320E-01
    3.20800E+02    1.83436E+00    1.59716E-01
    3.20900E+02    1.88852E+00    1.51296E-01
    3.21000E+02    1.94409E+00    1.43117E-01
    3.21100E+02    2.00081E+00    1.35226E-01
    3.21200E+02    2.05822E+00    1.27680E-01
    3.21300E+02    2.11634E+00    1.20472E-01
    3.21400E+02    2.17591E+00    1.13504E-01
    3.21500E+02    2.23777E+00    1.06696E-01
    3.21600E+02    2.30251E+00    1.00008E-01
    3.21700E+02    2.37126E+00    9.33630E-02
    3.21800E+02    2.44481E+00    8.67424E-02
    3.21900E+02    2.52417E+00    8.01244E-02
    3.22000E+02    2.61230E+00    7.33655E-02
    3.22100E+02    2.70289E+00    6.70119E-02
    3.22200E+02    2.80267E+00    6.06477E-02
    3.22300E+02    2.91117E+00    5.44119E-02
    3.22400E+02    3.02921E+00    4.83539E-02
    3.22500E+02    3.15735E+00    4.25382E-02
    3.22600E+02    3.29640E+00    3.70163E-02
    3.22700E+02    3.44756E+00    3.18233E-02
    3.22800E+02    3.61127E+00    2.70174E-02
    3.22900E+02    3.78934E+00    2.26105E-02
    3.23000E+02    3.98273E+00    1.86347E-02
    3.23100E+02    4.19274E+00    1.51048E-02
    3.23200E+02    4.42076E+00    1.20251E-02
    3.23300E+02    4.66810E+00    9.39009E-03
    3.23400E+02    4.93628E+00    7.18127E-03
    3.23500E+02    5.22671E+00    5.37116E-03
    3.23600E+02    5.54076E+00    3.92354E-03
    3.23700E+02    5.88476E+00    2.78150E-03
    3.23800E+02    6.24310E+00    1.94381E-03
    3.23900E+02    6.63233E+00    1.31709E-03
    3.24000E+02    7.04738E+00    8.69681E-04
    3.24100E+02    7.48702E+00    5.60312E-04
    3.24200E+02    7.94972E+00    3.52762E-04
    3.24300E+02    8.43042E+00    2.18129E-04
    3.24400E+02    8.92441E+00    1.33100E-04
    3.24500E+02    9.42304E+00    8.08402E-05
    3.24600E+02    9.91573E+00    4.93914E-05
    3.24700E+02    1.03880E+01    3.07993E-05
    3.24800E+02    1.08220E+01    1.99562E-05
    3.24900E+02    1.11970E+01    1.37150E-05
    3.25000E+02    1.14877E+01    1.02555E-05
    3.25100E+02    1.16652E+01    8.58758E-06
    3.25200E+02    1.16771E+01    8.48619E-06
    3.25300E+02    1.15193E+01    9.93611E-06
    3.25400E+02    1.12464E+01    1.30538E-05
    3.25500E+02    1.08861E+01    1.87163E-05
    3.25600E+02    1.04645E+01    2.85306E-05
    3.25700E+02    1.00016E+01    4.53275E-05
    3.25800E+02    9.51678E+00    7.36059E-05
    3.25900E+02    9.02361E+00    1.20530E-04
    3.26000E+02    8.53362E+00    1.96742E-04
    3.26100E+02    8.05507E+00    3.17487E-04
    3.26200E+02    7.59366E+00    5.03634E-04
    3.26300E+02    7.15420E+00    7.81577E-04
    3.26400E+02    6.73996E+00    1.18270E-03
    3.26500E+02    6.35197E+00    1.74331E-03
    3.26600E+02    5.98706E+00    2.51103E-03
    3.26700E+02    5.65481E+00    3.50064E-03
    3.26800E+02    5.36730E+00    4.66670E-03
    3.26900E+02    5.34372E+00    4.77806E-03
    3.27000E+02    4.80077E+00    8.22338E-03
    3.27100E+02    4.51746E+00    1.09167E-02
    3.27200E+02    4.27416E+00    1.39237E-02
    3.27300E+02    4.05406E+00    1.73518E-02
    3.27400E+02    3.85241E+00    2.12285E-02
    3.27500E+02    3.66694E+00    2.55545E-02
    3.27600E+02    3.49640E+00    3.03062E-02
    3.27700E+02    3.34125E+00    3.53928E-02
    3.27800E+02    3.20704E+00    4.04763E-02
    3.27900E+02    3.06775E+00    4.65257E-02
    3.28000E+02    2.93077E+00    5.33561E-02
    3.28100E+02    2.81092E+00    6.01496E-02
    3.28200E+02    2.70100E+00    6.71383E-02
    3.28300E+02    2.59912E+00    7.43391E-02
    3.28400E+02    2.50438E+00    8.17261E-02
    3.28500E+02    2.41627E+00    8.92537E-02
    3.28600E+02    2.33390E+00    9.69174E-02
    3.28700E+02    2.25699E+00    1.04666E-01
    3.28800E+02    2.18516E+00    1.12460E-01
    3.28900E+02    2.11787E+00    1.20287E-01
    3.29000E+02    2.05487E+00    1.28109E-01
    3.29100E+02    1.99582E+00    1.35902E-01
    3.29200E+02    1.94026E+00    1.43666E-01
    3.29300E+02    1.88819E+00    1.51345E-01
    3.29400E+02    1.83896E+00    1.58982E-01
    3.29500E+02    1.79277E+00    1.66499E-01
    3.29600E+02    1.74935E+00    1.73887E-01
    3.29700E+02    1.70833E+00    1.81168E-01
    3.29800E+02    1.67043E+00    1.88167E-01
    3.29900E+02    1.63280E+00    1.95382E-01
    3.30000E+02    1.59800E+00    2.02301E-01
    3.30100E+02    1.56519E+00    2.09049E-01
    3.30200E+02    1.53415E+00    2.15639E-01
    3.30300E+02    1.50471E+00    2.22081E-01
    3.30400E+02    1.47683E+00    2.28360E-01
    3.30500E+02    1.45031E+00    2.34496E-01
    3.30600E+02    1.42520E+00    2.40459E-01
    3.30700E+02    1.40134E+00    2.46267E-01
    3.30800E+02    1.37859E+00    2.51934E-01
    3.30900E+02    1.35700E+00    2.57431E-01
    3.31000E+02    1.33651E+00    2.62762E-01
    3.31100E+02    1.31693E+00    2.67955E-01
    3.31200E+02    1.29828E+00    2.73001E-01
    3.31300E+02    1.28053E+00    2.77891E-01
    3.31400E+02    1.26361E+00    2.82633E-01
    3.31500E+02    1.24753E+00    2.87212E-01
    3.31600E+02    1.23221E+00    2.91648E-01
    3.31700E+02    1.21769E+00    2.95914E-01
    3.31800E+02    1.20453E+00    2.99834E-01
    3.31900E+02    1.19061E+00    3.04037E-01
    3.32000E+02    1.17808E+00    3.07868E-01
    3.32100E+02    1.16655E+00    3.11438E-01
    3.32200E+02    1.15565E+00    3.14853E-01
    3.32300E+02    1.14608E+00    3.17882E-01
    3.32400E+02    1.13853E+00    3.20290E-01
    3.32500E+02    1.13533E+00    3.21316E-01
    3.32600E+02    1.14642E+00    3.17773E-01
    3.32700E+02    1.30895E+00    2.70103E-01
    3.32800E+02    1.14653E+00    3.17738E-01
    3.32900E+02    1.15186E+00    3.16048E-01
    3.33000E+02    1.09307E+00    3.35187E-01
    3.33100E+02    1.07490E+00    3.41330E-01
    3.33200E+02    1.06297E+00    3.45428E-01
    3.33300E+02    1.05328E+00    3.48793E-01
    3.33400E+02    1.04480E+00    3.51763E-01
    3.33500E+02    1.03697E+00    3.54528E-01
    3.33600E+02    1.02976E+00    3.57092E-01
    3.33700E+02    1.02293E+00    3.59541E-01
    3.33800E+02    1.01651E+00    3.61854E-01
    3.33900E+02    1.01047E+00    3.64049E-01
    3.34000E+02    1.00466E+00    3.66169E-01
    3.34100E+02    9.98888E-01    3.68289E-01
    3.34200E+02    9.93493E-01    3.70281E-01
    3.34300E+02    9.88410E-01    3.72168E-01
    3.34400E+02    9.83467E-01    3.74012E-01
    3.34500E+02    9.78816E-01    3.75756E-01
    3.34600E+02    9.74358E-01    3.77435E-01
    3.34700E+02    9.70151E-01    3.79026E-01
    3.34800E+02    9.66128E-01    3.80554E-01
    3.34900E+02    9.62464E-01    3.81951E-01
    3.35000E+02    9.59307E-01    3.83158E-01
    3.35100E+02    9.57379E-01    3.83898E-01
    3.35200E+02    9.60320E-01    3.82770E-01
    3.35300E+02    9.67969E-01    3.79854E-01
    3.35400E+02    9.48379E-01    3.87368E-01
    3.35500E+02    9.42255E-01    3.89748E-01
    3.35600E+02    9.38129E-01    3.91360E-01
    3.35700E+02    9.34922E-01    3.92616E-01
    3.35800E+02    9.31149E-01    3.94101E-01
    3.35900E+02    9.28431E-01    3.95173E-01
    3.36000E+02    9.25015E-01    3.96525E-01
    3.36100E+02    9.22126E-01    3.97673E-01
    3.36200E+02    9.19789E-01    3.98603E-01
    3.36300E+02    9.16732E-01    3.99824E-01
    3.36400E+02    9.14172E-01    4.00848E-01
    3.36500E+02    9.11726E-01    4.01830E-01
    3.36600E+02    9.09401E-01    4.02765E-01
    3.36700E+02    9.07144E-01    4.03675E-01
    3.36800E+02    9.04997E-01    4.04543E-01
    3.36900E+02    9.02964E-01    4.05366E-01
    3.37000E+02    9.00988E-01    4.06168E-01
    3.37100E+02    8.99240E-01    4.06879E-01
    3.37200E+02    8.97429E-01    4.07616E-01
    3.37300E+02    8.95671E-01    4.08334E-01
    3.37400E+02    8.94019E-01    4.09009E-01
    3.37500E+02    8.92567E-01    4.09603E-01
    3.37600E+02    8.91376E-01    4.10091E-01
    3.37700E+02    8.89685E-01    4.10785E-01
    3.37800E+02    8.88069E-01    4.11449E-01
    3.37900E+02    8.86686E-01    4.12019E-01
    3.38000E+02    8.85404E-01    4.12548E-01
    3.38100E+02    8.84232E-01    4.13031E-01
    3.38200E+02    8.83081E-01    4.13507E-01
    3.38300E+02    8.82090E-01    4.13917E-01
    3.38400E+02    8.81065E-01    4.14342E-01
    3.38500E+02    8.80096E-01    4.14743E-01
    3.38600E+02    8.79343E-01    4.15056E-01
    3.38700E+02    8.79845E-01    4.14847E-01
    3.38800E+02    8.77876E-01    4.15665E-01
    3.38900E+02    8.76786E-01    4.16118E-01
    3.39000E+02    8.75931E-01    4.16474E-01
    3.39100E+02    8.75199E-01    4.16779E-01
    3.39200E+02    8.74542E-01    4.17053E-01
    3.39300E+02    8.73928E-01    4.17309E-01
    3.39400E+02    8.73368E-01    4.17543E-01
    3.39500E+02    8.72849E-01    4.17760E-01
    3.39600E+02    8.72373E-01    4.17959E-01
    3.39700E+02    8.71938E-01    4.18140E-01
    3.39800E+02    8.71557E-01    4.18300E-01
    3.39900E+02    8.71224E-01    4.18439E-01
    3.40000E+02    8.70867E-01    4.18589E-01
    3.40100E+02    8.70575E-01    4.18711E-01
    3.40200E+02    8.70326E-01    4.18815E-01
    3.40300E+02    8.70109E-01    4.18906E-01
    3.40400E+02    8.69935E-01    4.18979E-01
    3.40500E+02    8.69805E-01    4.19033E-01
    3.40600E+02    8.69791E-01    4.19039E-01
    3.40700E+02    8.70020E-01    4.18943E-01
    3.40800E+02    8.69585E-01    4.19125E-01
    3.40900E+02    8.69516E-01    4.19154E-01
    3.41000E+02    8.69507E-01    4.19158E-01
    3.41100E+02    8.69538E-01    4.19145E-01
    3.41200E+02    8.69604E-01    4.19117E-01
    3.41300E+02    8.69702E-01    4.19076E-01
    3.41400E+02    8.69830E-01    4.19023E-01
    3.41500E+02    8.69992E-01    4.18955E-01
    3.41600E+02    8.70183E-01    4.18875E-01
    3.41700E+02    8.70411E-01    4.18779E-01
    3.41800E+02    8.70708E-01    4.18655E-01
    3.41900E+02    8.71190E-01    4.18453E-01
    3.42000E+02    8.71351E-01    4.18386E-01
    3.42100E+02    8.72161E-01    4.18047E-01
    3.42200E+02    8.72059E-01    4.18090E-01
    3.42300E+02    8.72459E-01    4.17923E-01
    3.42400E+02    8.72935E-01    4.17724E-01
    3.42500E+02    8.73512E-01    4.17483E-01
    3.42600E+02    8.74085E-01    4.17243E-01
    3.42700E+02    8.74844E-01    4.16927E-01
    3.42800E+02    8.75843E-01    4.16511E-01
    3.42900E+02    8.77265E-01    4.15919E-01
    3.43000E+02    8.79843E-01    4.14848E-01
    3.43100E+02    8.86689E-01    4.12018E-01
    3.43200E+02    9.14209E-01    4.00833E-01
    3.43300E+02    8.95898E-01    4.08241E-01
    3.43400E+02    8.86184E-01    4.12226E-01
    3.43500E+02    8.96377E-01    4.08046E-01
    3.43600E+02    8.83491E-01    4.13338E-01
    3.43700E+02    8.81714E-01    4.14072E-01
    3.43800E+02    8.81459E-01    4.14178E-01
    3.43900E+02    8.81691E-01    4.14082E-01
    3.44000E+02    8.82085E-01    4.13919E-01
    3.44100E+02    8.82613E-01    4.13700E-01
    3.44200E+02    8.83221E-01    4.13449E-01
    3.44300E+02    8.83882E-01    4.13176E-01
    3.44400E+02    8.84595E-01    4.12881E-01
    3.44500E+02    8.85349E-01    4.12570E-01
    3.44600E+02    8.86161E-01    4.12235E-01
    3.44700E+02    8.86966E-01    4.11904E-01
    3.44800E+02    8.87854E-01    4.11538E-01
    3.44900E+02    8.88723E-01    4.11180E-01
    3.45000E+02    8.89539E-01    4.10845E-01
    3.45100E+02    8.90427E-01    4.10481E-01
    3.45200E+02    8.91352E-01    4.10101E-01
    3.45300E+02    8.92292E-01    4.09715E-01
    3.45400E+02    8.93262E-01    4.09318E-01
    3.45500E+02    8.94249E-01    4.08915E-01
    3.45600E+02    8.95263E-01    4.08500E-01
    3.45700E+02    8.96290E-01    4.08081E-01
    3.45800E+02    8.97337E-01    4.07654E-01
    3.45900E+02    8.98412E-01    4.07216E-01
    3.46000E+02    8.99497E-01    4.06774E-01
    3.46100E+02    9.00610E-01    4.06322E-01
    3.46200E+02    9.01745E-01    4.05861E-01
    3.46300E+02    9.02869E-01    4.05405E-01
    3.46400E+02    9.04060E-01    4.04922E-01
    3.46500E+02    9.05199E-01    4.04462E-01
    3.46600E+02    9.06450E-01    4.03956E-01
    3.46700E+02    9.07645E-01    4.03473E-01
    3.46800E+02    9.08931E-01    4.02955E-01
    3.46900E+02    9.10245E-01    4.02426E-01
    3.47000E+02    9.11455E-01    4.01939E-01
    3.47100E+02    9.12779E-01    4.01407E-01
    3.47200E+02    9.14317E-01    4.00790E-01
    3.47300E+02    9.15482E-01    4.00323E-01
    3.47400E+02    9.16729E-01    3.99825E-01
    3.47500E+02    9.18057E-01    3.99294E-01
    3.47600E+02    9.19466E-01    3.98732E-01
    3.47700E+02    9.20918E-01    3.98153E-01
    3.47800E+02    9.22735E-01    3.97431E-01
    3.47900E+02    9.23793E-01    3.97010E-01
    3.48000E+02    9.25313E-01    3.96407E-01
    3.48100E+02    9.26695E-01    3.95860E-01
    3.48200E+02    9.28187E-01    3.95270E-01
    3.48300E+02    9.29679E-01    3.94680E-01
    3.48400E+02    9.31239E-01    3.94065E-01
    3.48500E+02    9.32822E-01    3.93442E-01
    3.48600E+02    9.34505E-01    3.92780E-01
    3.48700E+02    9.35980E-01    3.92201E-01
    3.48800E+02    9.37636E-01    3.91552E-01
    3.48900E+02    9.39265E-01    3.90915E-01
    3.49000E+02    9.41208E-01    3.90156E-01
    3.49100E+02    9.42621E-01    3.89606E-01
    3.49200E+02    9.44340E-01    3.88936E-01
    3.49300E+02    9.46103E-01    3.88251E-01
    3.49400E+02    9.47976E-01    3.87525E-01
    3.49500E+02    9.50047E-01    3.86723E-01
    3.49600E+02    9.52219E-01    3.85884E-01
    3.49700E+02    9.55752E-01    3.84523E-01
    3.49800E+02    9.57112E-01    3.84000E-01
    3.49900E+02    9.57494E-01    3.83854E-01
