    1.49900E+02    9.54395E-02    9.08973E-01
    1.50000E+02    9.56355E-02    9.08795E-01
    1.50100E+02    9.58291E-02    9.08619E-01
    1.50200E+02    9.59725E-02    9.08489E-01
    1.50300E+02    9.61629E-02    9.08316E-01
    1.50400E+02    9.63282E-02    9.08166E-01
    1.50500E+02    9.65092E-02    9.08002E-01
    1.50600E+02    9.66948E-02    9.07833E-01
    1.50700E+02    9.68867E-02    9.07659E-01
    1.50800E+02    9.70769E-02    9.07486E-01
    1.50900E+02    9.72691E-02    9.07312E-01
    1.51000E+02    9.74624E-02    9.07136E-01
    1.51100E+02    9.76631E-02    9.06954E-01
    1.51200E+02    9.78567E-02    9.06779E-01
    1.51300E+02    9.80569E-02    9.06597E-01
    1.51400E+02    9.82538E-02    9.06419E-01
    1.51500E+02    9.84513E-02    9.06240E-01
    1.51600E+02    9.86531E-02    9.06057E-01
    1.51700E+02    9.88496E-02    9.05879E-01
    1.51800E+02    9.90460E-02    9.05701E-01
    1.51900E+02    9.92475E-02    9.05519E-01
    1.52000E+02    9.94453E-02    9.05339E-01
    1.52100E+02    9.96482E-02    9.05156E-01
    1.52200E+02    9.98434E-02    9.04979E-01
    1.52300E+02    1.00049E-01    9.04793E-01
    1.52400E+02    1.00254E-01    9.04608E-01
    1.52500E+02    1.00466E-01    9.04415E-01
    1.52600E+02    1.00674E-01    9.04228E-01
    1.52700E+02    1.00890E-01    9.04033E-01
    1.52800E+02    1.01106E-01    9.03837E-01
    1.52900E+02    1.01332E-01    9.03633E-01
    1.53000E+02    1.01565E-01    9.03422E-01
    1.53100E+02    1.01804E-01    9.03207E-01
    1.53200E+02    1.02046E-01    9.02988E-01
    1.53300E+02    1.02310E-01    9.02750E-01
    1.53400E+02    1.02601E-01    9.02487E-01
    1.53500E+02    1.02952E-01    9.02170E-01
    1.53600E+02    1.03425E-01    9.01743E-01
    1.53700E+02    1.04707E-01    9.00588E-01
    1.53800E+02    1.04866E-01    9.00445E-01
    1.53900E+02    1.06840E-01    8.98670E-01
    1.54000E+02    1.10804E-01    8.95114E-01
    1.54100E+02    1.09068E-01    8.96670E-01
    1.54200E+02    1.05901E-01    8.99514E-01
    1.54300E+02    1.05278E-01    9.00074E-01
    1.54400E+02    1.05146E-01    9.00193E-01
    1.54500E+02    1.05198E-01    9.00146E-01
    1.54600E+02    1.05334E-01    9.00024E-01
    1.54700E+02    1.05565E-01    8.99816E-01
    1.54800E+02    1.05765E-01    8.99636E-01
    1.54900E+02    1.05974E-01    8.99448E-01
    1.55000E+02    1.06202E-01    8.99243E-01
    1.55100E+02    1.06434E-01    8.99034E-01
    1.55200E+02    1.06673E-01    8.98820E-01
    1.55300E+02    1.06913E-01    8.98604E-01
    1.55400E+02    1.07162E-01    8.98380E-01
    1.55500E+02    1.07417E-01    8.98151E-01
    1.55600E+02    1.07677E-01    8.97918E-01
    1.55700E+02    1.07947E-01    8.97675E-01
    1.55800E+02    1.08228E-01    8.97423E-01
    1.55900E+02    1.08560E-01    8.97125E-01
    1.56000E+02    1.08977E-01    8.96751E-01
    1.56100E+02    1.10846E-01    8.95077E-01
    1.56200E+02    1.09554E-01    8.96233E-01
    1.56300E+02    1.09627E-01    8.96169E-01
    1.56400E+02    1.09863E-01    8.95957E-01
    1.56500E+02    1.10229E-01    8.95629E-01
    1.56600E+02    1.10380E-01    8.95494E-01
    1.56700E+02    1.10648E-01    8.95254E-01
    1.56800E+02    1.10912E-01    8.95018E-01
    1.56900E+02    1.11189E-01    8.94770E-01
    1.57000E+02    1.11490E-01    8.94500E-01
    1.57100E+02    1.11771E-01    8.94249E-01
    1.57200E+02    1.12084E-01    8.93969E-01
    1.57300E+02    1.12452E-01    8.93640E-01
    1.57400E+02    1.12662E-01    8.93452E-01
    1.57500E+02    1.12950E-01    8.93196E-01
    1.57600E+02    1.13250E-01    8.92928E-01
    1.57700E+02    1.13556E-01    8.92654E-01
    1.57800E+02    1.13863E-01    8.92380E-01
    1.57900E+02    1.14175E-01    8.92102E-01
    1.58000E+02    1.14492E-01    8.91819E-01
    1.58100E+02    1.14814E-01    8.91532E-01
    1.58200E+02    1.15134E-01    8.91247E-01
    1.58300E+02    1.15466E-01    8.90951E-01
    1.58400E+02    1.15804E-01    8.90649E-01
    1.58500E+02    1.16226E-01    8.90274E-01
    1.58600E+02    1.16527E-01    8.90006E-01
    1.58700E+02    1.16795E-01    8.89768E-01
    1.58800E+02    1.17128E-01    8.89471E-01
    1.58900E+02    1.17465E-01    8.89171E-01
    1.59000E+02    1.17807E-01    8.88867E-01
    1.59100E+02    1.18167E-01    8.88548E-01
    1.59200E+02    1.18529E-01    8.88226E-01
    1.59300E+02    1.18875E-01    8.87919E-01
    1.59400E+02    1.19228E-01    8.87606E-01
    1.59500E+02    1.19610E-01    8.87266E-01
    1.59600E+02    1.19960E-01    8.86956E-01
    1.59700E+02    1.20313E-01    8.86643E-01
    1.59800E+02    1.20692E-01    8.86307E-01
    1.59900E+02    1.21081E-01    8.85962E-01
    1.60000E+02    1.21458E-01    8.85629E-01
    1.60100E+02    1.21835E-01    8.85295E-01
    1.60200E+02    1.22222E-01    8.84952E-01
    1.60300E+02    1.22604E-01    8.84614E-01
    1.60400E+02    1.23016E-01    8.84250E-01
    1.60500E+02    1.23407E-01    8.83904E-01
    1.60600E+02    1.23805E-01    8.83552E-01
    1.60700E+02    1.24216E-01    8.83189E-01
    1.60800E+02    1.24623E-01    8.82830E-01
    1.60900E+02    1.25039E-01    8.82462E-01
    1.61000E+02    1.25464E-01    8.82087E-01
    1.61100E+02    1.25894E-01    8.81708E-01
    1.61200E+02    1.26331E-01    8.81323E-01
    1.61300E+02    1.26774E-01    8.80933E-01
    1.61400E+02    1.27203E-01    8.80555E-01
    1.61500E+02    1.27646E-01    8.80165E-01
    1.61600E+02    1.28096E-01    8.79769E-01
    1.61700E+02    1.28557E-01    8.79363E-01
    1.61800E+02    1.29016E-01    8.78960E-01
    1.61900E+02    1.29487E-01    8.78546E-01
    1.62000E+02    1.29958E-01    8.78132E-01
    1.62100E+02    1.30438E-01    8.77711E-01
    1.62200E+02    1.30922E-01    8.77286E-01
    1.62300E+02    1.31421E-01    8.76849E-01
    1.62400E+02    1.31908E-01    8.76421E-01
    1.62500E+02    1.32413E-01    8.75979E-01
    1.62600E+02    1.32924E-01    8.75532E-01
    1.62700E+02    1.33438E-01    8.75081E-01
    1.62800E+02    1.33963E-01    8.74622E-01
    1.62900E+02    1.34494E-01    8.74158E-01
    1.63000E+02    1.35038E-01    8.73683E-01
    1.63100E+02    1.35594E-01    8.73197E-01
    1.63200E+02    1.36185E-01    8.72681E-01
    1.63300E+02    1.36764E-01    8.72176E-01
    1.63400E+02    1.37283E-01    8.71724E-01
    1.63500E+02    1.37854E-01    8.71226E-01
    1.63600E+02    1.38445E-01    8.70711E-01
    1.63700E+02    1.39042E-01    8.70191E-01
    1.63800E+02    1.39657E-01    8.69656E-01
    1.63900E+02    1.40288E-01    8.69108E-01
    1.64000E+02    1.40939E-01    8.68543E-01
    1.64100E+02    1.41598E-01    8.67970E-01
    1.64200E+02    1.42292E-01    8.67368E-01
    1.64300E+02    1.43022E-01    8.66735E-01
    1.64400E+02    1.43803E-01    8.66058E-01
    1.64500E+02    1.44669E-01    8.65309E-01
    1.64600E+02    1.45694E-01    8.64422E-01
    1.64700E+02    1.47107E-01    8.63201E-01
    1.64800E+02    1.49560E-01    8.61087E-01
    1.64900E+02    1.56753E-01    8.54916E-01
    1.65000E+02    1.58040E-01    8.53816E-01
    1.65100E+02    1.51911E-01    8.59065E-01
    1.65200E+02    1.51291E-01    8.59597E-01
    1.65300E+02    1.51819E-01    8.59143E-01
    1.65400E+02    1.52954E-01    8.58169E-01
    1.65500E+02    1.54914E-01    8.56489E-01
    1.65600E+02    1.58797E-01    8.53170E-01
    1.65700E+02    1.70460E-01    8.43277E-01
    1.65800E+02    2.13430E-01    8.07808E-01
    1.65900E+02    1.66680E-01    8.46471E-01
    1.66000E+02    1.60386E-01    8.51815E-01
    1.66100E+02    1.58777E-01    8.53186E-01
    1.66200E+02    1.58755E-01    8.53206E-01
    1.66300E+02    1.58663E-01    8.53284E-01
    1.66400E+02    1.59082E-01    8.52926E-01
    1.66500E+02    1.59707E-01    8.52393E-01
    1.66600E+02    1.60559E-01    8.51667E-01
    1.66700E+02    1.61151E-01    8.51164E-01
    1.66800E+02    1.61940E-01    8.50492E-01
    1.66900E+02    1.62789E-01    8.49771E-01
    1.67000E+02    1.63680E-01    8.49014E-01
    1.67100E+02    1.64626E-01    8.48211E-01
    1.67200E+02    1.65618E-01    8.47370E-01
    1.67300E+02    1.66704E-01    8.46450E-01
    1.67400E+02    1.67990E-01    8.45362E-01
    1.67500E+02    1.70155E-01    8.43534E-01
    1.67600E+02    1.73301E-01    8.40884E-01
    1.67700E+02    1.71343E-01    8.42533E-01
    1.67800E+02    1.71850E-01    8.42105E-01
    1.67900E+02    1.72725E-01    8.41369E-01
    1.68000E+02    1.73727E-01    8.40526E-01
    1.68100E+02    1.74791E-01    8.39633E-01
    1.68200E+02    1.75891E-01    8.38709E-01
    1.68300E+02    1.77030E-01    8.37755E-01
    1.68400E+02    1.78199E-01    8.36776E-01
    1.68500E+02    1.79396E-01    8.35775E-01
    1.68600E+02    1.80625E-01    8.34749E-01
    1.68700E+02    1.81885E-01    8.33697E-01
    1.68800E+02    1.83195E-01    8.32606E-01
    1.68900E+02    1.84675E-01    8.31375E-01
    1.69000E+02    1.86270E-01    8.30050E-01
    1.69100E+02    1.87225E-01    8.29257E-01
    1.69200E+02    1.88522E-01    8.28182E-01
    1.69300E+02    1.89907E-01    8.27036E-01
    1.69400E+02    1.91329E-01    8.25861E-01
    1.69500E+02    1.92791E-01    8.24654E-01
    1.69600E+02    1.94298E-01    8.23413E-01
    1.69700E+02    1.95828E-01    8.22154E-01
    1.69800E+02    1.97428E-01    8.20839E-01
    1.69900E+02    1.99037E-01    8.19519E-01
    1.70000E+02    2.00725E-01    8.18137E-01
    1.70100E+02    2.02259E-01    8.16884E-01
    1.70200E+02    2.03949E-01    8.15504E-01
    1.70300E+02    2.05800E-01    8.13996E-01
    1.70400E+02    2.07441E-01    8.12661E-01
    1.70500E+02    2.09246E-01    8.11195E-01
    1.70600E+02    2.11091E-01    8.09700E-01
    1.70700E+02    2.12987E-01    8.08167E-01
    1.70800E+02    2.14924E-01    8.06602E-01
    1.70900E+02    2.16915E-01    8.04998E-01
    1.71000E+02    2.18961E-01    8.03353E-01
    1.71100E+02    2.21062E-01    8.01667E-01
    1.71200E+02    2.23224E-01    7.99936E-01
    1.71300E+02    2.25506E-01    7.98112E-01
    1.71400E+02    2.28683E-01    7.95581E-01
    1.71500E+02    2.30040E-01    7.94502E-01
    1.71600E+02    2.32214E-01    7.92777E-01
    1.71700E+02    2.34542E-01    7.90933E-01
    1.71800E+02    2.36970E-01    7.89015E-01
    1.71900E+02    2.39472E-01    7.87044E-01
    1.72000E+02    2.42040E-01    7.85025E-01
    1.72100E+02    2.44672E-01    7.82961E-01
    1.72200E+02    2.47380E-01    7.80844E-01
    1.72300E+02    2.50153E-01    7.78682E-01
    1.72400E+02    2.53004E-01    7.76465E-01
    1.72500E+02    2.55933E-01    7.74194E-01
    1.72600E+02    2.58940E-01    7.71869E-01
    1.72700E+02    2.62036E-01    7.69483E-01
    1.72800E+02    2.65234E-01    7.67026E-01
    1.72900E+02    2.68489E-01    7.64534E-01
    1.73000E+02    2.71861E-01    7.61960E-01
    1.73100E+02    2.75350E-01    7.59306E-01
    1.73200E+02    2.78990E-01    7.56548E-01
    1.73300E+02    2.82931E-01    7.53572E-01
    1.73400E+02    2.87329E-01    7.50265E-01
    1.73500E+02    2.94130E-01    7.45180E-01
    1.73600E+02    2.94797E-01    7.44683E-01
    1.73700E+02    2.98391E-01    7.42011E-01
    1.73800E+02    3.02431E-01    7.39019E-01
    1.73900E+02    3.06692E-01    7.35878E-01
    1.74000E+02    3.11126E-01    7.32621E-01
    1.74100E+02    3.15708E-01    7.29272E-01
    1.74200E+02    3.20460E-01    7.25815E-01
    1.74300E+02    3.25357E-01    7.22270E-01
    1.74400E+02    3.30424E-01    7.18619E-01
    1.74500E+02    3.35680E-01    7.14852E-01
    1.74600E+02    3.41101E-01    7.10987E-01
    1.74700E+02    3.46713E-01    7.07008E-01
    1.74800E+02    3.52561E-01    7.02886E-01
    1.74900E+02    3.58676E-01    6.98601E-01
    1.75000E+02    3.65180E-01    6.94072E-01
    1.75100E+02    3.72641E-01    6.88913E-01
    1.75200E+02    3.83988E-01    6.81140E-01
    1.75300E+02    3.86794E-01    6.79231E-01
    1.75400E+02    3.97102E-01    6.72266E-01
    1.75500E+02    4.03473E-01    6.67996E-01
    1.75600E+02    4.07720E-01    6.65165E-01
    1.75700E+02    4.14784E-01    6.60483E-01
    1.75800E+02    4.22614E-01    6.55332E-01
    1.75900E+02    4.30929E-01    6.49905E-01
    1.76000E+02    4.39629E-01    6.44276E-01
    1.76100E+02    4.48714E-01    6.38449E-01
    1.76200E+02    4.58194E-01    6.32425E-01
    1.76300E+02    4.68067E-01    6.26212E-01
    1.76400E+02    4.78525E-01    6.19697E-01
    1.76500E+02    4.89027E-01    6.13222E-01
    1.76600E+02    5.00156E-01    6.06436E-01
    1.76700E+02    5.11748E-01    5.99447E-01
    1.76800E+02    5.23873E-01    5.92222E-01
    1.76900E+02    5.36519E-01    5.84780E-01
    1.77000E+02    5.49727E-01    5.77108E-01
    1.77100E+02    5.63518E-01    5.69203E-01
    1.77200E+02    5.77917E-01    5.61066E-01
    1.77300E+02    5.92962E-01    5.52688E-01
    1.77400E+02    6.08737E-01    5.44038E-01
    1.77500E+02    6.25216E-01    5.35146E-01
    1.77600E+02    6.42505E-01    5.25973E-01
    1.77700E+02    6.60633E-01    5.16524E-01
    1.77800E+02    6.79646E-01    5.06796E-01
    1.77900E+02    6.99587E-01    4.96790E-01
    1.78000E+02    7.20548E-01    4.86486E-01
    1.78100E+02    7.42594E-01    4.75878E-01
    1.78200E+02    7.65765E-01    4.64978E-01
    1.78300E+02    7.90142E-01    4.53780E-01
    1.78400E+02    8.15855E-01    4.42261E-01
    1.78500E+02    8.43024E-01    4.30407E-01
    1.78600E+02    8.71814E-01    4.18192E-01
    1.78700E+02    9.01774E-01    4.05849E-01
    1.78800E+02    9.33577E-01    3.93145E-01
    1.78900E+02    9.67286E-01    3.80113E-01
    1.79000E+02    1.00297E+00    3.66788E-01
    1.79100E+02    1.04078E+00    3.53180E-01
    1.79200E+02    1.08087E+00    3.39301E-01
    1.79300E+02    1.12344E+00    3.25159E-01
    1.79400E+02    1.16861E+00    3.10798E-01
    1.79500E+02    1.21671E+00    2.96204E-01
    1.79600E+02    1.26785E+00    2.81437E-01
    1.79700E+02    1.32235E+00    2.66508E-01
    1.79800E+02    1.38043E+00    2.51470E-01
    1.79900E+02    1.44249E+00    2.36338E-01
    1.80000E+02    1.50981E+00    2.20952E-01
    1.80100E+02    1.57948E+00    2.06082E-01
    1.80200E+02    1.65512E+00    1.91069E-01
    1.80300E+02    1.73619E+00    1.76190E-01
    1.80400E+02    1.82311E+00    1.61522E-01
    1.80500E+02    1.91636E+00    1.47141E-01
    1.80600E+02    2.01649E+00    1.33121E-01
    1.80700E+02    2.12407E+00    1.19544E-01
    1.80800E+02    2.23968E+00    1.06492E-01
    1.80900E+02    2.36406E+00    9.40375E-02
    1.81000E+02    2.49793E+00    8.22554E-02
    1.81100E+02    2.64196E+00    7.12217E-02
    1.81200E+02    2.79703E+00    6.09910E-02
    1.81300E+02    2.96392E+00    5.16161E-02
    1.81400E+02    3.14356E+00    4.31291E-02
    1.81500E+02    3.33669E+00    3.55546E-02
    1.81600E+02    3.54414E+00    2.88936E-02
    1.81700E+02    3.76668E+00    2.31287E-02
    1.81800E+02    4.00499E+00    1.82245E-02
    1.81900E+02    4.25930E+00    1.41322E-02
    1.82000E+02    4.53023E+00    1.07782E-02
    1.82100E+02    4.81726E+00    8.08892E-03
    1.82200E+02    5.12063E+00    5.97225E-03
    1.82300E+02    5.43701E+00    4.35249E-03
    1.82400E+02    5.76588E+00    3.13264E-03
    1.82500E+02    6.10353E+00    2.23497E-03
    1.82600E+02    6.44603E+00    1.58681E-03
    1.82700E+02    6.78694E+00    1.12842E-03
    1.82800E+02    7.11866E+00    8.09854E-04
    1.82900E+02    7.43158E+00    5.92253E-04
    1.83000E+02    7.71330E+00    4.46842E-04
    1.83100E+02    7.94984E+00    3.52718E-04
    1.83200E+02    8.12399E+00    2.96344E-04
    1.83300E+02    8.20975E+00    2.71988E-04
    1.83400E+02    8.16553E+00    2.84285E-04
    1.83500E+02    8.02414E+00    3.27461E-04
    1.83600E+02    7.81479E+00    4.03720E-04
    1.83700E+02    7.55551E+00    5.23219E-04
    1.83800E+02    7.26166E+00    7.01941E-04
    1.83900E+02    6.94499E+00    9.63454E-04
    1.84000E+02    6.61578E+00    1.33908E-03
    1.84100E+02    6.28283E+00    1.86811E-03
    1.84200E+02    5.95418E+00    2.59498E-03
    1.84300E+02    5.64050E+00    3.55109E-03
    1.84400E+02    5.35429E+00    4.72784E-03
    1.84500E+02    5.01699E+00    6.62445E-03
    1.84600E+02    4.72451E+00    8.87503E-03
    1.84700E+02    4.45483E+00    1.16223E-02
    1.84800E+02    4.19723E+00    1.50371E-02
    1.84900E+02    3.95114E+00    1.92327E-02
    1.85000E+02    3.72433E+00    2.41293E-02
    1.85100E+02    3.51307E+00    2.98051E-02
    1.85200E+02    3.31624E+00    3.62891E-02
    1.85300E+02    3.13307E+00    4.35838E-02
    1.85400E+02    2.96252E+00    5.16883E-02
    1.85500E+02    2.80443E+00    6.05413E-02
    1.85600E+02    2.65706E+00    7.01542E-02
    1.85700E+02    2.51888E+00    8.05496E-02
    1.85800E+02    2.39093E+00    9.15442E-02
    1.85900E+02    2.27191E+00    1.03115E-01
    1.86000E+02    2.16107E+00    1.15202E-01
    1.86100E+02    2.05784E+00    1.27729E-01
    1.86200E+02    1.96155E+00    1.40641E-01
    1.86300E+02    1.87174E+00    1.53855E-01
    1.86400E+02    1.78788E+00    1.67315E-01
    1.86500E+02    1.70949E+00    1.80958E-01
    1.86600E+02    1.63611E+00    1.94737E-01
    1.86700E+02    1.56743E+00    2.08580E-01
    1.86800E+02    1.50313E+00    2.22432E-01
    1.86900E+02    1.44280E+00    2.36265E-01
    1.87000E+02    1.38619E+00    2.50026E-01
    1.87100E+02    1.33331E+00    2.63602E-01
    1.87200E+02    1.28319E+00    2.77153E-01
    1.87300E+02    1.23582E+00    2.90596E-01
    1.87400E+02    1.19139E+00    3.03798E-01
    1.87500E+02    1.14952E+00    3.16788E-01
    1.87600E+02    1.11006E+00    3.29538E-01
    1.87700E+02    1.07276E+00    3.42063E-01
    1.87800E+02    1.03757E+00    3.54314E-01
    1.87900E+02    1.00459E+00    3.66195E-01
    1.88000E+02    9.72562E-01    3.78113E-01
    1.88100E+02    9.42562E-01    3.89628E-01
    1.88200E+02    9.14163E-01    4.00852E-01
    1.88300E+02    8.87223E-01    4.11798E-01
    1.88400E+02    8.61643E-01    4.22467E-01
    1.88500E+02    8.37299E-01    4.32878E-01
    1.88600E+02    8.14164E-01    4.43010E-01
    1.88700E+02    7.92152E-01    4.52869E-01
    1.88800E+02    7.71245E-01    4.62437E-01
    1.88900E+02    7.51480E-01    4.71668E-01
    1.89000E+02    7.32205E-01    4.80848E-01
    1.89100E+02    7.14001E-01    4.89681E-01
    1.89200E+02    6.96612E-01    4.98270E-01
    1.89300E+02    6.80053E-01    5.06590E-01
    1.89400E+02    6.64139E-01    5.14716E-01
    1.89500E+02    6.48969E-01    5.22585E-01
    1.89600E+02    6.34479E-01    5.30212E-01
    1.89700E+02    6.20563E-01    5.37641E-01
    1.89800E+02    6.07229E-01    5.44859E-01
    1.89900E+02    5.94465E-01    5.51858E-01
    1.90000E+02    5.82221E-01    5.58656E-01
    1.90100E+02    5.70464E-01    5.65263E-01
    1.90200E+02    5.59187E-01    5.71674E-01
    1.90300E+02    5.48402E-01    5.77873E-01
    1.90400E+02    5.37996E-01    5.83917E-01
    1.90500E+02    5.28116E-01    5.89715E-01
    1.90600E+02    5.18753E-01    5.95263E-01
    1.90700E+02    5.09167E-01    6.00996E-01
    1.90800E+02    5.00209E-01    6.06404E-01
    1.90900E+02    4.91596E-01    6.11649E-01
    1.91000E+02    4.83324E-01    6.16730E-01
    1.91100E+02    4.75363E-01    6.21659E-01
    1.91200E+02    4.67689E-01    6.26448E-01
    1.91300E+02    4.60289E-01    6.31101E-01
    1.91400E+02    4.53162E-01    6.35615E-01
    1.91500E+02    4.46286E-01    6.40001E-01
    1.91600E+02    4.39654E-01    6.44260E-01
    1.91700E+02    4.33266E-01    6.48388E-01
    1.91800E+02    4.27209E-01    6.52327E-01
    1.91900E+02    4.21124E-01    6.56308E-01
    1.92000E+02    4.15344E-01    6.60113E-01
    1.92100E+02    4.09779E-01    6.63797E-01
    1.92200E+02    4.04436E-01    6.67353E-01
    1.92300E+02    3.99270E-01    6.70809E-01
    1.92400E+02    3.94231E-01    6.74198E-01
    1.92500E+02    3.89394E-01    6.77467E-01
    1.92600E+02    3.84746E-01    6.80623E-01
    1.92700E+02    3.80289E-01    6.83664E-01
    1.92800E+02    3.75964E-01    6.86627E-01
    1.92900E+02    3.71857E-01    6.89453E-01
    1.93000E+02    3.67969E-01    6.92139E-01
    1.93100E+02    3.64438E-01    6.94587E-01
    1.93200E+02    3.61588E-01    6.96569E-01
    1.93300E+02    3.62252E-01    6.96107E-01
    1.93400E+02    3.58935E-01    6.98420E-01
    1.93500E+02    3.50917E-01    7.04042E-01
    1.93600E+02    3.46535E-01    7.07134E-01
    1.93700E+02    3.42871E-01    7.09730E-01
    1.93800E+02    3.39485E-01    7.12137E-01
    1.93900E+02    3.36245E-01    7.14448E-01
    1.94000E+02    3.33086E-01    7.16708E-01
    1.94100E+02    3.29963E-01    7.18950E-01
    1.94200E+02    3.26901E-01    7.21155E-01
    1.94300E+02    3.23908E-01    7.23317E-01
    1.94400E+02    3.20977E-01    7.25440E-01
    1.94500E+02    3.18149E-01    7.27494E-01
    1.94600E+02    3.15432E-01    7.29474E-01
    1.94700E+02    3.12841E-01    7.31366E-01
    1.94800E+02    3.10411E-01    7.33145E-01
    1.94900E+02    3.08208E-01    7.34762E-01
    1.95000E+02    3.06361E-01    7.36121E-01
    1.95100E+02    3.05159E-01    7.37006E-01
    1.95200E+02    3.05440E-01    7.36799E-01
    1.95300E+02    3.10397E-01    7.33156E-01
    1.95400E+02    3.46986E-01    7.06815E-01
    1.95500E+02    3.20119E-01    7.26063E-01
    1.95600E+02    3.02256E-01    7.39149E-01
    1.95700E+02    3.05325E-01    7.36884E-01
    1.95800E+02    2.93304E-01    7.45795E-01
    1.95900E+02    2.87363E-01    7.50239E-01
    1.96000E+02    2.83986E-01    7.52777E-01
    1.96100E+02    2.81359E-01    7.54757E-01
    1.96200E+02    2.79085E-01    7.56475E-01
    1.96300E+02    2.76995E-01    7.58059E-01
    1.96400E+02    2.75078E-01    7.59513E-01
    1.96500E+02    2.73180E-01    7.60956E-01
    1.96600E+02    2.71396E-01    7.62315E-01
    1.96700E+02    2.69691E-01    7.63616E-01
    1.96800E+02    2.68045E-01    7.64874E-01
    1.96900E+02    2.66457E-01    7.66089E-01
    1.97000E+02    2.64907E-01    7.67278E-01
    1.97100E+02    2.63415E-01    7.68423E-01
    1.97200E+02    2.61960E-01    7.69542E-01
    1.97300E+02    2.60543E-01    7.70633E-01
    1.97400E+02    2.59185E-01    7.71680E-01
    1.97500E+02    2.57920E-01    7.72657E-01
    1.97600E+02    2.56656E-01    7.73634E-01
    1.97700E+02    2.55320E-01    7.74668E-01
    1.97800E+02    2.54056E-01    7.75649E-01
    1.97900E+02    2.52863E-01    7.76575E-01
    1.98000E+02    2.51927E-01    7.77302E-01
    1.98100E+02    2.50550E-01    7.78372E-01
    1.98200E+02    2.49423E-01    7.79251E-01
    1.98300E+02    2.48337E-01    7.80097E-01
    1.98400E+02    2.47289E-01    7.80915E-01
    1.98500E+02    2.46270E-01    7.81711E-01
    1.98600E+02    2.45289E-01    7.82478E-01
    1.98700E+02    2.44333E-01    7.83227E-01
    1.98800E+02    2.43421E-01    7.83941E-01
    1.98900E+02    2.42550E-01    7.84625E-01
    1.99000E+02    2.41754E-01    7.85250E-01
    1.99100E+02    2.41088E-01    7.85772E-01
    1.99200E+02    2.41125E-01    7.85743E-01
    1.99300E+02    2.41072E-01    7.85785E-01
    1.99400E+02    2.44244E-01    7.83296E-01
    1.99500E+02    2.38627E-01    7.87709E-01
    1.99600E+02    2.37224E-01    7.88815E-01
    1.99700E+02    2.36255E-01    7.89579E-01
    1.99800E+02    2.35456E-01    7.90210E-01
    1.99900E+02    2.34735E-01    7.90781E-01
    2.00000E+02    2.34066E-01    7.91310E-01
    2.00100E+02    2.33428E-01    7.91815E-01
    2.00200E+02    2.32828E-01    7.92290E-01
    2.00300E+02    2.32264E-01    7.92737E-01
    2.00400E+02    2.31729E-01    7.93161E-01
    2.00500E+02    2.31228E-01    7.93559E-01
    2.00600E+02    2.30761E-01    7.93929E-01
    2.00700E+02    2.30328E-01    7.94273E-01
    2.00800E+02    2.29933E-01    7.94587E-01
    2.00900E+02    2.29571E-01    7.94874E-01
    2.01000E+02    2.29254E-01    7.95127E-01
    2.01100E+02    2.28973E-01    7.95350E-01
    2.01200E+02    2.28737E-01    7.95538E-01
    2.01300E+02    2.28552E-01    7.95685E-01
    2.01400E+02    2.28449E-01    7.95766E-01
    2.01500E+02    2.28382E-01    7.95820E-01
    2.01600E+02    2.28295E-01    7.95889E-01
    2.01700E+02    2.28317E-01    7.95872E-01
    2.01800E+02    2.28412E-01    7.95797E-01
    2.01900E+02    2.28579E-01    7.95664E-01
    2.02000E+02    2.28819E-01    7.95473E-01
    2.02100E+02    2.29137E-01    7.95219E-01
    2.02200E+02    2.29540E-01    7.94899E-01
    2.02300E+02    2.30015E-01    7.94521E-01
    2.02400E+02    2.30578E-01    7.94074E-01
    2.02500E+02    2.31212E-01    7.93571E-01
    2.02600E+02    2.31927E-01    7.93004E-01
    2.02700E+02    2.32696E-01    7.92394E-01
    2.02800E+02    2.33506E-01    7.91753E-01
    2.02900E+02    2.34324E-01    7.91105E-01
    2.03000E+02    2.35109E-01    7.90485E-01
    2.03100E+02    2.35819E-01    7.89923E-01
    2.03200E+02    2.36392E-01    7.89471E-01
    2.03300E+02    2.36788E-01    7.89158E-01
    2.03400E+02    2.37190E-01    7.88841E-01
    2.03500E+02    2.36677E-01    7.89246E-01
    2.03600E+02    2.35185E-01    7.90425E-01
    2.03700E+02    2.33859E-01    7.91473E-01
    2.03800E+02    2.32431E-01    7.92605E-01
    2.03900E+02    2.30921E-01    7.93802E-01
    2.04000E+02    2.29405E-01    7.95006E-01
    2.04100E+02    2.27792E-01    7.96290E-01
    2.04200E+02    2.26257E-01    7.97513E-01
    2.04300E+02    2.24776E-01    7.98695E-01
    2.04400E+02    2.23363E-01    7.99824E-01
    2.04500E+02    2.22021E-01    8.00899E-01
    2.04600E+02    2.20758E-01    8.01911E-01
    2.04700E+02    2.19570E-01    8.02864E-01
    2.04800E+02    2.18465E-01    8.03752E-01
    2.04900E+02    2.17440E-01    8.04576E-01
    2.05000E+02    2.16469E-01    8.05357E-01
    2.05100E+02    2.15593E-01    8.06063E-01
    2.05200E+02    2.14956E-01    8.06577E-01
    2.05300E+02    2.13991E-01    8.07355E-01
    2.05400E+02    2.13244E-01    8.07959E-01
    2.05500E+02    2.12606E-01    8.08475E-01
    2.05600E+02    2.11993E-01    8.08970E-01
    2.05700E+02    2.11427E-01    8.09429E-01
    2.05800E+02    2.10971E-01    8.09798E-01
    2.05900E+02    2.10699E-01    8.10018E-01
    2.06000E+02    2.10938E-01    8.09824E-01
    2.06100E+02    2.14645E-01    8.06828E-01
    2.06200E+02    2.11589E-01    8.09297E-01
    2.06300E+02    2.09235E-01    8.11205E-01
    2.06400E+02    2.08350E-01    8.11923E-01
    2.06500E+02    2.08131E-01    8.12101E-01
    2.06600E+02    2.07296E-01    8.12779E-01
    2.06700E+02    2.06867E-01    8.13128E-01
    2.06800E+02    2.06494E-01    8.13431E-01
    2.06900E+02    2.06163E-01    8.13701E-01
    2.07000E+02    2.05849E-01    8.13956E-01
    2.07100E+02    2.05561E-01    8.14190E-01
    2.07200E+02    2.05295E-01    8.14407E-01
    2.07300E+02    2.05054E-01    8.14603E-01
    2.07400E+02    2.04866E-01    8.14756E-01
    2.07500E+02    2.04886E-01    8.14740E-01
    2.07600E+02    2.04420E-01    8.15120E-01
    2.07700E+02    2.04223E-01    8.15280E-01
    2.07800E+02    2.04070E-01    8.15405E-01
    2.07900E+02    2.03969E-01    8.15487E-01
    2.08000E+02    2.03933E-01    8.15517E-01
    2.08100E+02    2.03996E-01    8.15465E-01
    2.08200E+02    2.04223E-01    8.15280E-01
    2.08300E+02    2.04790E-01    8.14819E-01
    2.08400E+02    2.06153E-01    8.13708E-01
    2.08500E+02    2.10011E-01    8.10575E-01
    2.08600E+02    2.28397E-01    7.95809E-01
    2.08700E+02    2.22445E-01    8.00559E-01
    2.08800E+02    2.08582E-01    8.11735E-01
    2.08900E+02    2.05019E-01    8.14632E-01
    2.09000E+02    2.03506E-01    8.15866E-01
    2.09100E+02    2.02680E-01    8.16540E-01
    2.09200E+02    2.02153E-01    8.16970E-01
    2.09300E+02    2.01794E-01    8.17264E-01
    2.09400E+02    2.01566E-01    8.17450E-01
    2.09500E+02    2.01690E-01    8.17348E-01
    2.09600E+02    2.01234E-01    8.17721E-01
    2.09700E+02    2.00948E-01    8.17955E-01
    2.09800E+02    2.00791E-01    8.18083E-01
    2.09900E+02    2.00678E-01    8.18176E-01
    2.10000E+02    2.00625E-01    8.18219E-01
    2.10100E+02    2.00656E-01    8.18194E-01
    2.10200E+02    2.01400E-01    8.17585E-01
    2.10300E+02    2.01063E-01    8.17861E-01
    2.10400E+02    2.03210E-01    8.16107E-01
    2.10500E+02    2.01803E-01    8.17256E-01
    2.10600E+02    2.01968E-01    8.17121E-01
    2.10700E+02    2.04591E-01    8.14980E-01
    2.10800E+02    2.24388E-01    7.99005E-01
    2.10900E+02    2.04010E-01    8.15454E-01
    2.11000E+02    2.01270E-01    8.17692E-01
    2.11100E+02    2.00344E-01    8.18449E-01
    2.11200E+02    1.99888E-01    8.18822E-01
    2.11300E+02    1.99595E-01    8.19063E-01
    2.11400E+02    1.99404E-01    8.19219E-01
    2.11500E+02    1.99265E-01    8.19333E-01
    2.11600E+02    1.99153E-01    8.19424E-01
    2.11700E+02    1.99060E-01    8.19501E-01
    2.11800E+02    1.98981E-01    8.19565E-01
    2.11900E+02    1.98908E-01    8.19625E-01
    2.12000E+02    1.98849E-01    8.19673E-01
    2.12100E+02    1.98803E-01    8.19711E-01
    2.12200E+02    1.98754E-01    8.19751E-01
    2.12300E+02    1.98710E-01    8.19787E-01
    2.12400E+02    1.98675E-01    8.19817E-01
    2.12500E+02    1.98648E-01    8.19838E-01
    2.12600E+02    1.98629E-01    8.19854E-01
    2.12700E+02    1.98620E-01    8.19861E-01
    2.12800E+02    1.98615E-01    8.19866E-01
    2.12900E+02    1.98622E-01    8.19860E-01
    2.13000E+02    1.98555E-01    8.19914E-01
    2.13100E+02    1.98534E-01    8.19932E-01
    2.13200E+02    1.98524E-01    8.19940E-01
    2.13300E+02    1.98523E-01    8.19941E-01
    2.13400E+02    1.98527E-01    8.19937E-01
    2.13500E+02    1.98535E-01    8.19931E-01
    2.13600E+02    1.98550E-01    8.19919E-01
    2.13700E+02    1.98569E-01    8.19903E-01
    2.13800E+02    1.98607E-01    8.19872E-01
    2.13900E+02    1.98646E-01    8.19840E-01
    2.14000E+02    1.98702E-01    8.19794E-01
    2.14100E+02    1.98776E-01    8.19734E-01
    2.14200E+02    1.98879E-01    8.19649E-01
    2.14300E+02    1.99023E-01    8.19531E-01
    2.14400E+02    1.99233E-01    8.19359E-01
    2.14500E+02    1.99570E-01    8.19083E-01
    2.14600E+02    2.00143E-01    8.18614E-01
    2.14700E+02    2.01278E-01    8.17685E-01
    2.14800E+02    2.04115E-01    8.15369E-01
    2.14900E+02    2.15833E-01    8.05870E-01
    2.15000E+02    2.19474E-01    8.02941E-01
    2.15100E+02    2.04759E-01    8.14844E-01
    2.15200E+02    2.01587E-01    8.17432E-01
    2.15300E+02    2.00380E-01    8.18420E-01
    2.15400E+02    1.99808E-01    8.18888E-01
    2.15500E+02    1.99494E-01    8.19145E-01
    2.15600E+02    1.99316E-01    8.19291E-01
    2.15700E+02    1.99215E-01    8.19374E-01
    2.15800E+02    1.99154E-01    8.19423E-01
    2.15900E+02    1.99150E-01    8.19427E-01
    2.16000E+02    1.99470E-01    8.19165E-01
    2.16100E+02    1.99247E-01    8.19347E-01
    2.16200E+02    1.99124E-01    8.19448E-01
    2.16300E+02    1.99109E-01    8.19460E-01
    2.16400E+02    1.99130E-01    8.19444E-01
    2.16500E+02    1.99132E-01    8.19442E-01
    2.16600E+02    1.99155E-01    8.19423E-01
    2.16700E+02    1.99186E-01    8.19398E-01
    2.16800E+02    1.99228E-01    8.19363E-01
    2.16900E+02    1.99295E-01    8.19308E-01
    2.17000E+02    1.99306E-01    8.19299E-01
    2.17100E+02    1.99346E-01    8.19267E-01
    2.17200E+02    1.99401E-01    8.19221E-01
    2.17300E+02    1.99455E-01    8.19177E-01
    2.17400E+02    1.99535E-01    8.19112E-01
    2.17500E+02    1.99804E-01    8.18892E-01
    2.17600E+02    1.99657E-01    8.19012E-01
    2.17700E+02    1.99684E-01    8.18989E-01
    2.17800E+02    1.99744E-01    8.18941E-01
    2.17900E+02    1.99829E-01    8.18871E-01
    2.18000E+02    1.99972E-01    8.18754E-01
    2.18100E+02    2.00717E-01    8.18144E-01
    2.18200E+02    2.00193E-01    8.18572E-01
    2.18300E+02    2.00093E-01    8.18654E-01
    2.18400E+02    2.00112E-01    8.18639E-01
    2.18500E+02    2.00166E-01    8.18595E-01
    2.18600E+02    2.00231E-01    8.18542E-01
    2.18700E+02    2.00289E-01    8.18494E-01
    2.18800E+02    2.00359E-01    8.18437E-01
    2.18900E+02    2.00428E-01    8.18380E-01
    2.19000E+02    2.00512E-01    8.18311E-01
    2.19100E+02    2.00636E-01    8.18211E-01
    2.19200E+02    2.00713E-01    8.18147E-01
    2.19300E+02    2.00955E-01    8.17949E-01
    2.19400E+02    2.00882E-01    8.18009E-01
    2.19500E+02    2.00909E-01    8.17987E-01
    2.19600E+02    2.00985E-01    8.17925E-01
    2.19700E+02    2.01065E-01    8.17859E-01
    2.19800E+02    2.01162E-01    8.17780E-01
    2.19900E+02    2.01319E-01    8.17652E-01
    2.20000E+02    2.01402E-01    8.17584E-01
    2.20100E+02    2.01417E-01    8.17571E-01
    2.20200E+02    2.01492E-01    8.17510E-01
    2.20300E+02    2.01581E-01    8.17437E-01
    2.20400E+02    2.01670E-01    8.17364E-01
    2.20500E+02    2.01767E-01    8.17285E-01
    2.20600E+02    2.01875E-01    8.17197E-01
    2.20700E+02    2.02095E-01    8.17017E-01
    2.20800E+02    2.02097E-01    8.17016E-01
    2.20900E+02    2.02160E-01    8.16964E-01
    2.21000E+02    2.02255E-01    8.16886E-01
    2.21100E+02    2.02354E-01    8.16806E-01
    2.21200E+02    2.02468E-01    8.16713E-01
    2.21300E+02    2.02679E-01    8.16541E-01
    2.21400E+02    2.02701E-01    8.16522E-01
    2.21500E+02    2.02782E-01    8.16457E-01
    2.21600E+02    2.02885E-01    8.16372E-01
    2.21700E+02    2.02994E-01    8.16283E-01
    2.21800E+02    2.03109E-01    8.16189E-01
    2.21900E+02    2.03222E-01    8.16097E-01
    2.22000E+02    2.03341E-01    8.16000E-01
    2.22100E+02    2.03463E-01    8.15901E-01
    2.22200E+02    2.03586E-01    8.15800E-01
    2.22300E+02    2.03718E-01    8.15693E-01
    2.22400E+02    2.03898E-01    8.15545E-01
    2.22500E+02    2.03997E-01    8.15465E-01
    2.22600E+02    2.04104E-01    8.15378E-01
    2.22700E+02    2.04236E-01    8.15270E-01
    2.22800E+02    2.04373E-01    8.15158E-01
    2.22900E+02    2.04519E-01    8.15039E-01
    2.23000E+02    2.04686E-01    8.14903E-01
    2.23100E+02    2.04850E-01    8.14770E-01
    2.23200E+02    2.05059E-01    8.14600E-01
    2.23300E+02    2.05237E-01    8.14454E-01
    2.23400E+02    2.05363E-01    8.14351E-01
    2.23500E+02    2.05475E-01    8.14260E-01
    2.23600E+02    2.05638E-01    8.14127E-01
    2.23700E+02    2.05824E-01    8.13976E-01
    2.23800E+02    2.06027E-01    8.13811E-01
    2.23900E+02    2.06528E-01    8.13403E-01
    2.24000E+02    2.06413E-01    8.13497E-01
    2.24100E+02    2.06593E-01    8.13350E-01
    2.24200E+02    2.06805E-01    8.13178E-01
    2.24300E+02    2.07023E-01    8.13001E-01
    2.24400E+02    2.07258E-01    8.12810E-01
    2.24500E+02    2.07503E-01    8.12610E-01
    2.24600E+02    2.07783E-01    8.12384E-01
    2.24700E+02    2.08135E-01    8.12097E-01
    2.24800E+02    2.08640E-01    8.11688E-01
    2.24900E+02    2.08863E-01    8.11507E-01
    2.25000E+02    2.08964E-01    8.11425E-01
    2.25100E+02    2.09170E-01    8.11257E-01
    2.25200E+02    2.09465E-01    8.11018E-01
    2.25300E+02    2.09750E-01    8.10787E-01
    2.25400E+02    2.10075E-01    8.10523E-01
    2.25500E+02    2.10433E-01    8.10234E-01
    2.25600E+02    2.10835E-01    8.09908E-01
    2.25700E+02    2.11348E-01    8.09492E-01
    2.25800E+02    2.12189E-01    8.08812E-01
    2.25900E+02    2.13767E-01    8.07537E-01
    2.26000E+02    2.19562E-01    8.02871E-01
    2.26100E+02    2.20661E-01    8.01989E-01
    2.26200E+02    2.13940E-01    8.07397E-01
    2.26300E+02    2.12475E-01    8.08580E-01
    2.26400E+02    2.11903E-01    8.09043E-01
    2.26500E+02    2.11618E-01    8.09274E-01
    2.26600E+02    2.11443E-01    8.09416E-01
    2.26700E+02    2.11335E-01    8.09503E-01
    2.26800E+02    2.11263E-01    8.09561E-01
    2.26900E+02    2.11226E-01    8.09591E-01
    2.27000E+02    2.11167E-01    8.09638E-01
    2.27100E+02    2.11147E-01    8.09655E-01
    2.27200E+02    2.11139E-01    8.09662E-01
    2.27300E+02    2.11152E-01    8.09651E-01
    2.27400E+02    2.11170E-01    8.09637E-01
    2.27500E+02    2.11197E-01    8.09615E-01
    2.27600E+02    2.11240E-01    8.09580E-01
    2.27700E+02    2.11295E-01    8.09535E-01
    2.27800E+02    2.11363E-01    8.09480E-01
    2.27900E+02    2.11429E-01    8.09427E-01
    2.28000E+02    2.11496E-01    8.09373E-01
    2.28100E+02    2.11576E-01    8.09308E-01
    2.28200E+02    2.11666E-01    8.09235E-01
    2.28300E+02    2.11772E-01    8.09149E-01
    2.28400E+02    2.11872E-01    8.09068E-01
    2.28500E+02    2.12001E-01    8.08964E-01
    2.28600E+02    2.12120E-01    8.08868E-01
    2.28700E+02    2.12257E-01    8.08757E-01
    2.28800E+02    2.12405E-01    8.08637E-01
    2.28900E+02    2.12569E-01    8.08505E-01
    2.29000E+02    2.12752E-01    8.08356E-01
    2.29100E+02    2.12987E-01    8.08166E-01
    2.29200E+02    2.13247E-01    8.07957E-01
    2.29300E+02    2.13653E-01    8.07629E-01
    2.29400E+02    2.14430E-01    8.07001E-01
    2.29500E+02    2.16910E-01    8.05002E-01
    2.29600E+02    2.22272E-01    8.00697E-01
    2.29700E+02    2.15671E-01    8.06000E-01
    2.29800E+02    2.14756E-01    8.06738E-01
    2.29900E+02    2.14577E-01    8.06883E-01
    2.30000E+02    2.14629E-01    8.06840E-01
    2.30100E+02    2.14752E-01    8.06741E-01
    2.30200E+02    2.14938E-01    8.06591E-01
    2.30300E+02    2.15192E-01    8.06386E-01
    2.30400E+02    2.15483E-01    8.06152E-01
    2.30500E+02    2.15838E-01    8.05866E-01
    2.30600E+02    2.16284E-01    8.05506E-01
    2.30700E+02    2.16873E-01    8.05032E-01
    2.30800E+02    2.17700E-01    8.04367E-01
    2.30900E+02    2.18977E-01    8.03340E-01
    2.31000E+02    2.21273E-01    8.01498E-01
    2.31100E+02    2.26384E-01    7.97412E-01
    2.31200E+02    2.43383E-01    7.83971E-01
    2.31300E+02    2.98270E-01    7.42101E-01
    2.31400E+02    2.34553E-01    7.90924E-01
    2.31500E+02    2.24902E-01    7.98594E-01
    2.31600E+02    2.21721E-01    8.01139E-01
    2.31700E+02    2.20389E-01    8.02206E-01
    2.31800E+02    2.19798E-01    8.02681E-01
    2.31900E+02    2.19585E-01    8.02852E-01
    2.32000E+02    2.19758E-01    8.02713E-01
    2.32100E+02    2.19629E-01    8.02817E-01
    2.32200E+02    2.19796E-01    8.02682E-01
    2.32300E+02    2.20049E-01    8.02479E-01
    2.32400E+02    2.20400E-01    8.02197E-01
    2.32500E+02    2.20957E-01    8.01751E-01
    2.32600E+02    2.21275E-01    8.01496E-01
    2.32700E+02    2.21902E-01    8.00994E-01
    2.32800E+02    2.22304E-01    8.00672E-01
    2.32900E+02    2.22905E-01    8.00191E-01
    2.33000E+02    2.23763E-01    7.99505E-01
    2.33100E+02    2.24445E-01    7.98959E-01
    2.33200E+02    2.25424E-01    7.98178E-01
    2.33300E+02    2.26663E-01    7.97189E-01
    2.33400E+02    2.28041E-01    7.96092E-01
    2.33500E+02    2.29631E-01    7.94827E-01
    2.33600E+02    2.31773E-01    7.93126E-01
    2.33700E+02    2.34694E-01    7.90813E-01
    2.33800E+02    2.39076E-01    7.87355E-01
    2.33900E+02    2.47933E-01    7.80412E-01
    2.34000E+02    2.47178E-01    7.81002E-01
    2.34100E+02    2.39493E-01    7.87027E-01
    2.34200E+02    2.35767E-01    7.89965E-01
    2.34300E+02    2.33323E-01    7.91898E-01
    2.34400E+02    2.31587E-01    7.93273E-01
    2.34500E+02    2.30331E-01    7.94271E-01
    2.34600E+02    2.29387E-01    7.95021E-01
    2.34700E+02    2.28690E-01    7.95575E-01
    2.34800E+02    2.28208E-01    7.95958E-01
    2.34900E+02    2.27977E-01    7.96143E-01
    2.35000E+02    2.27991E-01    7.96131E-01
    2.35100E+02    2.28408E-01    7.95800E-01
    2.35200E+02    2.28749E-01    7.95529E-01
    2.35300E+02    2.29867E-01    7.94639E-01
    2.35400E+02    2.32167E-01    7.92814E-01
    2.35500E+02    2.37382E-01    7.88690E-01
    2.35600E+02    2.53179E-01    7.76329E-01
    2.35700E+02    3.75482E-01    6.86958E-01
    2.35800E+02    2.60520E-01    7.70650E-01
    2.35900E+02    2.40092E-01    7.86555E-01
    2.36000E+02    2.33312E-01    7.91906E-01
    2.36100E+02    2.30638E-01    7.94027E-01
    2.36200E+02    2.29318E-01    7.95076E-01
    2.36300E+02    2.28759E-01    7.95520E-01
    2.36400E+02    2.28588E-01    7.95656E-01
    2.36500E+02    2.28774E-01    7.95508E-01
    2.36600E+02    2.29549E-01    7.94892E-01
    2.36700E+02    2.30353E-01    7.94253E-01
    2.36800E+02    2.32264E-01    7.92737E-01
    2.36900E+02    2.36234E-01    7.89596E-01
    2.37000E+02    2.46340E-01    7.81657E-01
    2.37100E+02    2.92264E-01    7.46572E-01
    2.37200E+02    2.84491E-01    7.52397E-01
    2.37300E+02    2.45506E-01    7.82309E-01
    2.37400E+02    2.36255E-01    7.89579E-01
    2.37500E+02    2.32765E-01    7.92339E-01
    2.37600E+02    2.31371E-01    7.93445E-01
    2.37700E+02    2.30267E-01    7.94322E-01
    2.37800E+02    2.29835E-01    7.94665E-01
    2.37900E+02    2.29668E-01    7.94797E-01
    2.38000E+02    2.29684E-01    7.94784E-01
    2.38100E+02    2.29868E-01    7.94639E-01
    2.38200E+02    2.30247E-01    7.94338E-01
    2.38300E+02    2.31021E-01    7.93723E-01
    2.38400E+02    2.33892E-01    7.91447E-01
    2.38500E+02    2.33087E-01    7.92085E-01
    2.38600E+02    2.33059E-01    7.92107E-01
    2.38700E+02    2.34611E-01    7.90878E-01
    2.38800E+02    2.37146E-01    7.88876E-01
    2.38900E+02    2.43283E-01    7.84049E-01
    2.39000E+02    2.62973E-01    7.68763E-01
    2.39100E+02    3.93923E-01    6.74406E-01
    2.39200E+02    2.59174E-01    7.71688E-01
    2.39300E+02    2.43995E-01    7.83492E-01
    2.39400E+02    2.39145E-01    7.87301E-01
    2.39500E+02    2.37254E-01    7.88791E-01
    2.39600E+02    2.36917E-01    7.89056E-01
    2.39700E+02    2.35799E-01    7.89940E-01
    2.39800E+02    2.35949E-01    7.89821E-01
    2.39900E+02    2.36455E-01    7.89421E-01
    2.40000E+02    2.36234E-01    7.89596E-01
    2.40100E+02    2.35837E-01    7.89909E-01
    2.40200E+02    2.35869E-01    7.89884E-01
    2.40300E+02    2.35990E-01    7.89789E-01
    2.40400E+02    2.35728E-01    7.89996E-01
    2.40500E+02    2.35772E-01    7.89961E-01
    2.40600E+02    2.35574E-01    7.90117E-01
    2.40700E+02    2.35780E-01    7.89955E-01
    2.40800E+02    2.35889E-01    7.89869E-01
    2.40900E+02    2.36794E-01    7.89154E-01
    2.41000E+02    2.36362E-01    7.89495E-01
    2.41100E+02    2.36844E-01    7.89115E-01
    2.41200E+02    2.39715E-01    7.86852E-01
    2.41300E+02    2.38646E-01    7.87694E-01
    2.41400E+02    2.37828E-01    7.88338E-01
    2.41500E+02    2.38174E-01    7.88065E-01
    2.41600E+02    2.38502E-01    7.87807E-01
    2.41700E+02    2.39089E-01    7.87345E-01
    2.41800E+02    2.39944E-01    7.86672E-01
    2.41900E+02    2.41278E-01    7.85623E-01
    2.42000E+02    2.43625E-01    7.83781E-01
    2.42100E+02    2.48551E-01    7.79930E-01
    2.42200E+02    2.62502E-01    7.69125E-01
    2.42300E+02    3.50641E-01    7.04236E-01
    2.42400E+02    2.75914E-01    7.58878E-01
    2.42500E+02    2.52508E-01    7.76850E-01
    2.42600E+02    2.45923E-01    7.81983E-01
    2.42700E+02    2.43321E-01    7.84020E-01
    2.42800E+02    2.42239E-01    7.84868E-01
    2.42900E+02    2.42031E-01    7.85032E-01
    2.43000E+02    2.42690E-01    7.84515E-01
    2.43100E+02    2.43966E-01    7.83514E-01
    2.43200E+02    2.47091E-01    7.81070E-01
    2.43300E+02    2.55685E-01    7.74386E-01
    2.43400E+02    2.92232E-01    7.46595E-01
    2.43500E+02    2.97774E-01    7.42469E-01
    2.43600E+02    2.56626E-01    7.73658E-01
    2.43700E+02    2.47579E-01    7.80689E-01
    2.43800E+02    2.44331E-01    7.83228E-01
    2.43900E+02    2.43208E-01    7.84108E-01
    2.44000E+02    2.43754E-01    7.83680E-01
    2.44100E+02    2.48943E-01    7.79624E-01
    2.44200E+02    2.51234E-01    7.77840E-01
    2.44300E+02    2.43181E-01    7.84130E-01
    2.44400E+02    2.41603E-01    7.85368E-01
    2.44500E+02    2.40635E-01    7.86128E-01
    2.44600E+02    2.40315E-01    7.86380E-01
    2.44700E+02    2.40144E-01    7.86515E-01
    2.44800E+02    2.40183E-01    7.86484E-01
    2.44900E+02    2.40201E-01    7.86470E-01
    2.45000E+02    2.40255E-01    7.86427E-01
    2.45100E+02    2.40301E-01    7.86391E-01
    2.45200E+02    2.40379E-01    7.86330E-01
    2.45300E+02    2.40492E-01    7.86241E-01
    2.45400E+02    2.40619E-01    7.86141E-01
    2.45500E+02    2.40766E-01    7.86026E-01
    2.45600E+02    2.40933E-01    7.85894E-01
    2.45700E+02    2.41136E-01    7.85735E-01
    2.45800E+02    2.41673E-01    7.85313E-01
    2.45900E+02    2.41464E-01    7.85477E-01
    2.46000E+02    2.41623E-01    7.85352E-01
    2.46100E+02    2.41820E-01    7.85197E-01
    2.46200E+02    2.42052E-01    7.85015E-01
    2.46300E+02    2.42353E-01    7.84779E-01
    2.46400E+02    2.42716E-01    7.84494E-01
    2.46500E+02    2.44691E-01    7.82947E-01
    2.46600E+02    2.43361E-01    7.83989E-01
    2.46700E+02    2.43308E-01    7.84030E-01
    2.46800E+02    2.43515E-01    7.83868E-01
    2.46900E+02    2.43791E-01    7.83651E-01
    2.47000E+02    2.44127E-01    7.83388E-01
    2.47100E+02    2.44549E-01    7.83058E-01
    2.47200E+02    2.44966E-01    7.82731E-01
    2.47300E+02    2.45543E-01    7.82280E-01
    2.47400E+02    2.46301E-01    7.81687E-01
    2.47500E+02    2.47477E-01    7.80768E-01
    2.47600E+02    2.49717E-01    7.79021E-01
    2.47700E+02    2.56678E-01    7.73618E-01
    2.47800E+02    2.62669E-01    7.68996E-01
    2.47900E+02    2.56019E-01    7.74128E-01
    2.48000E+02    2.60627E-01    7.70568E-01
    2.48100E+02    2.81946E-01    7.54314E-01
    2.48200E+02    3.63022E-01    6.95571E-01
    2.48300E+02    2.71067E-01    7.62566E-01
    2.48400E+02    2.57606E-01    7.72900E-01
    2.48500E+02    2.53189E-01    7.76321E-01
    2.48600E+02    2.51331E-01    7.77765E-01
    2.48700E+02    2.50600E-01    7.78334E-01
    2.48800E+02    2.50172E-01    7.78667E-01
    2.48900E+02    2.50131E-01    7.78698E-01
    2.49000E+02    2.50361E-01    7.78520E-01
    2.49100E+02    2.50803E-01    7.78176E-01
    2.49200E+02    2.51494E-01    7.77638E-01
    2.49300E+02    2.52582E-01    7.76792E-01
    2.49400E+02    2.54341E-01    7.75427E-01
    2.49500E+02    2.57421E-01    7.73042E-01
    2.49600E+02    2.63812E-01    7.68118E-01
    2.49700E+02    2.82377E-01    7.53990E-01
    2.49800E+02    3.63911E-01    6.94953E-01
    2.49900E+02    3.15533E-01    7.29400E-01
    2.50000E+02    3.27466E-01    7.20748E-01
    2.50100E+02    2.74236E-01    7.60153E-01
    2.50200E+02    2.62912E-01    7.68810E-01
    2.50300E+02    2.58551E-01    7.72170E-01
    2.50400E+02    2.55603E-01    7.74449E-01
    2.50500E+02    2.54310E-01    7.75451E-01
    2.50600E+02    2.53517E-01    7.76066E-01
    2.50700E+02    2.53210E-01    7.76305E-01
    2.50800E+02    2.52833E-01    7.76598E-01
    2.50900E+02    2.52633E-01    7.76753E-01
    2.51000E+02    2.52569E-01    7.76803E-01
    2.51100E+02    2.52576E-01    7.76797E-01
    2.51200E+02    2.52743E-01    7.76667E-01
    2.51300E+02    2.52702E-01    7.76700E-01
    2.51400E+02    2.52798E-01    7.76624E-01
    2.51500E+02    2.52923E-01    7.76527E-01
    2.51600E+02    2.53067E-01    7.76416E-01
    2.51700E+02    2.53227E-01    7.76291E-01
    2.51800E+02    2.53396E-01    7.76160E-01
    2.51900E+02    2.53582E-01    7.76016E-01
    2.52000E+02    2.53795E-01    7.75851E-01
    2.52100E+02    2.54197E-01    7.75539E-01
    2.52200E+02    2.54219E-01    7.75522E-01
    2.52300E+02    2.54488E-01    7.75313E-01
    2.52400E+02    2.54726E-01    7.75129E-01
    2.52500E+02    2.55158E-01    7.74794E-01
    2.52600E+02    2.55373E-01    7.74627E-01
    2.52700E+02    2.56124E-01    7.74046E-01
    2.52800E+02    2.56104E-01    7.74062E-01
    2.52900E+02    2.55916E-01    7.74207E-01
    2.53000E+02    2.56088E-01    7.74074E-01
    2.53100E+02    2.56312E-01    7.73900E-01
    2.53200E+02    2.56559E-01    7.73709E-01
    2.53300E+02    2.56887E-01    7.73456E-01
    2.53400E+02    2.57443E-01    7.73026E-01
    2.53500E+02    2.57352E-01    7.73096E-01
    2.53600E+02    2.57641E-01    7.72873E-01
    2.53700E+02    2.58272E-01    7.72385E-01
    2.53800E+02    2.58419E-01    7.72271E-01
    2.53900E+02    2.58574E-01    7.72152E-01
    2.54000E+02    2.58835E-01    7.71950E-01
    2.54100E+02    2.59185E-01    7.71680E-01
    2.54200E+02    2.59731E-01    7.71259E-01
    2.54300E+02    2.61522E-01    7.69879E-01
    2.54400E+02    2.60292E-01    7.70827E-01
    2.54500E+02    2.60417E-01    7.70730E-01
    2.54600E+02    2.60690E-01    7.70520E-01
    2.54700E+02    2.61114E-01    7.70193E-01
    2.54800E+02    2.61306E-01    7.70045E-01
    2.54900E+02    2.62102E-01    7.69432E-01
    2.55000E+02    2.61816E-01    7.69653E-01
    2.55100E+02    2.61999E-01    7.69512E-01
    2.55200E+02    2.62202E-01    7.69356E-01
    2.55300E+02    2.62348E-01    7.69243E-01
    2.55400E+02    2.62499E-01    7.69127E-01
    2.55500E+02    2.62645E-01    7.69014E-01
    2.55600E+02    2.62784E-01    7.68908E-01
    2.55700E+02    2.62928E-01    7.68797E-01
    2.55800E+02    2.63089E-01    7.68674E-01
    2.55900E+02    2.63214E-01    7.68578E-01
    2.56000E+02    2.63385E-01    7.68446E-01
    2.56100E+02    2.63545E-01    7.68323E-01
    2.56200E+02    2.63646E-01    7.68245E-01
    2.56300E+02    2.63805E-01    7.68123E-01
    2.56400E+02    2.64004E-01    7.67971E-01
    2.56500E+02    2.64202E-01    7.67818E-01
    2.56600E+02    2.64389E-01    7.67675E-01
    2.56700E+02    2.64684E-01    7.67449E-01
    2.56800E+02    2.64834E-01    7.67333E-01
    2.56900E+02    2.65437E-01    7.66871E-01
    2.57000E+02    2.65193E-01    7.67058E-01
    2.57100E+02    2.65369E-01    7.66923E-01
    2.57200E+02    2.65604E-01    7.66742E-01
    2.57300E+02    2.65864E-01    7.66544E-01
    2.57400E+02    2.66174E-01    7.66306E-01
    2.57500E+02    2.66492E-01    7.66062E-01
    2.57600E+02    2.66876E-01    7.65768E-01
    2.57700E+02    2.67280E-01    7.65459E-01
    2.57800E+02    2.67840E-01    7.65030E-01
    2.57900E+02    2.68461E-01    7.64555E-01
    2.58000E+02    2.69650E-01    7.63647E-01
    2.58100E+02    2.72290E-01    7.61634E-01
    2.58200E+02    2.93655E-01    7.45534E-01
    2.58300E+02    2.74807E-01    7.59719E-01
    2.58400E+02    2.74541E-01    7.59921E-01
    2.58500E+02    2.78157E-01    7.57178E-01
    2.58600E+02    2.89909E-01    7.48332E-01
    2.58700E+02    3.67858E-01    6.92216E-01
    2.58800E+02    2.99375E-01    7.41282E-01
    2.58900E+02    2.80830E-01    7.55157E-01
    2.59000E+02    2.75475E-01    7.59211E-01
    2.59100E+02    2.73282E-01    7.60878E-01
    2.59200E+02    2.72265E-01    7.61652E-01
    2.59300E+02    2.71722E-01    7.62066E-01
    2.59400E+02    2.71481E-01    7.62250E-01
    2.59500E+02    2.71545E-01    7.62201E-01
    2.59600E+02    2.71339E-01    7.62358E-01
    2.59700E+02    2.71369E-01    7.62335E-01
    2.59800E+02    2.71461E-01    7.62265E-01
    2.59900E+02    2.71598E-01    7.62161E-01
    2.60000E+02    2.71821E-01    7.61991E-01
    2.60100E+02    2.71959E-01    7.61886E-01
    2.60200E+02    2.72090E-01    7.61786E-01
    2.60300E+02    2.72274E-01    7.61646E-01
    2.60400E+02    2.72487E-01    7.61484E-01
    2.60500E+02    2.72735E-01    7.61295E-01
    2.60600E+02    2.72988E-01    7.61102E-01
    2.60700E+02    2.73275E-01    7.60883E-01
    2.60800E+02    2.74209E-01    7.60173E-01
    2.60900E+02    2.73805E-01    7.60481E-01
    2.61000E+02    2.73899E-01    7.60409E-01
    2.61100E+02    2.74168E-01    7.60204E-01
    2.61200E+02    2.74365E-01    7.60055E-01
    2.61300E+02    2.74619E-01    7.59862E-01
    2.61400E+02    2.74878E-01    7.59665E-01
    2.61500E+02    2.75144E-01    7.59463E-01
    2.61600E+02    2.75429E-01    7.59247E-01
    2.61700E+02    2.75742E-01    7.59008E-01
    2.61800E+02    2.76045E-01    7.58779E-01
    2.61900E+02    2.76342E-01    7.58554E-01
    2.62000E+02    2.76691E-01    7.58289E-01
    2.62100E+02    2.77037E-01    7.58027E-01
    2.62200E+02    2.77412E-01    7.57742E-01
    2.62300E+02    2.77859E-01    7.57403E-01
    2.62400E+02    2.78417E-01    7.56981E-01
    2.62500E+02    2.79199E-01    7.56389E-01
    2.62600E+02    2.80173E-01    7.55653E-01
    2.62700E+02    2.82322E-01    7.54031E-01
    2.62800E+02    2.90111E-01    7.48181E-01
    2.62900E+02    2.94022E-01    7.45260E-01
    2.63000E+02    2.84516E-01    7.52379E-01
    2.63100E+02    2.83424E-01    7.53201E-01
    2.63200E+02    2.85409E-01    7.51706E-01
    2.63300E+02    2.84855E-01    7.52123E-01
    2.63400E+02    2.87157E-01    7.50394E-01
    2.63500E+02    2.92786E-01    7.46182E-01
    2.63600E+02    3.11078E-01    7.32657E-01
    2.63700E+02    4.31077E-01    6.49809E-01
    2.63800E+02    3.08462E-01    7.34576E-01
    2.63900E+02    2.99513E-01    7.41179E-01
    2.64000E+02    2.89213E-01    7.48853E-01
    2.64100E+02    2.86662E-01    7.50766E-01
    2.64200E+02    2.85616E-01    7.51551E-01
    2.64300E+02    2.85199E-01    7.51864E-01
    2.64400E+02    2.85100E-01    7.51939E-01
    2.64500E+02    2.85278E-01    7.51805E-01
    2.64600E+02    2.85724E-01    7.51470E-01
    2.64700E+02    2.86567E-01    7.50837E-01
    2.64800E+02    2.88644E-01    7.49279E-01
    2.64900E+02    2.99793E-01    7.40972E-01
    2.65000E+02    2.91992E-01    7.46774E-01
    2.65100E+02    2.88232E-01    7.49587E-01
    2.65200E+02    2.87435E-01    7.50185E-01
    2.65300E+02    2.87287E-01    7.50297E-01
    2.65400E+02    2.87389E-01    7.50220E-01
    2.65500E+02    2.87613E-01    7.50052E-01
    2.65600E+02    2.87911E-01    7.49828E-01
    2.65700E+02    2.88208E-01    7.49605E-01
    2.65800E+02    2.88547E-01    7.49351E-01
    2.65900E+02    2.88885E-01    7.49098E-01
    2.66000E+02    2.89223E-01    7.48845E-01
    2.66100E+02    2.89583E-01    7.48576E-01
    2.66200E+02    2.89957E-01    7.48296E-01
    2.66300E+02    2.90189E-01    7.48122E-01
    2.66400E+02    2.90490E-01    7.47897E-01
    2.66500E+02    2.90837E-01    7.47638E-01
    2.66600E+02    2.91250E-01    7.47329E-01
    2.66700E+02    2.91798E-01    7.46919E-01
    2.66800E+02    2.92581E-01    7.46335E-01
    2.66900E+02    2.93859E-01    7.45382E-01
    2.67000E+02    2.96158E-01    7.43670E-01
    2.67100E+02    3.01611E-01    7.39626E-01
    2.67200E+02    3.21816E-01    7.24831E-01
    2.67300E+02    3.44671E-01    7.08454E-01
    2.67400E+02    3.05634E-01    7.36656E-01
    2.67500E+02    2.98076E-01    7.42245E-01
    2.67600E+02    2.95374E-01    7.44253E-01
    2.67700E+02    2.94149E-01    7.45165E-01
    2.67800E+02    2.93546E-01    7.45615E-01
    2.67900E+02    2.93245E-01    7.45840E-01
    2.68000E+02    2.93117E-01    7.45935E-01
    2.68100E+02    2.93125E-01    7.45929E-01
    2.68200E+02    2.93498E-01    7.45650E-01
    2.68300E+02    2.93260E-01    7.45828E-01
    2.68400E+02    2.93373E-01    7.45744E-01
    2.68500E+02    2.93602E-01    7.45574E-01
    2.68600E+02    2.94182E-01    7.45141E-01
    2.68700E+02    2.94691E-01    7.44761E-01
    2.68800E+02    2.94107E-01    7.45196E-01
    2.68900E+02    2.94181E-01    7.45141E-01
    2.69000E+02    2.94338E-01    7.45024E-01
    2.69100E+02    2.94532E-01    7.44880E-01
    2.69200E+02    2.94732E-01    7.44731E-01
    2.69300E+02    2.94947E-01    7.44571E-01
    2.69400E+02    2.95170E-01    7.44405E-01
    2.69500E+02    2.95413E-01    7.44224E-01
    2.69600E+02    2.95639E-01    7.44056E-01
    2.69700E+02    2.95871E-01    7.43883E-01
    2.69800E+02    2.96123E-01    7.43696E-01
    2.69900E+02    2.96371E-01    7.43511E-01
    2.70000E+02    2.96626E-01    7.43322E-01
    2.70100E+02    2.96910E-01    7.43111E-01
    2.70200E+02    2.97140E-01    7.42940E-01
    2.70300E+02    2.97416E-01    7.42735E-01
    2.70400E+02    2.97717E-01    7.42511E-01
    2.70500E+02    2.98037E-01    7.42274E-01
    2.70600E+02    2.98259E-01    7.42109E-01
    2.70700E+02    2.98636E-01    7.41829E-01
    2.70800E+02    2.98935E-01    7.41607E-01
    2.70900E+02    2.99372E-01    7.41284E-01
    2.71000E+02    2.99811E-01    7.40958E-01
    2.71100E+02    3.02417E-01    7.39030E-01
    2.71200E+02    3.00279E-01    7.40612E-01
    2.71300E+02    3.00471E-01    7.40469E-01
    2.71400E+02    3.00567E-01    7.40398E-01
    2.71500E+02    3.00831E-01    7.40203E-01
    2.71600E+02    3.01140E-01    7.39974E-01
    2.71700E+02    3.01491E-01    7.39714E-01
    2.71800E+02    3.01923E-01    7.39395E-01
    2.71900E+02    3.02949E-01    7.38637E-01
    2.72000E+02    3.02820E-01    7.38732E-01
    2.72100E+02    3.03013E-01    7.38589E-01
    2.72200E+02    3.03425E-01    7.38285E-01
    2.72300E+02    3.03933E-01    7.37910E-01
    2.72400E+02    3.04567E-01    7.37442E-01
    2.72500E+02    3.05387E-01    7.36838E-01
    2.72600E+02    3.06511E-01    7.36010E-01
    2.72700E+02    3.08299E-01    7.34695E-01
    2.72800E+02    3.11540E-01    7.32318E-01
    2.72900E+02    3.19394E-01    7.26589E-01
    2.73000E+02    3.52704E-01    7.02785E-01
    2.73100E+02    3.54504E-01    7.01521E-01
    2.73200E+02    3.20583E-01    7.25726E-01
    2.73300E+02    3.13243E-01    7.31073E-01
    2.73400E+02    3.10510E-01    7.33073E-01
    2.73500E+02    3.09376E-01    7.33905E-01
    2.73600E+02    3.08917E-01    7.34242E-01
    2.73700E+02    3.08796E-01    7.34331E-01
    2.73800E+02    3.08949E-01    7.34218E-01
    2.73900E+02    3.09392E-01    7.33893E-01
    2.74000E+02    3.09869E-01    7.33543E-01
    2.74100E+02    3.10663E-01    7.32961E-01
    2.74200E+02    3.12219E-01    7.31821E-01
    2.74300E+02    3.15684E-01    7.29290E-01
    2.74400E+02    3.27327E-01    7.20848E-01
    2.74500E+02    3.57459E-01    6.99452E-01
    2.74600E+02    3.20756E-01    7.25600E-01
    2.74700E+02    3.14809E-01    7.29929E-01
    2.74800E+02    3.12866E-01    7.31348E-01
    2.74900E+02    3.12113E-01    7.31899E-01
    2.75000E+02    3.11869E-01    7.32077E-01
    2.75100E+02    3.11770E-01    7.32150E-01
    2.75200E+02    3.11901E-01    7.32054E-01
    2.75300E+02    3.11908E-01    7.32049E-01
    2.75400E+02    3.12061E-01    7.31937E-01
    2.75500E+02    3.12243E-01    7.31804E-01
    2.75600E+02    3.12455E-01    7.31648E-01
    2.75700E+02    3.12710E-01    7.31462E-01
    2.75800E+02    3.12977E-01    7.31267E-01
    2.75900E+02    3.13276E-01    7.31048E-01
    2.76000E+02    3.13546E-01    7.30851E-01
    2.76100E+02    3.13864E-01    7.30619E-01
    2.76200E+02    3.14210E-01    7.30366E-01
    2.76300E+02    3.14601E-01    7.30080E-01
    2.76400E+02    3.15041E-01    7.29759E-01
    2.76500E+02    3.15590E-01    7.29359E-01
    2.76600E+02    3.16351E-01    7.28803E-01
    2.76700E+02    3.17654E-01    7.27855E-01
    2.76800E+02    3.20813E-01    7.25559E-01
    2.76900E+02    3.38225E-01    7.13035E-01
    2.77000E+02    3.25303E-01    7.22309E-01
    2.77100E+02    3.19902E-01    7.26220E-01
    2.77200E+02    3.18518E-01    7.27226E-01
    2.77300E+02    3.18129E-01    7.27509E-01
    2.77400E+02    3.18117E-01    7.27517E-01
    2.77500E+02    3.18246E-01    7.27424E-01
    2.77600E+02    3.18383E-01    7.27325E-01
    2.77700E+02    3.18590E-01    7.27174E-01
    2.77800E+02    3.18865E-01    7.26974E-01
    2.77900E+02    3.19282E-01    7.26671E-01
    2.78000E+02    3.19477E-01    7.26529E-01
    2.78100E+02    3.19782E-01    7.26307E-01
    2.78200E+02    3.20019E-01    7.26135E-01
    2.78300E+02    3.20374E-01    7.25877E-01
    2.78400E+02    3.20911E-01    7.25488E-01
    2.78500E+02    3.22218E-01    7.24540E-01
    2.78600E+02    3.21649E-01    7.24953E-01
    2.78700E+02    3.21735E-01    7.24890E-01
    2.78800E+02    3.22046E-01    7.24665E-01
    2.78900E+02    3.22451E-01    7.24371E-01
    2.79000E+02    3.22949E-01    7.24011E-01
    2.79100E+02    3.23595E-01    7.23543E-01
    2.79200E+02    3.24621E-01    7.22801E-01
    2.79300E+02    3.26907E-01    7.21151E-01
    2.79400E+02    3.30975E-01    7.18223E-01
    2.79500E+02    3.49060E-01    7.05351E-01
    2.79600E+02    3.29774E-01    7.19086E-01
    2.79700E+02    3.27559E-01    7.20681E-01
    2.79800E+02    3.28251E-01    7.20182E-01
    2.79900E+02    3.38217E-01    7.13041E-01
    2.80000E+02    3.27868E-01    7.20458E-01
    2.80100E+02    3.26840E-01    7.21199E-01
    2.80200E+02    3.26694E-01    7.21305E-01
    2.80300E+02    3.26785E-01    7.21239E-01
    2.80400E+02    3.26980E-01    7.21099E-01
    2.80500E+02    3.27217E-01    7.20927E-01
    2.80600E+02    3.27498E-01    7.20725E-01
    2.80700E+02    3.27820E-01    7.20493E-01
    2.80800E+02    3.28222E-01    7.20203E-01
    2.80900E+02    3.29027E-01    7.19624E-01
    2.81000E+02    3.31787E-01    7.17640E-01
    2.81100E+02    3.29419E-01    7.19342E-01
    2.81200E+02    3.29650E-01    7.19175E-01
    2.81300E+02    3.29766E-01    7.19092E-01
    2.81400E+02    3.30174E-01    7.18799E-01
    2.81500E+02    3.31142E-01    7.18103E-01
    2.81600E+02    3.30943E-01    7.18246E-01
    2.81700E+02    3.31037E-01    7.18179E-01
    2.81800E+02    3.31353E-01    7.17952E-01
    2.81900E+02    3.31825E-01    7.17613E-01
    2.82000E+02    3.32373E-01    7.17220E-01
    2.82100E+02    3.32495E-01    7.17132E-01
    2.82200E+02    3.32847E-01    7.16880E-01
    2.82300E+02    3.33306E-01    7.16551E-01
    2.82400E+02    3.33686E-01    7.16279E-01
    2.82500E+02    3.34295E-01    7.15843E-01
    2.82600E+02    3.35225E-01    7.15177E-01
    2.82700E+02    3.37218E-01    7.13753E-01
    2.82800E+02    3.46090E-01    7.07449E-01
    2.82900E+02    3.42240E-01    7.10178E-01
    2.83000E+02    3.37619E-01    7.13467E-01
    2.83100E+02    3.36742E-01    7.14093E-01
    2.83200E+02    3.36601E-01    7.14194E-01
    2.83300E+02    3.36681E-01    7.14136E-01
    2.83400E+02    3.36922E-01    7.13965E-01
    2.83500E+02    3.37160E-01    7.13795E-01
    2.83600E+02    3.37444E-01    7.13592E-01
    2.83700E+02    3.37763E-01    7.13364E-01
    2.83800E+02    3.38102E-01    7.13123E-01
    2.83900E+02    3.38453E-01    7.12872E-01
    2.84000E+02    3.38837E-01    7.12599E-01
    2.84100E+02    3.39193E-01    7.12345E-01
    2.84200E+02    3.39574E-01    7.12074E-01
    2.84300E+02    3.40012E-01    7.11762E-01
    2.84400E+02    3.40878E-01    7.11145E-01
    2.84500E+02    3.40838E-01    7.11174E-01
    2.84600E+02    3.41353E-01    7.10808E-01
    2.84700E+02    3.41671E-01    7.10582E-01
    2.84800E+02    3.42172E-01    7.10226E-01
    2.84900E+02    3.42654E-01    7.09884E-01
    2.85000E+02    3.43145E-01    7.09535E-01
    2.85100E+02    3.43726E-01    7.09123E-01
    2.85200E+02    3.44383E-01    7.08658E-01
    2.85300E+02    3.45140E-01    7.08121E-01
    2.85400E+02    3.46049E-01    7.07478E-01
    2.85500E+02    3.47196E-01    7.06667E-01
    2.85600E+02    3.48805E-01    7.05531E-01
    2.85700E+02    3.50956E-01    7.04015E-01
    2.85800E+02    3.54682E-01    7.01396E-01
    2.85900E+02    3.62195E-01    6.96146E-01
    2.86000E+02    3.83419E-01    6.81527E-01
    2.86100E+02    4.77005E-01    6.20639E-01
    2.86200E+02    4.31377E-01    6.49614E-01
    2.86300E+02    4.27397E-01    6.52205E-01
    2.86400E+02    3.68876E-01    6.91511E-01
    2.86500E+02    3.58904E-01    6.98441E-01
    2.86600E+02    3.55042E-01    7.01144E-01
    2.86700E+02    3.53206E-01    7.02432E-01
    2.86800E+02    3.52269E-01    7.03091E-01
    2.86900E+02    3.51820E-01    7.03407E-01
    2.87000E+02    3.51701E-01    7.03490E-01
    2.87100E+02    3.51554E-01    7.03594E-01
    2.87200E+02    3.51615E-01    7.03551E-01
    2.87300E+02    3.51774E-01    7.03439E-01
    2.87400E+02    3.51998E-01    7.03282E-01
    2.87500E+02    3.52275E-01    7.03086E-01
    2.87600E+02    3.52596E-01    7.02861E-01
    2.87700E+02    3.52956E-01    7.02608E-01
    2.87800E+02    3.53363E-01    7.02322E-01
    2.87900E+02    3.53818E-01    7.02002E-01
    2.88000E+02    3.54335E-01    7.01640E-01
    2.88100E+02    3.54924E-01    7.01226E-01
    2.88200E+02    3.55631E-01    7.00731E-01
    2.88300E+02    3.56580E-01    7.00067E-01
    2.88400E+02    3.57603E-01    6.99351E-01
    2.88500E+02    3.59116E-01    6.98294E-01
    2.88600E+02    3.61538E-01    6.96604E-01
    2.88700E+02    3.65999E-01    6.93504E-01
    2.88800E+02    3.76520E-01    6.86245E-01
    2.88900E+02    4.17329E-01    6.58804E-01
    2.89000E+02    4.42232E-01    6.42600E-01
    2.89100E+02    3.81491E-01    6.82842E-01
    2.89200E+02    3.69158E-01    6.91316E-01
    2.89300E+02    3.64704E-01    6.94402E-01
    2.89400E+02    3.62734E-01    6.95772E-01
    2.89500E+02    3.61795E-01    6.96425E-01
    2.89600E+02    3.61360E-01    6.96728E-01
    2.89700E+02    3.61214E-01    6.96830E-01
    2.89800E+02    3.61314E-01    6.96760E-01
    2.89900E+02    3.61493E-01    6.96635E-01
    2.90000E+02    3.61696E-01    6.96494E-01
    2.90100E+02    3.61769E-01    6.96443E-01
    2.90200E+02    3.62018E-01    6.96270E-01
    2.90300E+02    3.62322E-01    6.96058E-01
    2.90400E+02    3.62676E-01    6.95812E-01
    2.90500E+02    3.63096E-01    6.95519E-01
    2.90600E+02    3.63532E-01    6.95217E-01
    2.90700E+02    3.64073E-01    6.94840E-01
    2.90800E+02    3.64916E-01    6.94255E-01
    2.90900E+02    3.67108E-01    6.92735E-01
    2.91000E+02    3.71800E-01    6.89492E-01
    2.91100E+02    3.66743E-01    6.92988E-01
    2.91200E+02    3.66306E-01    6.93291E-01
    2.91300E+02    3.66584E-01    6.93098E-01
    2.91400E+02    3.66826E-01    6.92930E-01
    2.91500E+02    3.67070E-01    6.92761E-01
    2.91600E+02    3.67579E-01    6.92408E-01
    2.91700E+02    3.70382E-01    6.90471E-01
    2.91800E+02    3.68363E-01    6.91866E-01
    2.91900E+02    3.68646E-01    6.91670E-01
    2.92000E+02    3.69057E-01    6.91386E-01
    2.92100E+02    3.69529E-01    6.91060E-01
    2.92200E+02    3.70040E-01    6.90707E-01
    2.92300E+02    3.70593E-01    6.90325E-01
    2.92400E+02    3.71228E-01    6.89886E-01
    2.92500E+02    3.72139E-01    6.89258E-01
    2.92600E+02    3.72858E-01    6.88763E-01
    2.92700E+02    3.73739E-01    6.88157E-01
    2.92800E+02    3.75168E-01    6.87174E-01
    2.92900E+02    3.77561E-01    6.85531E-01
    2.93000E+02    3.82646E-01    6.82055E-01
    2.93100E+02    3.99808E-01    6.70449E-01
    2.93200E+02    4.27691E-01    6.52013E-01
    2.93300E+02    3.89172E-01    6.77618E-01
    2.93400E+02    3.83712E-01    6.81328E-01
    2.93500E+02    3.87814E-01    6.78538E-01
    2.93600E+02    3.86483E-01    6.79442E-01
    2.93700E+02    3.80286E-01    6.83666E-01
    2.93800E+02    3.78906E-01    6.84610E-01
    2.93900E+02    3.78495E-01    6.84891E-01
    2.94000E+02    3.78466E-01    6.84912E-01
    2.94100E+02    3.78613E-01    6.84811E-01
    2.94200E+02    3.78867E-01    6.84636E-01
    2.94300E+02    3.79175E-01    6.84426E-01
    2.94400E+02    3.79530E-01    6.84183E-01
    2.94500E+02    3.79921E-01    6.83915E-01
    2.94600E+02    3.80414E-01    6.83578E-01
    2.94700E+02    3.80733E-01    6.83360E-01
    2.94800E+02    3.81173E-01    6.83060E-01
    2.94900E+02    3.81608E-01    6.82763E-01
    2.95000E+02    3.82059E-01    6.82454E-01
    2.95100E+02    3.82514E-01    6.82144E-01
    2.95200E+02    3.83011E-01    6.81805E-01
    2.95300E+02    3.83641E-01    6.81376E-01
    2.95400E+02    3.84125E-01    6.81046E-01
    2.95500E+02    3.84559E-01    6.80751E-01
    2.95600E+02    3.84938E-01    6.80493E-01
    2.95700E+02    3.85435E-01    6.80155E-01
    2.95800E+02    3.86046E-01    6.79739E-01
    2.95900E+02    3.86480E-01    6.79445E-01
    2.96000E+02    3.87073E-01    6.79041E-01
    2.96100E+02    3.87790E-01    6.78555E-01
    2.96200E+02    3.88095E-01    6.78348E-01
    2.96300E+02    3.88647E-01    6.77973E-01
    2.96400E+02    3.89521E-01    6.77381E-01
    2.96500E+02    3.89794E-01    6.77196E-01
    2.96600E+02    3.90369E-01    6.76807E-01
    2.96700E+02    3.90989E-01    6.76387E-01
    2.96800E+02    3.91680E-01    6.75920E-01
    2.96900E+02    3.92337E-01    6.75476E-01
    2.97000E+02    3.93131E-01    6.74940E-01
    2.97100E+02    3.94387E-01    6.74093E-01
    2.97200E+02    3.96380E-01    6.72751E-01
    2.97300E+02    3.95483E-01    6.73355E-01
    2.97400E+02    3.96222E-01    6.72858E-01
    2.97500E+02    3.96792E-01    6.72474E-01
    2.97600E+02    3.97620E-01    6.71917E-01
    2.97700E+02    3.98567E-01    6.71281E-01
    2.97800E+02    3.99622E-01    6.70573E-01
    2.97900E+02    4.00813E-01    6.69775E-01
    2.98000E+02    4.02176E-01    6.68863E-01
    2.98100E+02    4.03803E-01    6.67776E-01
    2.98200E+02    4.05834E-01    6.66421E-01
    2.98300E+02    4.08774E-01    6.64464E-01
    2.98400E+02    4.13484E-01    6.61342E-01
    2.98500E+02    4.17672E-01    6.58579E-01
    2.98600E+02    4.12477E-01    6.62008E-01
    2.98700E+02    4.09587E-01    6.63924E-01
    2.98800E+02    4.08876E-01    6.64396E-01
    2.98900E+02    4.07867E-01    6.65068E-01
    2.99000E+02    4.07476E-01    6.65327E-01
    2.99100E+02    4.07338E-01    6.65419E-01
    2.99200E+02    4.07368E-01    6.65399E-01
    2.99300E+02    4.07587E-01    6.65254E-01
    2.99400E+02    4.08221E-01    6.64832E-01
    2.99500E+02    4.11016E-01    6.62977E-01
    2.99600E+02    4.08664E-01    6.64538E-01
    2.99700E+02    4.08971E-01    6.64334E-01
    2.99800E+02    4.09114E-01    6.64239E-01
    2.99900E+02    4.09562E-01    6.63941E-01
    3.00000E+02    4.10105E-01    6.63581E-01
    3.00100E+02    4.10823E-01    6.63105E-01
    3.00200E+02    4.11529E-01    6.62636E-01
    3.00300E+02    4.12411E-01    6.62052E-01
    3.00400E+02    4.13706E-01    6.61196E-01
    3.00500E+02    4.15994E-01    6.59684E-01
    3.00600E+02    4.22292E-01    6.55543E-01
    3.00700E+02    4.45887E-01    6.40256E-01
    3.00800E+02    4.21205E-01    6.56256E-01
    3.00900E+02    4.18491E-01    6.58039E-01
    3.01000E+02    4.18234E-01    6.58208E-01
    3.01100E+02    4.18731E-01    6.57881E-01
    3.01200E+02    4.19751E-01    6.57211E-01
    3.01300E+02    4.21374E-01    6.56144E-01
    3.01400E+02    4.23868E-01    6.54510E-01
    3.01500E+02    4.28079E-01    6.51760E-01
    3.01600E+02    4.36610E-01    6.46224E-01
    3.01700E+02    4.60568E-01    6.30925E-01
    3.01800E+02    6.26846E-01    5.34274E-01
    3.01900E+02    4.76016E-01    6.21254E-01
    3.02000E+02    4.42904E-01    6.42169E-01
    3.02100E+02    4.33520E-01    6.48224E-01
    3.02200E+02    4.29895E-01    6.50578E-01
    3.02300E+02    4.28411E-01    6.51543E-01
    3.02400E+02    4.27954E-01    6.51842E-01
    3.02500E+02    4.28166E-01    6.51703E-01
    3.02600E+02    4.28735E-01    6.51332E-01
    3.02700E+02    4.29729E-01    6.50685E-01
    3.02800E+02    4.31465E-01    6.49557E-01
    3.02900E+02    4.34670E-01    6.47478E-01
    3.03000E+02    4.41987E-01    6.42758E-01
    3.03100E+02    4.67795E-01    6.26382E-01
    3.03200E+02    4.93346E-01    6.10580E-01
    3.03300E+02    4.47591E-01    6.39166E-01
    3.03400E+02    4.38995E-01    6.44684E-01
    3.03500E+02    4.36330E-01    6.46405E-01
    3.03600E+02    4.35634E-01    6.46854E-01
    3.03700E+02    4.35041E-01    6.47238E-01
    3.03800E+02    4.35157E-01    6.47163E-01
    3.03900E+02    4.35552E-01    6.46907E-01
    3.04000E+02    4.36048E-01    6.46587E-01
    3.04100E+02    4.36658E-01    6.46192E-01
    3.04200E+02    4.37355E-01    6.45742E-01
    3.04300E+02    4.38123E-01    6.45246E-01
    3.04400E+02    4.38964E-01    6.44704E-01
    3.04500E+02    4.39887E-01    6.44109E-01
    3.04600E+02    4.40928E-01    6.43439E-01
    3.04700E+02    4.42188E-01    6.42629E-01
    3.04800E+02    4.44369E-01    6.41229E-01
    3.04900E+02    4.44080E-01    6.41414E-01
    3.05000E+02    4.44162E-01    6.41361E-01
    3.05100E+02    4.44604E-01    6.41078E-01
    3.05200E+02    4.45106E-01    6.40756E-01
    3.05300E+02    4.45713E-01    6.40367E-01
    3.05400E+02    4.46378E-01    6.39942E-01
    3.05500E+02    4.47084E-01    6.39490E-01
    3.05600E+02    4.47827E-01    6.39015E-01
    3.05700E+02    4.48594E-01    6.38525E-01
    3.05800E+02    4.49387E-01    6.38019E-01
    3.05900E+02    4.50215E-01    6.37491E-01
    3.06000E+02    4.51072E-01    6.36945E-01
    3.06100E+02    4.51891E-01    6.36424E-01
    3.06200E+02    4.52760E-01    6.35871E-01
    3.06300E+02    4.53641E-01    6.35311E-01
    3.06400E+02    4.54547E-01    6.34735E-01
    3.06500E+02    4.55449E-01    6.34163E-01
    3.06600E+02    4.56379E-01    6.33574E-01
    3.06700E+02    4.57325E-01    6.32974E-01
    3.06800E+02    4.58296E-01    6.32360E-01
    3.06900E+02    4.59354E-01    6.31691E-01
    3.07000E+02    4.60291E-01    6.31100E-01
    3.07100E+02    4.61258E-01    6.30490E-01
    3.07200E+02    4.62284E-01    6.29844E-01
    3.07300E+02    4.63619E-01    6.29003E-01
    3.07400E+02    4.64753E-01    6.28290E-01
    3.07500E+02    4.65990E-01    6.27513E-01
    3.07600E+02    4.66851E-01    6.26973E-01
    3.07700E+02    4.67885E-01    6.26326E-01
    3.07800E+02    4.68976E-01    6.25643E-01
    3.07900E+02    4.70099E-01    6.24940E-01
    3.08000E+02    4.71234E-01    6.24232E-01
    3.08100E+02    4.72393E-01    6.23508E-01
    3.08200E+02    4.73583E-01    6.22767E-01
    3.08300E+02    4.74802E-01    6.22008E-01
    3.08400E+02    4.76085E-01    6.21210E-01
    3.08500E+02    4.77645E-01    6.20243E-01
    3.08600E+02    4.79314E-01    6.19208E-01
    3.08700E+02    4.79944E-01    6.18818E-01
    3.08800E+02    4.81269E-01    6.17999E-01
    3.08900E+02    4.82630E-01    6.17158E-01
    3.09000E+02    4.83783E-01    6.16447E-01
    3.09100E+02    4.85135E-01    6.15614E-01
    3.09200E+02    4.86586E-01    6.14722E-01
    3.09300E+02    4.88056E-01    6.13818E-01
    3.09400E+02    4.89684E-01    6.12820E-01
    3.09500E+02    4.91035E-01    6.11993E-01
    3.09600E+02    4.92654E-01    6.11002E-01
    3.09700E+02    4.94456E-01    6.09903E-01
    3.09800E+02    4.96638E-01    6.08573E-01
    3.09900E+02    4.99726E-01    6.06697E-01
    3.10000E+02    5.07446E-01    6.02031E-01
    3.10100E+02    5.14558E-01    5.97765E-01
    3.10200E+02    5.05260E-01    6.03349E-01
    3.10300E+02    5.04818E-01    6.03616E-01
    3.10400E+02    5.05545E-01    6.03177E-01
    3.10500E+02    5.06775E-01    6.02435E-01
    3.10600E+02    5.08166E-01    6.01598E-01
    3.10700E+02    5.09654E-01    6.00704E-01
    3.10800E+02    5.11200E-01    5.99775E-01
    3.10900E+02    5.12790E-01    5.98822E-01
    3.11000E+02    5.14429E-01    5.97842E-01
    3.11100E+02    5.16161E-01    5.96807E-01
    3.11200E+02    5.17829E-01    5.95813E-01
    3.11300E+02    5.19529E-01    5.94801E-01
    3.11400E+02    5.21295E-01    5.93751E-01
    3.11500E+02    5.23122E-01    5.92668E-01
    3.11600E+02    5.25072E-01    5.91513E-01
    3.11700E+02    5.26963E-01    5.90395E-01
    3.11800E+02    5.28839E-01    5.89289E-01
    3.11900E+02    5.30791E-01    5.88139E-01
    3.12000E+02    5.32827E-01    5.86943E-01
    3.12100E+02    5.34918E-01    5.85717E-01
    3.12200E+02    5.37059E-01    5.84464E-01
    3.12300E+02    5.39260E-01    5.83180E-01
    3.12400E+02    5.41519E-01    5.81864E-01
    3.12500E+02    5.43886E-01    5.80488E-01
    3.12600E+02    5.46270E-01    5.79106E-01
    3.12700E+02    5.48612E-01    5.77751E-01
    3.12800E+02    5.51091E-01    5.76321E-01
    3.12900E+02    5.53897E-01    5.74706E-01
    3.13000E+02    5.56213E-01    5.73376E-01
    3.13100E+02    5.58825E-01    5.71881E-01
    3.13200E+02    5.61448E-01    5.70382E-01
    3.13300E+02    5.64186E-01    5.68823E-01
    3.13400E+02    5.67000E-01    5.67224E-01
    3.13500E+02    5.69916E-01    5.65573E-01
    3.13600E+02    5.73017E-01    5.63822E-01
    3.13700E+02    5.75664E-01    5.62331E-01
    3.13800E+02    5.78619E-01    5.60672E-01
    3.13900E+02    5.81688E-01    5.58954E-01
    3.14000E+02    5.85349E-01    5.56911E-01
    3.14100E+02    5.87791E-01    5.55553E-01
    3.14200E+02    5.90899E-01    5.53829E-01
    3.14300E+02    5.94130E-01    5.52042E-01
    3.14400E+02    5.97459E-01    5.50208E-01
    3.14500E+02    6.00886E-01    5.48326E-01
    3.14600E+02    6.04423E-01    5.46390E-01
    3.14700E+02    6.08076E-01    5.44397E-01
    3.14800E+02    6.11861E-01    5.42341E-01
    3.14900E+02    6.15788E-01    5.40215E-01
    3.15000E+02    6.19884E-01    5.38007E-01
    3.15100E+02    6.24203E-01    5.35688E-01
    3.15200E+02    6.28682E-01    5.33294E-01
    3.15300E+02    6.33482E-01    5.30740E-01
    3.15400E+02    6.38721E-01    5.27967E-01
    3.15500E+02    6.44667E-01    5.24837E-01
    3.15600E+02    6.51997E-01    5.21004E-01
    3.15700E+02    6.62963E-01    5.15322E-01
    3.15800E+02    6.89799E-01    5.01677E-01
    3.15900E+02    7.44351E-01    4.75043E-01
    3.16000E+02    6.89080E-01    5.02038E-01
    3.16100E+02    6.88875E-01    5.02141E-01
    3.16200E+02    7.03587E-01    4.94807E-01
    3.16300E+02    7.77814E-01    4.59409E-01
    3.16400E+02    7.33101E-01    4.80417E-01
    3.16500E+02    7.11820E-01    4.90750E-01
    3.16600E+02    7.12243E-01    4.90542E-01
    3.16700E+02    7.23117E-01    4.85237E-01
    3.16800E+02    7.19337E-01    4.87075E-01
    3.16900E+02    7.24335E-01    4.84647E-01
    3.17000E+02    7.31202E-01    4.81330E-01
    3.17100E+02    7.40421E-01    4.76913E-01
    3.17200E+02    7.64974E-01    4.65346E-01
    3.17300E+02    7.54943E-01    4.70037E-01
    3.17400E+02    7.60865E-01    4.67262E-01
    3.17500E+02    7.68584E-01    4.63669E-01
    3.17600E+02    7.77083E-01    4.59745E-01
    3.17700E+02    7.86136E-01    4.55602E-01
    3.17800E+02    7.95633E-01    4.51295E-01
    3.17900E+02    8.05564E-01    4.46836E-01
    3.18000E+02    8.15961E-01    4.42214E-01
    3.18100E+02    8.26904E-01    4.37401E-01
    3.18200E+02    8.38237E-01    4.32472E-01
    3.18300E+02    8.50154E-01    4.27349E-01
    3.18400E+02    8.62629E-01    4.22051E-01
    3.18500E+02    8.75750E-01    4.16549E-01
    3.18600E+02    8.89373E-01    4.10913E-01
    3.18700E+02    9.03750E-01    4.05048E-01
    3.18800E+02    9.18843E-01    3.98980E-01
    3.18900E+02    9.34722E-01    3.92695E-01
    3.19000E+02    9.51413E-01    3.86195E-01
    3.19100E+02    9.69011E-01    3.79458E-01
    3.19200E+02    9.87706E-01    3.72430E-01
    3.19300E+02    1.00735E+00    3.65186E-01
    3.19400E+02    1.02832E+00    3.57608E-01
    3.19500E+02    1.05042E+00    3.49792E-01
    3.19600E+02    1.07432E+00    3.41529E-01
    3.19700E+02    1.10063E+00    3.32660E-01
    3.19800E+02    1.13121E+00    3.22643E-01
    3.19900E+02    1.17463E+00    3.08932E-01
    3.20000E+02    1.33939E+00    2.62005E-01
    3.20100E+02    1.23131E+00    2.91909E-01
    3.20200E+02    1.24819E+00    2.87023E-01
    3.20300E+02    1.27706E+00    2.78855E-01
    3.20400E+02    1.31045E+00    2.69699E-01
    3.20500E+02    1.34652E+00    2.60144E-01
    3.20600E+02    1.38494E+00    2.50338E-01
    3.20700E+02    1.42521E+00    2.40457E-01
    3.20800E+02    1.46720E+00    2.30569E-01
    3.20900E+02    1.51057E+00    2.20784E-01
    3.21000E+02    1.55509E+00    2.11171E-01
    3.21100E+02    1.60054E+00    2.01787E-01
    3.21200E+02    1.64652E+00    1.92719E-01
    3.21300E+02    1.69308E+00    1.83952E-01
    3.21400E+02    1.74082E+00    1.75376E-01
    3.21500E+02    1.79041E+00    1.66891E-01
    3.21600E+02    1.84228E+00    1.58455E-01
    3.21700E+02    1.89739E+00    1.49960E-01
    3.21800E+02    1.95635E+00    1.41373E-01
    3.21900E+02    2.02001E+00    1.32654E-01
    3.22000E+02    2.09118E+00    1.23541E-01
    3.22100E+02    2.16340E+00    1.14934E-01
    3.22200E+02    2.24328E+00    1.06110E-01
    3.22300E+02    2.33016E+00    9.72798E-02
    3.22400E+02    2.42476E+00    8.84995E-02
    3.22500E+02    2.52747E+00    7.98611E-02
    3.22600E+02    2.63892E+00    7.14381E-02
    3.22700E+02    2.76013E+00    6.32837E-02
    3.22800E+02    2.89132E+00    5.55030E-02
    3.22900E+02    3.03405E+00    4.81203E-02
    3.23000E+02    3.18907E+00    4.12102E-02
    3.23100E+02    3.35742E+00    3.48251E-02
    3.23200E+02    3.54020E+00    2.90076E-02
    3.23300E+02    3.73847E+00    2.37905E-02
    3.23400E+02    3.95345E+00    1.91883E-02
    3.23500E+02    4.18629E+00    1.52025E-02
    3.23600E+02    4.43814E+00    1.18180E-02
    3.23700E+02    4.71500E+00    8.95987E-03
    3.23800E+02    5.00115E+00    6.73019E-03
    3.23900E+02    5.31305E+00    4.92688E-03
    3.24000E+02    5.64572E+00    3.53261E-03
    3.24100E+02    5.99812E+00    2.48342E-03
    3.24200E+02    6.36903E+00    1.71382E-03
    3.24300E+02    6.75438E+00    1.16577E-03
    3.24400E+02    7.15033E+00    7.84608E-04
    3.24500E+02    7.55003E+00    5.26096E-04
    3.24600E+02    7.94497E+00    3.54439E-04
    3.24700E+02    8.32357E+00    2.42729E-04
    3.24800E+02    8.67144E+00    1.71412E-04
    3.24900E+02    8.97209E+00    1.26903E-04
    3.25000E+02    9.20509E+00    1.00527E-04
    3.25100E+02    9.34738E+00    8.71939E-05
    3.25200E+02    9.35691E+00    8.63668E-05
    3.25300E+02    9.23048E+00    9.80061E-05
    3.25400E+02    9.01175E+00    1.21968E-04
    3.25500E+02    8.72293E+00    1.62810E-04
    3.25600E+02    8.38501E+00    2.28263E-04
    3.25700E+02    8.01396E+00    3.30813E-04
    3.25800E+02    7.62538E+00    4.87912E-04
    3.25900E+02    7.23012E+00    7.24437E-04
    3.26000E+02    6.83744E+00    1.07285E-03
    3.26100E+02    6.45393E+00    1.57433E-03
    3.26200E+02    6.08418E+00    2.27863E-03
    3.26300E+02    5.73212E+00    3.24019E-03
    3.26400E+02    5.40053E+00    4.51417E-03
    3.26500E+02    5.09035E+00    6.15588E-03
    3.26600E+02    4.79819E+00    8.24467E-03
    3.26700E+02    4.53373E+00    1.07405E-02
    3.26800E+02    4.30923E+00    1.34439E-02
    3.26900E+02    4.34410E+00    1.29831E-02
    3.27000E+02    3.85530E+00    2.11673E-02
    3.27100E+02    3.62207E+00    2.67273E-02
    3.27200E+02    3.42510E+00    3.25461E-02
    3.27300E+02    3.24782E+00    3.88590E-02
    3.27400E+02    3.08576E+00    4.56952E-02
    3.27500E+02    2.93691E+00    5.30292E-02
    3.27600E+02    2.80025E+00    6.07948E-02
    3.27700E+02    2.67646E+00    6.88066E-02
    3.27800E+02    2.57129E+00    7.64367E-02
    3.27900E+02    2.45894E+00    8.55258E-02
    3.28000E+02    2.34695E+00    9.56607E-02
    3.28100E+02    2.25032E+00    1.05365E-01
    3.28200E+02    2.16198E+00    1.15097E-01
    3.28300E+02    2.08018E+00    1.24908E-01
    3.28400E+02    2.00416E+00    1.34774E-01
    3.28500E+02    1.93348E+00    1.44643E-01
    3.28600E+02    1.86740E+00    1.54526E-01
    3.28700E+02    1.80570E+00    1.64359E-01
    3.28800E+02    1.74810E+00    1.74104E-01
    3.28900E+02    1.69414E+00    1.83757E-01
    3.29000E+02    1.64363E+00    1.93277E-01
    3.29100E+02    1.59630E+00    2.02645E-01
    3.29200E+02    1.55174E+00    2.11879E-01
    3.29300E+02    1.51001E+00    2.20907E-01
    3.29400E+02    1.47052E+00    2.29807E-01
    3.29500E+02    1.43347E+00    2.38479E-01
    3.29600E+02    1.39868E+00    2.46922E-01
    3.29700E+02    1.36581E+00    2.55173E-01
    3.29800E+02    1.33560E+00    2.63001E-01
    3.29900E+02    1.30523E+00    2.71109E-01
    3.30000E+02    1.27731E+00    2.78786E-01
    3.30100E+02    1.25100E+00    2.86218E-01
    3.30200E+02    1.22612E+00    2.93430E-01
    3.30300E+02    1.20252E+00    3.00437E-01
    3.30400E+02    1.18017E+00    3.07227E-01
    3.30500E+02    1.15891E+00    3.13827E-01
    3.30600E+02    1.13879E+00    3.20207E-01
    3.30700E+02    1.11966E+00    3.26391E-01
    3.30800E+02    1.10143E+00    3.32396E-01
    3.30900E+02    1.08413E+00    3.38195E-01
    3.31000E+02    1.06772E+00    3.43793E-01
    3.31100E+02    1.05204E+00    3.49224E-01
    3.31200E+02    1.03709E+00    3.54485E-01
    3.31300E+02    1.02288E+00    3.59560E-01
    3.31400E+02    1.00933E+00    3.64461E-01
    3.31500E+02    9.96481E-01    3.69176E-01
    3.31600E+02    9.84237E-01    3.73724E-01
    3.31700E+02    9.72657E-01    3.78077E-01
    3.31800E+02    9.62308E-01    3.82010E-01
    3.31900E+02    9.51073E-01    3.86326E-01
    3.32000E+02    9.41123E-01    3.90190E-01
    3.32100E+02    9.32059E-01    3.93742E-01
    3.32200E+02    9.23510E-01    3.97123E-01
    3.32300E+02    9.16202E-01    4.00035E-01
    3.32400E+02    9.10821E-01    4.02194E-01
    3.32500E+02    9.09690E-01    4.02649E-01
    3.32600E+02    9.22777E-01    3.97414E-01
    3.32700E+02    1.08722E+00    3.37154E-01
    3.32800E+02    9.26620E-01    3.95890E-01
    3.32900E+02    9.33712E-01    3.93092E-01
    3.33000E+02    8.76606E-01    4.16193E-01
    3.33100E+02    8.60060E-01    4.23137E-01
    3.33200E+02    8.49675E-01    4.27554E-01
    3.33300E+02    8.41477E-01    4.31073E-01
    3.33400E+02    8.34425E-01    4.34124E-01
    3.33500E+02    8.27981E-01    4.36931E-01
    3.33600E+02    8.22088E-01    4.39513E-01
    3.33700E+02    8.16529E-01    4.41963E-01
    3.33800E+02    8.11330E-01    4.44267E-01
    3.33900E+02    8.06455E-01    4.46438E-01
    3.34000E+02    8.01781E-01    4.48529E-01
    3.34100E+02    7.97091E-01    4.50638E-01
    3.34200E+02    7.92737E-01    4.52604E-01
    3.34300E+02    7.88644E-01    4.54461E-01
    3.34400E+02    7.84670E-01    4.56270E-01
    3.34500E+02    7.80937E-01    4.57977E-01
    3.34600E+02    7.77366E-01    4.59615E-01
    3.34700E+02    7.74008E-01    4.61161E-01
    3.34800E+02    7.70815E-01    4.62636E-01
    3.34900E+02    7.67941E-01    4.63967E-01
    3.35000E+02    7.65547E-01    4.65080E-01
    3.35100E+02    7.64353E-01    4.65635E-01
    3.35200E+02    7.68003E-01    4.63939E-01
    3.35300E+02    7.76347E-01    4.60084E-01
    3.35400E+02    7.57429E-01    4.68870E-01
    3.35500E+02    7.51956E-01    4.71444E-01
    3.35600E+02    7.48467E-01    4.73091E-01
    3.35700E+02    7.45884E-01    4.74315E-01
    3.35800E+02    7.42709E-01    4.75823E-01
    3.35900E+02    7.40581E-01    4.76837E-01
    3.36000E+02    7.37727E-01    4.78200E-01
    3.36100E+02    7.35381E-01    4.79323E-01
    3.36200E+02    7.33566E-01    4.80194E-01
    3.36300E+02    7.31023E-01    4.81416E-01
    3.36400E+02    7.28947E-01    4.82417E-01
    3.36500E+02    7.26972E-01    4.83370E-01
    3.36600E+02    7.25099E-01    4.84277E-01
    3.36700E+02    7.23282E-01    4.85157E-01
    3.36800E+02    7.21554E-01    4.85996E-01
    3.36900E+02    7.19920E-01    4.86791E-01
    3.37000E+02    7.18330E-01    4.87566E-01
    3.37100E+02    7.16949E-01    4.88240E-01
    3.37200E+02    7.15492E-01    4.88951E-01
    3.37300E+02    7.14068E-01    4.89648E-01
    3.37400E+02    7.12738E-01    4.90300E-01
    3.37500E+02    7.11599E-01    4.90859E-01
    3.37600E+02    7.10710E-01    4.91295E-01
    3.37700E+02    7.09299E-01    4.91989E-01
    3.37800E+02    7.07953E-01    4.92652E-01
    3.37900E+02    7.06829E-01    4.93205E-01
    3.38000E+02    7.05795E-01    4.93716E-01
    3.38100E+02    7.04852E-01    4.94182E-01
    3.38200E+02    7.03929E-01    4.94638E-01
    3.38300E+02    7.03145E-01    4.95026E-01
    3.38400E+02    7.02321E-01    4.95434E-01
    3.38500E+02    7.01544E-01    4.95819E-01
    3.38600E+02    7.00969E-01    4.96104E-01
    3.38700E+02    7.01642E-01    4.95770E-01
    3.38800E+02    6.99834E-01    4.96668E-01
    3.38900E+02    6.98894E-01    4.97135E-01
    3.39000E+02    6.98182E-01    4.97489E-01
    3.39100E+02    6.97584E-01    4.97787E-01
    3.39200E+02    6.97051E-01    4.98052E-01
    3.39300E+02    6.96555E-01    4.98299E-01
    3.39400E+02    6.96102E-01    4.98525E-01
    3.39500E+02    6.95682E-01    4.98734E-01
    3.39600E+02    6.95298E-01    4.98926E-01
    3.39700E+02    6.94947E-01    4.99101E-01
    3.39800E+02    6.94643E-01    4.99253E-01
    3.39900E+02    6.94379E-01    4.99384E-01
    3.40000E+02    6.94085E-01    4.99531E-01
    3.40100E+02    6.93848E-01    4.99650E-01
    3.40200E+02    6.93647E-01    4.99750E-01
    3.40300E+02    6.93473E-01    4.99837E-01
    3.40400E+02    6.93333E-01    4.99907E-01
    3.40500E+02    6.93232E-01    4.99958E-01
    3.40600E+02    6.93239E-01    4.99954E-01
    3.40700E+02    6.93485E-01    4.99831E-01
    3.40800E+02    6.93059E-01    5.00044E-01
    3.40900E+02    6.92994E-01    5.00077E-01
    3.41000E+02    6.92983E-01    5.00082E-01
    3.41100E+02    6.93006E-01    5.00070E-01
    3.41200E+02    6.93060E-01    5.00044E-01
    3.41300E+02    6.93138E-01    5.00005E-01
    3.41400E+02    6.93242E-01    4.99953E-01
    3.41500E+02    6.93374E-01    4.99887E-01
    3.41600E+02    6.93529E-01    4.99809E-01
    3.41700E+02    6.93718E-01    4.99715E-01
    3.41800E+02    6.93967E-01    4.99590E-01
    3.41900E+02    6.94399E-01    4.99374E-01
    3.42000E+02    6.94505E-01    4.99322E-01
    3.42100E+02    6.95255E-01    4.98947E-01
    3.42200E+02    6.95086E-01    4.99031E-01
    3.42300E+02    6.95418E-01    4.98866E-01
    3.42400E+02    6.95817E-01    4.98667E-01
    3.42500E+02    6.96316E-01    4.98418E-01
    3.42600E+02    6.96805E-01    4.98174E-01
    3.42700E+02    6.97476E-01    4.97840E-01
    3.42800E+02    6.98382E-01    4.97390E-01
    3.42900E+02    6.99706E-01    4.96731E-01
    3.43000E+02    7.02182E-01    4.95503E-01
    3.43100E+02    7.08922E-01    4.92175E-01
    3.43200E+02    7.36331E-01    4.78868E-01
    3.43300E+02    7.17906E-01    4.87772E-01
    3.43400E+02    7.08073E-01    4.92592E-01
    3.43500E+02    7.18143E-01    4.87657E-01
    3.43600E+02    7.05130E-01    4.94045E-01
    3.43700E+02    7.03221E-01    4.94988E-01
    3.43800E+02    7.02832E-01    4.95181E-01
    3.43900E+02    7.02925E-01    4.95135E-01
    3.44000E+02    7.03175E-01    4.95011E-01
    3.44100E+02    7.03557E-01    4.94822E-01
    3.44200E+02    7.04012E-01    4.94597E-01
    3.44300E+02    7.04519E-01    4.94346E-01
    3.44400E+02    7.05073E-01    4.94072E-01
    3.44500E+02    7.05664E-01    4.93780E-01
    3.44600E+02    7.06310E-01    4.93462E-01
    3.44700E+02    7.06945E-01    4.93148E-01
    3.44800E+02    7.07659E-01    4.92797E-01
    3.44900E+02    7.08351E-01    4.92456E-01
    3.45000E+02    7.08985E-01    4.92143E-01
    3.45100E+02    7.09689E-01    4.91797E-01
    3.45200E+02    7.10425E-01    4.91436E-01
    3.45300E+02    7.11174E-01    4.91068E-01
    3.45400E+02    7.11947E-01    4.90688E-01
    3.45500E+02    7.12734E-01    4.90302E-01
    3.45600E+02    7.13544E-01    4.89905E-01
    3.45700E+02    7.14365E-01    4.89503E-01
    3.45800E+02    7.15202E-01    4.89093E-01
    3.45900E+02    7.16061E-01    4.88673E-01
    3.46000E+02    7.16929E-01    4.88249E-01
    3.46100E+02    7.17825E-01    4.87812E-01
    3.46200E+02    7.18733E-01    4.87369E-01
    3.46300E+02    7.19629E-01    4.86933E-01
    3.46400E+02    7.20582E-01    4.86469E-01
    3.46500E+02    7.21495E-01    4.86025E-01
    3.46600E+02    7.22498E-01    4.85538E-01
    3.46700E+02    7.23457E-01    4.85073E-01
    3.46800E+02    7.24494E-01    4.84569E-01
    3.46900E+02    7.25562E-01    4.84052E-01
    3.47000E+02    7.26514E-01    4.83592E-01
    3.47100E+02    7.27581E-01    4.83076E-01
    3.47200E+02    7.28862E-01    4.82458E-01
    3.47300E+02    7.29760E-01    4.82025E-01
    3.47400E+02    7.30738E-01    4.81553E-01
    3.47500E+02    7.31801E-01    4.81042E-01
    3.47600E+02    7.32932E-01    4.80498E-01
    3.47700E+02    7.34107E-01    4.79934E-01
    3.47800E+02    7.35636E-01    4.79200E-01
    3.47900E+02    7.36417E-01    4.78826E-01
    3.48000E+02    7.37640E-01    4.78241E-01
    3.48100E+02    7.38735E-01    4.77718E-01
    3.48200E+02    7.39930E-01    4.77147E-01
    3.48300E+02    7.41126E-01    4.76577E-01
    3.48400E+02    7.42378E-01    4.75981E-01
    3.48500E+02    7.43654E-01    4.75374E-01
    3.48600E+02    7.45020E-01    4.74725E-01
    3.48700E+02    7.46187E-01    4.74171E-01
    3.48800E+02    7.47516E-01    4.73541E-01
    3.48900E+02    7.48829E-01    4.72920E-01
    3.49000E+02    7.50444E-01    4.72157E-01
    3.49100E+02    7.51530E-01    4.71644E-01
    3.49200E+02    7.52914E-01    4.70992E-01
    3.49300E+02    7.54339E-01    4.70321E-01
    3.49400E+02    7.55865E-01    4.69604E-01
    3.49500E+02    7.57599E-01    4.68791E-01
    3.49600E+02    7.59414E-01    4.67941E-01
    3.49700E+02    7.62601E-01    4.66452E-01
    3.49800E+02    7.63603E-01    4.65984E-01
    3.49900E+02    7.63619E-01    4.65977E-01
