    1.49900E+02    1.18883E-01    8.87912E-01
    1.50000E+02    1.19129E-01    8.87693E-01
    1.50100E+02    1.19374E-01    8.87476E-01
    1.50200E+02    1.19569E-01    8.87303E-01
    1.50300E+02    1.19811E-01    8.87088E-01
    1.50400E+02    1.20029E-01    8.86895E-01
    1.50500E+02    1.20262E-01    8.86688E-01
    1.50600E+02    1.20500E-01    8.86477E-01
    1.50700E+02    1.20746E-01    8.86259E-01
    1.50800E+02    1.20989E-01    8.86043E-01
    1.50900E+02    1.21235E-01    8.85826E-01
    1.51000E+02    1.21482E-01    8.85607E-01
    1.51100E+02    1.21738E-01    8.85381E-01
    1.51200E+02    1.21985E-01    8.85161E-01
    1.51300E+02    1.22240E-01    8.84936E-01
    1.51400E+02    1.22491E-01    8.84714E-01
    1.51500E+02    1.22743E-01    8.84491E-01
    1.51600E+02    1.23000E-01    8.84264E-01
    1.51700E+02    1.23250E-01    8.84043E-01
    1.51800E+02    1.23500E-01    8.83822E-01
    1.51900E+02    1.23756E-01    8.83595E-01
    1.52000E+02    1.24008E-01    8.83373E-01
    1.52100E+02    1.24265E-01    8.83146E-01
    1.52200E+02    1.24514E-01    8.82926E-01
    1.52300E+02    1.24775E-01    8.82695E-01
    1.52400E+02    1.25034E-01    8.82467E-01
    1.52500E+02    1.25302E-01    8.82230E-01
    1.52600E+02    1.25565E-01    8.81999E-01
    1.52700E+02    1.25837E-01    8.81758E-01
    1.52800E+02    1.26109E-01    8.81519E-01
    1.52900E+02    1.26392E-01    8.81269E-01
    1.53000E+02    1.26682E-01    8.81014E-01
    1.53100E+02    1.26978E-01    8.80753E-01
    1.53200E+02    1.27278E-01    8.80489E-01
    1.53300E+02    1.27600E-01    8.80205E-01
    1.53400E+02    1.27949E-01    8.79898E-01
    1.53500E+02    1.28360E-01    8.79536E-01
    1.53600E+02    1.28893E-01    8.79068E-01
    1.53700E+02    1.30235E-01    8.77889E-01
    1.53800E+02    1.30454E-01    8.77697E-01
    1.53900E+02    1.32488E-01    8.75913E-01
    1.54000E+02    1.36514E-01    8.72394E-01
    1.54100E+02    1.34840E-01    8.73856E-01
    1.54200E+02    1.31734E-01    8.76574E-01
    1.54300E+02    1.31175E-01    8.77065E-01
    1.54400E+02    1.31106E-01    8.77125E-01
    1.54500E+02    1.31220E-01    8.77025E-01
    1.54600E+02    1.31421E-01    8.76849E-01
    1.54700E+02    1.31731E-01    8.76577E-01
    1.54800E+02    1.31996E-01    8.76345E-01
    1.54900E+02    1.32270E-01    8.76105E-01
    1.55000E+02    1.32563E-01    8.75848E-01
    1.55100E+02    1.32862E-01    8.75586E-01
    1.55200E+02    1.33167E-01    8.75319E-01
    1.55300E+02    1.33474E-01    8.75050E-01
    1.55400E+02    1.33791E-01    8.74773E-01
    1.55500E+02    1.34114E-01    8.74490E-01
    1.55600E+02    1.34443E-01    8.74203E-01
    1.55700E+02    1.34782E-01    8.73906E-01
    1.55800E+02    1.35132E-01    8.73601E-01
    1.55900E+02    1.35534E-01    8.73250E-01
    1.56000E+02    1.36022E-01    8.72823E-01
    1.56100E+02    1.37962E-01    8.71132E-01
    1.56200E+02    1.36742E-01    8.72195E-01
    1.56300E+02    1.36886E-01    8.72070E-01
    1.56400E+02    1.37195E-01    8.71800E-01
    1.56500E+02    1.37634E-01    8.71417E-01
    1.56600E+02    1.37859E-01    8.71222E-01
    1.56700E+02    1.38200E-01    8.70924E-01
    1.56800E+02    1.38540E-01    8.70629E-01
    1.56900E+02    1.38891E-01    8.70323E-01
    1.57000E+02    1.39270E-01    8.69993E-01
    1.57100E+02    1.39628E-01    8.69682E-01
    1.57200E+02    1.40017E-01    8.69343E-01
    1.57300E+02    1.40463E-01    8.68956E-01
    1.57400E+02    1.40752E-01    8.68705E-01
    1.57500E+02    1.41118E-01    8.68387E-01
    1.57600E+02    1.41498E-01    8.68057E-01
    1.57700E+02    1.41885E-01    8.67721E-01
    1.57800E+02    1.42273E-01    8.67385E-01
    1.57900E+02    1.42666E-01    8.67043E-01
    1.58000E+02    1.43066E-01    8.66697E-01
    1.58100E+02    1.43472E-01    8.66345E-01
    1.58200E+02    1.43874E-01    8.65997E-01
    1.58300E+02    1.44291E-01    8.65636E-01
    1.58400E+02    1.44714E-01    8.65269E-01
    1.58500E+02    1.45221E-01    8.64831E-01
    1.58600E+02    1.45610E-01    8.64495E-01
    1.58700E+02    1.45964E-01    8.64189E-01
    1.58800E+02    1.46386E-01    8.63824E-01
    1.58900E+02    1.46812E-01    8.63456E-01
    1.59000E+02    1.47243E-01    8.63084E-01
    1.59100E+02    1.47693E-01    8.62696E-01
    1.59200E+02    1.48146E-01    8.62305E-01
    1.59300E+02    1.48584E-01    8.61928E-01
    1.59400E+02    1.49031E-01    8.61543E-01
    1.59500E+02    1.49506E-01    8.61133E-01
    1.59600E+02    1.49950E-01    8.60751E-01
    1.59700E+02    1.50399E-01    8.60365E-01
    1.59800E+02    1.50875E-01    8.59955E-01
    1.59900E+02    1.51361E-01    8.59537E-01
    1.60000E+02    1.51836E-01    8.59130E-01
    1.60100E+02    1.52313E-01    8.58720E-01
    1.60200E+02    1.52800E-01    8.58301E-01
    1.60300E+02    1.53282E-01    8.57888E-01
    1.60400E+02    1.53796E-01    8.57447E-01
    1.60500E+02    1.54290E-01    8.57023E-01
    1.60600E+02    1.54792E-01    8.56593E-01
    1.60700E+02    1.55309E-01    8.56151E-01
    1.60800E+02    1.55821E-01    8.55712E-01
    1.60900E+02    1.56344E-01    8.55265E-01
    1.61000E+02    1.56878E-01    8.54808E-01
    1.61100E+02    1.57418E-01    8.54347E-01
    1.61200E+02    1.57966E-01    8.53879E-01
    1.61300E+02    1.58519E-01    8.53407E-01
    1.61400E+02    1.59061E-01    8.52944E-01
    1.61500E+02    1.59619E-01    8.52469E-01
    1.61600E+02    1.60183E-01    8.51988E-01
    1.61700E+02    1.60763E-01    8.51494E-01
    1.61800E+02    1.61338E-01    8.51004E-01
    1.61900E+02    1.61929E-01    8.50501E-01
    1.62000E+02    1.62520E-01    8.49999E-01
    1.62100E+02    1.63122E-01    8.49488E-01
    1.62200E+02    1.63729E-01    8.48972E-01
    1.62300E+02    1.64353E-01    8.48443E-01
    1.62400E+02    1.64965E-01    8.47923E-01
    1.62500E+02    1.65598E-01    8.47387E-01
    1.62600E+02    1.66238E-01    8.46845E-01
    1.62700E+02    1.66882E-01    8.46299E-01
    1.62800E+02    1.67539E-01    8.45744E-01
    1.62900E+02    1.68203E-01    8.45182E-01
    1.63000E+02    1.68883E-01    8.44608E-01
    1.63100E+02    1.69575E-01    8.44023E-01
    1.63200E+02    1.70304E-01    8.43409E-01
    1.63300E+02    1.71024E-01    8.42802E-01
    1.63400E+02    1.71685E-01    8.42245E-01
    1.63500E+02    1.72399E-01    8.41644E-01
    1.63600E+02    1.73135E-01    8.41024E-01
    1.63700E+02    1.73879E-01    8.40398E-01
    1.63800E+02    1.74643E-01    8.39757E-01
    1.63900E+02    1.75425E-01    8.39101E-01
    1.64000E+02    1.76229E-01    8.38426E-01
    1.64100E+02    1.77042E-01    8.37744E-01
    1.64200E+02    1.77893E-01    8.37032E-01
    1.64300E+02    1.78782E-01    8.36288E-01
    1.64400E+02    1.79724E-01    8.35501E-01
    1.64500E+02    1.80753E-01    8.34642E-01
    1.64600E+02    1.81943E-01    8.33648E-01
    1.64700E+02    1.83524E-01    8.32332E-01
    1.64800E+02    1.86146E-01    8.30152E-01
    1.64900E+02    1.93512E-01    8.24060E-01
    1.65000E+02    1.94973E-01    8.22857E-01
    1.65100E+02    1.89021E-01    8.27769E-01
    1.65200E+02    1.88581E-01    8.28134E-01
    1.65300E+02    1.89291E-01    8.27545E-01
    1.65400E+02    1.90611E-01    8.26454E-01
    1.65500E+02    1.92758E-01    8.24681E-01
    1.65600E+02    1.96831E-01    8.21330E-01
    1.65700E+02    2.08687E-01    8.11649E-01
    1.65800E+02    2.51854E-01    7.77358E-01
    1.65900E+02    2.05302E-01    8.14401E-01
    1.66000E+02    1.99209E-01    8.19379E-01
    1.66100E+02    1.97805E-01    8.20530E-01
    1.66200E+02    1.97991E-01    8.20378E-01
    1.66300E+02    1.98110E-01    8.20280E-01
    1.66400E+02    1.98743E-01    8.19760E-01
    1.66500E+02    1.99585E-01    8.19070E-01
    1.66600E+02    2.00659E-01    8.18192E-01
    1.66700E+02    2.01476E-01    8.17524E-01
    1.66800E+02    2.02493E-01    8.16692E-01
    1.66900E+02    2.03574E-01    8.15810E-01
    1.67000E+02    2.04700E-01    8.14892E-01
    1.67100E+02    2.05887E-01    8.13925E-01
    1.67200E+02    2.07123E-01    8.12920E-01
    1.67300E+02    2.08456E-01    8.11837E-01
    1.67400E+02    2.09994E-01    8.10589E-01
    1.67500E+02    2.12414E-01    8.08630E-01
    1.67600E+02    2.15821E-01    8.05880E-01
    1.67700E+02    2.14127E-01    8.07246E-01
    1.67800E+02    2.14904E-01    8.06619E-01
    1.67900E+02    2.16053E-01    8.05693E-01
    1.68000E+02    2.17335E-01    8.04660E-01
    1.68100E+02    2.18683E-01    8.03577E-01
    1.68200E+02    2.20071E-01    8.02462E-01
    1.68300E+02    2.21504E-01    8.01312E-01
    1.68400E+02    2.22974E-01    8.00136E-01
    1.68500E+02    2.24476E-01    7.98935E-01
    1.68600E+02    2.26016E-01    7.97706E-01
    1.68700E+02    2.27594E-01    7.96448E-01
    1.68800E+02    2.29225E-01    7.95149E-01
    1.68900E+02    2.31035E-01    7.93712E-01
    1.69000E+02    2.32965E-01    7.92182E-01
    1.69100E+02    2.34262E-01    7.91154E-01
    1.69200E+02    2.35907E-01    7.89854E-01
    1.69300E+02    2.37648E-01    7.88480E-01
    1.69400E+02    2.39432E-01    7.87075E-01
    1.69500E+02    2.41263E-01    7.85635E-01
    1.69600E+02    2.43148E-01    7.84156E-01
    1.69700E+02    2.45063E-01    7.82656E-01
    1.69800E+02    2.47056E-01    7.81097E-01
    1.69900E+02    2.49067E-01    7.79528E-01
    1.70000E+02    2.51164E-01    7.77895E-01
    1.70100E+02    2.53115E-01    7.76379E-01
    1.70200E+02    2.55232E-01    7.74736E-01
    1.70300E+02    2.57519E-01    7.72967E-01
    1.70400E+02    2.59605E-01    7.71356E-01
    1.70500E+02    2.61867E-01    7.69614E-01
    1.70600E+02    2.64176E-01    7.67839E-01
    1.70700E+02    2.66548E-01    7.66019E-01
    1.70800E+02    2.68971E-01    7.64165E-01
    1.70900E+02    2.71461E-01    7.62265E-01
    1.71000E+02    2.74015E-01    7.60321E-01
    1.71100E+02    2.76636E-01    7.58330E-01
    1.71200E+02    2.79330E-01    7.56290E-01
    1.71300E+02    2.82158E-01    7.54155E-01
    1.71400E+02    2.85893E-01    7.51343E-01
    1.71500E+02    2.87821E-01    7.49896E-01
    1.71600E+02    2.90580E-01    7.47829E-01
    1.71700E+02    2.93509E-01    7.45643E-01
    1.71800E+02    2.96550E-01    7.43378E-01
    1.71900E+02    2.99683E-01    7.41053E-01
    1.72000E+02    3.02896E-01    7.38676E-01
    1.72100E+02    3.06190E-01    7.36247E-01
    1.72200E+02    3.09577E-01    7.33758E-01
    1.72300E+02    3.13045E-01    7.31217E-01
    1.72400E+02    3.16611E-01    7.28614E-01
    1.72500E+02    3.20273E-01    7.25951E-01
    1.72600E+02    3.24033E-01    7.23227E-01
    1.72700E+02    3.27902E-01    7.20434E-01
    1.72800E+02    3.31895E-01    7.17563E-01
    1.72900E+02    3.35963E-01    7.14649E-01
    1.73000E+02    3.40174E-01    7.11646E-01
    1.73100E+02    3.44525E-01    7.08557E-01
    1.73200E+02    3.49050E-01    7.05358E-01
    1.73300E+02    3.53903E-01    7.01943E-01
    1.73400E+02    3.59238E-01    6.98208E-01
    1.73500E+02    3.67003E-01    6.92807E-01
    1.73600E+02    3.68662E-01    6.91659E-01
    1.73700E+02    3.73279E-01    6.88473E-01
    1.73800E+02    3.78373E-01    6.84975E-01
    1.73900E+02    3.83719E-01    6.81323E-01
    1.74000E+02    3.89272E-01    6.77550E-01
    1.74100E+02    3.95005E-01    6.73676E-01
    1.74200E+02    4.00947E-01    6.69686E-01
    1.74300E+02    4.07070E-01    6.65598E-01
    1.74400E+02    4.13403E-01    6.61396E-01
    1.74500E+02    4.19966E-01    6.57069E-01
    1.74600E+02    4.26736E-01    6.52636E-01
    1.74700E+02    4.33741E-01    6.48080E-01
    1.74800E+02    4.41030E-01    6.43373E-01
    1.74900E+02    4.48635E-01    6.38499E-01
    1.75000E+02    4.56679E-01    6.33384E-01
    1.75100E+02    4.65733E-01    6.27675E-01
    1.75200E+02    4.78730E-01    6.19570E-01
    1.75300E+02    4.83244E-01    6.16779E-01
    1.75400E+02    4.95319E-01    6.09376E-01
    1.75500E+02    5.03524E-01    6.04397E-01
    1.75600E+02    5.09671E-01    6.00693E-01
    1.75700E+02    5.18706E-01    5.95291E-01
    1.75800E+02    5.28580E-01    5.89441E-01
    1.75900E+02    5.39017E-01    5.83321E-01
    1.76000E+02    5.49921E-01    5.76995E-01
    1.76100E+02    5.61296E-01    5.70469E-01
    1.76200E+02    5.73156E-01    5.63743E-01
    1.76300E+02    5.85505E-01    5.56825E-01
    1.76400E+02    5.98537E-01    5.49615E-01
    1.76500E+02    6.11719E-01    5.42418E-01
    1.76600E+02    6.25642E-01    5.34918E-01
    1.76700E+02    6.40139E-01    5.27219E-01
    1.76800E+02    6.55298E-01    5.19287E-01
    1.76900E+02    6.71110E-01    5.11141E-01
    1.77000E+02    6.87622E-01    5.02770E-01
    1.77100E+02    7.04868E-01    4.94174E-01
    1.77200E+02    7.22872E-01    4.85356E-01
    1.77300E+02    7.41682E-01    4.76312E-01
    1.77400E+02    7.61401E-01    4.67012E-01
    1.77500E+02    7.82004E-01    4.57488E-01
    1.77600E+02    8.03619E-01    4.47706E-01
    1.77700E+02    8.26282E-01    4.37673E-01
    1.77800E+02    8.50050E-01    4.27394E-01
    1.77900E+02    8.74976E-01    4.16872E-01
    1.78000E+02    9.01182E-01    4.06089E-01
    1.78100E+02    9.28742E-01    3.95050E-01
    1.78200E+02    9.57708E-01    3.83771E-01
    1.78300E+02    9.88180E-01    3.72254E-01
    1.78400E+02    1.02032E+00    3.60480E-01
    1.78500E+02    1.05426E+00    3.48449E-01
    1.78600E+02    1.09020E+00    3.36150E-01
    1.78700E+02    1.12770E+00    3.23776E-01
    1.78800E+02    1.16748E+00    3.11150E-01
    1.78900E+02    1.20962E+00    2.98309E-01
    1.79000E+02    1.25424E+00    2.85294E-01
    1.79100E+02    1.30150E+00    2.72124E-01
    1.79200E+02    1.35161E+00    2.58823E-01
    1.79300E+02    1.40483E+00    2.45408E-01
    1.79400E+02    1.46130E+00    2.31935E-01
    1.79500E+02    1.52142E+00    2.18402E-01
    1.79600E+02    1.58534E+00    2.04878E-01
    1.79700E+02    1.65347E+00    1.91385E-01
    1.79800E+02    1.72607E+00    1.77983E-01
    1.79900E+02    1.80362E+00    1.64701E-01
    1.80000E+02    1.88750E+00    1.51450E-01
    1.80100E+02    1.97486E+00    1.38780E-01
    1.80200E+02    2.06944E+00    1.26257E-01
    1.80300E+02    2.17078E+00    1.14088E-01
    1.80400E+02    2.27944E+00    1.02341E-01
    1.80500E+02    2.39600E+00    9.10812E-02
    1.80600E+02    2.52117E+00    8.03654E-02
    1.80700E+02    2.65564E+00    7.02538E-02
    1.80800E+02    2.80016E+00    6.08002E-02
    1.80900E+02    2.95564E+00    5.20456E-02
    1.81000E+02    3.12296E+00    4.40269E-02
    1.81100E+02    3.30300E+00    3.67726E-02
    1.81200E+02    3.49685E+00    3.02927E-02
    1.81300E+02    3.70547E+00    2.45887E-02
    1.81400E+02    3.93001E+00    1.96435E-02
    1.81500E+02    4.17142E+00    1.54303E-02
    1.81600E+02    4.43074E+00    1.19057E-02
    1.81700E+02    4.70892E+00    9.01453E-03
    1.81800E+02    5.00680E+00    6.69228E-03
    1.81900E+02    5.32469E+00    4.86988E-03
    1.82000E+02    5.66335E+00    3.47088E-03
    1.82100E+02    6.02210E+00    2.42457E-03
    1.82200E+02    6.40120E+00    1.65957E-03
    1.82300E+02    6.79680E+00    1.11735E-03
    1.82400E+02    7.20790E+00    7.40713E-04
    1.82500E+02    7.62997E+00    4.85674E-04
    1.82600E+02    8.05810E+00    3.16528E-04
    1.82700E+02    8.48423E+00    2.06701E-04
    1.82800E+02    8.89888E+00    1.36542E-04
    1.82900E+02    9.29002E+00    9.23409E-05
    1.83000E+02    9.64218E+00    6.49315E-05
    1.83100E+02    9.93784E+00    4.83115E-05
    1.83200E+02    1.01555E+01    3.88611E-05
    1.83300E+02    1.02627E+01    3.49112E-05
    1.83400E+02    1.02074E+01    3.68959E-05
    1.83500E+02    1.00306E+01    4.40298E-05
    1.83600E+02    9.76892E+00    5.72021E-05
    1.83700E+02    9.44477E+00    7.91025E-05
    1.83800E+02    9.07734E+00    1.14225E-04
    1.83900E+02    8.68139E+00    1.69714E-04
    1.84000E+02    8.26971E+00    2.56160E-04
    1.84100E+02    7.85319E+00    3.88511E-04
    1.84200E+02    7.44156E+00    5.86368E-04
    1.84300E+02    7.04661E+00    8.70353E-04
    1.84400E+02    6.68163E+00    1.25374E-03
    1.84500E+02    6.26885E+00    1.89440E-03
    1.84600E+02    5.90451E+00    2.72713E-03
    1.84700E+02    5.56675E+00    3.82290E-03
    1.84800E+02    5.24508E+00    5.27341E-03
    1.84900E+02    4.93874E+00    7.16365E-03
    1.85000E+02    4.65555E+00    9.50864E-03
    1.85100E+02    4.39164E+00    1.23804E-02
    1.85200E+02    4.14568E+00    1.58327E-02
    1.85300E+02    3.91675E+00    1.99058E-02
    1.85400E+02    3.70359E+00    2.46350E-02
    1.85500E+02    3.50585E+00    3.00213E-02
    1.85600E+02    3.32160E+00    3.60951E-02
    1.85700E+02    3.14911E+00    4.28905E-02
    1.85800E+02    2.98922E+00    5.03265E-02
    1.85900E+02    2.84048E+00    5.83976E-02
    1.86000E+02    2.70194E+00    6.70753E-02
    1.86100E+02    2.57292E+00    7.63121E-02
    1.86200E+02    2.45257E+00    8.60725E-02
    1.86300E+02    2.34032E+00    9.62968E-02
    1.86400E+02    2.23549E+00    1.06940E-01
    1.86500E+02    2.13751E+00    1.17948E-01
    1.86600E+02    2.04579E+00    1.29278E-01
    1.86700E+02    1.95996E+00    1.40865E-01
    1.86800E+02    1.87958E+00    1.52654E-01
    1.86900E+02    1.80417E+00    1.64611E-01
    1.87000E+02    1.73339E+00    1.76684E-01
    1.87100E+02    1.66722E+00    1.88772E-01
    1.87200E+02    1.60459E+00    2.00973E-01
    1.87300E+02    1.54545E+00    2.13216E-01
    1.87400E+02    1.48993E+00    2.25389E-01
    1.87500E+02    1.43760E+00    2.37498E-01
    1.87600E+02    1.38827E+00    2.49508E-01
    1.87700E+02    1.34164E+00    2.61417E-01
    1.87800E+02    1.29764E+00    2.73176E-01
    1.87900E+02    1.25631E+00    2.84701E-01
    1.88000E+02    1.21639E+00    2.96296E-01
    1.88100E+02    1.17891E+00    3.07613E-01
    1.88200E+02    1.14342E+00    3.18727E-01
    1.88300E+02    1.10975E+00    3.29641E-01
    1.88400E+02    1.07778E+00    3.40351E-01
    1.88500E+02    1.04735E+00    3.50865E-01
    1.88600E+02    1.01844E+00    3.61159E-01
    1.88700E+02    9.90924E-01    3.71234E-01
    1.88800E+02    9.64786E-01    3.81065E-01
    1.88900E+02    9.40020E-01    3.90620E-01
    1.89000E+02    9.15984E-01    4.00123E-01
    1.89100E+02    8.93240E-01    4.09327E-01
    1.89200E+02    8.71510E-01    4.18319E-01
    1.89300E+02    8.50811E-01    4.27068E-01
    1.89400E+02    8.30927E-01    4.35645E-01
    1.89500E+02    8.11967E-01    4.43984E-01
    1.89600E+02    7.93857E-01    4.52098E-01
    1.89700E+02    7.76462E-01    4.60031E-01
    1.89800E+02    7.59798E-01    4.67761E-01
    1.89900E+02    7.43846E-01    4.75283E-01
    1.90000E+02    7.28542E-01    4.82612E-01
    1.90100E+02    7.13848E-01    4.89756E-01
    1.90200E+02    6.99752E-01    4.96708E-01
    1.90300E+02    6.86270E-01    5.03451E-01
    1.90400E+02    6.73257E-01    5.10045E-01
    1.90500E+02    6.60880E-01    5.16397E-01
    1.90600E+02    6.49111E-01    5.22510E-01
    1.90700E+02    6.37219E-01    5.28761E-01
    1.90800E+02    6.26036E-01    5.34707E-01
    1.90900E+02    6.15276E-01    5.40492E-01
    1.91000E+02    6.04938E-01    5.46108E-01
    1.91100E+02    5.94990E-01    5.51568E-01
    1.91200E+02    5.85399E-01    5.56884E-01
    1.91300E+02    5.76150E-01    5.62058E-01
    1.91400E+02    5.67243E-01    5.67087E-01
    1.91500E+02    5.58648E-01    5.71982E-01
    1.91600E+02    5.50357E-01    5.76744E-01
    1.91700E+02    5.42369E-01    5.81370E-01
    1.91800E+02    5.34766E-01    5.85806E-01
    1.91900E+02    5.27190E-01    5.90261E-01
    1.92000E+02    5.19968E-01    5.94540E-01
    1.92100E+02    5.13012E-01    5.98690E-01
    1.92200E+02    5.06326E-01    6.02706E-01
    1.92300E+02    4.99862E-01    6.06615E-01
    1.92400E+02    4.93568E-01    6.10445E-01
    1.92500E+02    4.87519E-01    6.14148E-01
    1.92600E+02    4.81701E-01    6.17732E-01
    1.92700E+02    4.76114E-01    6.21193E-01
    1.92800E+02    4.70696E-01    6.24567E-01
    1.92900E+02    4.65532E-01    6.27801E-01
    1.93000E+02    4.60623E-01    6.30890E-01
    1.93100E+02    4.56108E-01    6.33746E-01
    1.93200E+02    4.52303E-01    6.36161E-01
    1.93300E+02    4.52046E-01    6.36325E-01
    1.93400E+02    4.47834E-01    6.39011E-01
    1.93500E+02    4.38950E-01    6.44713E-01
    1.93600E+02    4.33724E-01    6.48091E-01
    1.93700E+02    4.29239E-01    6.51004E-01
    1.93800E+02    4.25051E-01    6.53736E-01
    1.93900E+02    4.21022E-01    6.56375E-01
    1.94000E+02    4.17083E-01    6.58966E-01
    1.94100E+02    4.13180E-01    6.61543E-01
    1.94200E+02    4.09348E-01    6.64083E-01
    1.94300E+02    4.05594E-01    6.66581E-01
    1.94400E+02    4.01916E-01    6.69037E-01
    1.94500E+02    3.98357E-01    6.71423E-01
    1.94600E+02    3.94925E-01    6.73731E-01
    1.94700E+02    3.91635E-01    6.75951E-01
    1.94800E+02    3.88525E-01    6.78056E-01
    1.94900E+02    3.85658E-01    6.80003E-01
    1.95000E+02    3.83167E-01    6.81699E-01
    1.95100E+02    3.81338E-01    6.82947E-01
    1.95200E+02    3.81009E-01    6.83172E-01
    1.95300E+02    3.85374E-01    6.80196E-01
    1.95400E+02    4.21388E-01    6.56135E-01
    1.95500E+02    3.93961E-01    6.74380E-01
    1.95600E+02    3.75554E-01    6.86908E-01
    1.95700E+02    3.78097E-01    6.85164E-01
    1.95800E+02    3.65562E-01    6.93807E-01
    1.95900E+02    3.59122E-01    6.98289E-01
    1.96000E+02    3.55260E-01    7.00991E-01
    1.96100E+02    3.52160E-01    7.03168E-01
    1.96200E+02    3.49426E-01    7.05093E-01
    1.96300E+02    3.46889E-01    7.06884E-01
    1.96400E+02    3.44536E-01    7.08549E-01
    1.96500E+02    3.42215E-01    7.10196E-01
    1.96600E+02    3.40017E-01    7.11758E-01
    1.96700E+02    3.37910E-01    7.13259E-01
    1.96800E+02    3.35872E-01    7.14715E-01
    1.96900E+02    3.33903E-01    7.16123E-01
    1.97000E+02    3.31980E-01    7.17502E-01
    1.97100E+02    3.30126E-01    7.18833E-01
    1.97200E+02    3.28318E-01    7.20134E-01
    1.97300E+02    3.26555E-01    7.21405E-01
    1.97400E+02    3.24863E-01    7.22627E-01
    1.97500E+02    3.23270E-01    7.23778E-01
    1.97600E+02    3.21687E-01    7.24925E-01
    1.97700E+02    3.20041E-01    7.26119E-01
    1.97800E+02    3.18473E-01    7.27259E-01
    1.97900E+02    3.16985E-01    7.28342E-01
    1.98000E+02    3.15761E-01    7.29234E-01
    1.98100E+02    3.14103E-01    7.30444E-01
    1.98200E+02    3.12703E-01    7.31467E-01
    1.98300E+02    3.11350E-01    7.32457E-01
    1.98400E+02    3.10043E-01    7.33415E-01
    1.98500E+02    3.08771E-01    7.34349E-01
    1.98600E+02    3.07546E-01    7.35249E-01
    1.98700E+02    3.06349E-01    7.36130E-01
    1.98800E+02    3.05205E-01    7.36972E-01
    1.98900E+02    3.04107E-01    7.37782E-01
    1.99000E+02    3.03092E-01    7.38531E-01
    1.99100E+02    3.02212E-01    7.39181E-01
    1.99200E+02    3.02043E-01    7.39307E-01
    1.99300E+02    3.01788E-01    7.39495E-01
    1.99400E+02    3.04766E-01    7.37296E-01
    1.99500E+02    2.98959E-01    7.41589E-01
    1.99600E+02    2.97375E-01    7.42766E-01
    1.99700E+02    2.96229E-01    7.43617E-01
    1.99800E+02    2.95262E-01    7.44337E-01
    1.99900E+02    2.94377E-01    7.44996E-01
    2.00000E+02    2.93551E-01    7.45611E-01
    2.00100E+02    2.92764E-01    7.46198E-01
    2.00200E+02    2.92022E-01    7.46752E-01
    2.00300E+02    2.91322E-01    7.47275E-01
    2.00400E+02    2.90658E-01    7.47771E-01
    2.00500E+02    2.90036E-01    7.48236E-01
    2.00600E+02    2.89457E-01    7.48670E-01
    2.00700E+02    2.88919E-01    7.49073E-01
    2.00800E+02    2.88429E-01    7.49440E-01
    2.00900E+02    2.87979E-01    7.49777E-01
    2.01000E+02    2.87585E-01    7.50073E-01
    2.01100E+02    2.87237E-01    7.50334E-01
    2.01200E+02    2.86944E-01    7.50554E-01
    2.01300E+02    2.86714E-01    7.50727E-01
    2.01400E+02    2.86579E-01    7.50828E-01
    2.01500E+02    2.86494E-01    7.50892E-01
    2.01600E+02    2.86400E-01    7.50962E-01
    2.01700E+02    2.86432E-01    7.50938E-01
    2.01800E+02    2.86553E-01    7.50847E-01
    2.01900E+02    2.86765E-01    7.50688E-01
    2.02000E+02    2.87067E-01    7.50462E-01
    2.02100E+02    2.87467E-01    7.50161E-01
    2.02200E+02    2.87971E-01    7.49784E-01
    2.02300E+02    2.88568E-01    7.49336E-01
    2.02400E+02    2.89273E-01    7.48807E-01
    2.02500E+02    2.90069E-01    7.48212E-01
    2.02600E+02    2.90964E-01    7.47542E-01
    2.02700E+02    2.91927E-01    7.46823E-01
    2.02800E+02    2.92940E-01    7.46067E-01
    2.02900E+02    2.93964E-01    7.45303E-01
    2.03000E+02    2.94945E-01    7.44572E-01
    2.03100E+02    2.95831E-01    7.43913E-01
    2.03200E+02    2.96540E-01    7.43386E-01
    2.03300E+02    2.97013E-01    7.43034E-01
    2.03400E+02    2.97402E-01    7.42745E-01
    2.03500E+02    2.96744E-01    7.43234E-01
    2.03600E+02    2.95012E-01    7.44523E-01
    2.03700E+02    2.93382E-01    7.45737E-01
    2.03800E+02    2.91606E-01    7.47063E-01
    2.03900E+02    2.89724E-01    7.48470E-01
    2.04000E+02    2.87822E-01    7.49895E-01
    2.04100E+02    2.85824E-01    7.51395E-01
    2.04200E+02    2.83908E-01    7.52836E-01
    2.04300E+02    2.82060E-01    7.54228E-01
    2.04400E+02    2.80296E-01    7.55560E-01
    2.04500E+02    2.78619E-01    7.56828E-01
    2.04600E+02    2.77041E-01    7.58023E-01
    2.04700E+02    2.75558E-01    7.59149E-01
    2.04800E+02    2.74176E-01    7.60198E-01
    2.04900E+02    2.72894E-01    7.61173E-01
    2.05000E+02    2.71680E-01    7.62098E-01
    2.05100E+02    2.70580E-01    7.62937E-01
    2.05200E+02    2.69731E-01    7.63585E-01
    2.05300E+02    2.68570E-01    7.64472E-01
    2.05400E+02    2.67639E-01    7.65184E-01
    2.05500E+02    2.66830E-01    7.65804E-01
    2.05600E+02    2.66056E-01    7.66396E-01
    2.05700E+02    2.65338E-01    7.66947E-01
    2.05800E+02    2.64740E-01    7.67406E-01
    2.05900E+02    2.64336E-01    7.67716E-01
    2.06000E+02    2.64448E-01    7.67629E-01
    2.06100E+02    2.68037E-01    7.64880E-01
    2.06200E+02    2.64868E-01    7.67308E-01
    2.06300E+02    2.62409E-01    7.69197E-01
    2.06400E+02    2.61423E-01    7.69956E-01
    2.06500E+02    2.61108E-01    7.70198E-01
    2.06600E+02    2.60183E-01    7.70910E-01
    2.06700E+02    2.59668E-01    7.71307E-01
    2.06800E+02    2.59212E-01    7.71659E-01
    2.06900E+02    2.58804E-01    7.71975E-01
    2.07000E+02    2.58414E-01    7.72275E-01
    2.07100E+02    2.58054E-01    7.72553E-01
    2.07200E+02    2.57719E-01    7.72812E-01
    2.07300E+02    2.57412E-01    7.73050E-01
    2.07400E+02    2.57159E-01    7.73245E-01
    2.07500E+02    2.57118E-01    7.73277E-01
    2.07600E+02    2.56591E-01    7.73685E-01
    2.07700E+02    2.56336E-01    7.73882E-01
    2.07800E+02    2.56127E-01    7.74044E-01
    2.07900E+02    2.55973E-01    7.74163E-01
    2.08000E+02    2.55885E-01    7.74231E-01
    2.08100E+02    2.55898E-01    7.74221E-01
    2.08200E+02    2.56077E-01    7.74082E-01
    2.08300E+02    2.56597E-01    7.73680E-01
    2.08400E+02    2.57915E-01    7.72661E-01
    2.08500E+02    2.61730E-01    7.69719E-01
    2.08600E+02    2.80074E-01    7.55728E-01
    2.08700E+02    2.74083E-01    7.60269E-01
    2.08800E+02    2.60181E-01    7.70912E-01
    2.08900E+02    2.56581E-01    7.73692E-01
    2.09000E+02    2.55034E-01    7.74890E-01
    2.09100E+02    2.54173E-01    7.75558E-01
    2.09200E+02    2.53614E-01    7.75991E-01
    2.09300E+02    2.53223E-01    7.76295E-01
    2.09400E+02    2.52964E-01    7.76496E-01
    2.09500E+02    2.53059E-01    7.76422E-01
    2.09600E+02    2.52575E-01    7.76798E-01
    2.09700E+02    2.52263E-01    7.77040E-01
    2.09800E+02    2.52081E-01    7.77182E-01
    2.09900E+02    2.51942E-01    7.77290E-01
    2.10000E+02    2.51866E-01    7.77349E-01
    2.10100E+02    2.51874E-01    7.77342E-01
    2.10200E+02    2.52596E-01    7.76781E-01
    2.10300E+02    2.52239E-01    7.77059E-01
    2.10400E+02    2.54366E-01    7.75408E-01
    2.10500E+02    2.52940E-01    7.76514E-01
    2.10600E+02    2.53088E-01    7.76399E-01
    2.10700E+02    2.55692E-01    7.74380E-01
    2.10800E+02    2.75473E-01    7.59213E-01
    2.10900E+02    2.55080E-01    7.74855E-01
    2.11000E+02    2.52325E-01    7.76993E-01
    2.11100E+02    2.51385E-01    7.77723E-01
    2.11200E+02    2.50915E-01    7.78088E-01
    2.11300E+02    2.50609E-01    7.78326E-01
    2.11400E+02    2.50407E-01    7.78484E-01
    2.11500E+02    2.50258E-01    7.78600E-01
    2.11600E+02    2.50136E-01    7.78695E-01
    2.11700E+02    2.50032E-01    7.78776E-01
    2.11800E+02    2.49945E-01    7.78843E-01
    2.11900E+02    2.49862E-01    7.78908E-01
    2.12000E+02    2.49796E-01    7.78960E-01
    2.12100E+02    2.49743E-01    7.79001E-01
    2.12200E+02    2.49688E-01    7.79044E-01
    2.12300E+02    2.49638E-01    7.79083E-01
    2.12400E+02    2.49597E-01    7.79114E-01
    2.12500E+02    2.49567E-01    7.79138E-01
    2.12600E+02    2.49542E-01    7.79157E-01
    2.12700E+02    2.49531E-01    7.79166E-01
    2.12800E+02    2.49523E-01    7.79172E-01
    2.12900E+02    2.49527E-01    7.79169E-01
    2.13000E+02    2.49459E-01    7.79222E-01
    2.13100E+02    2.49437E-01    7.79239E-01
    2.13200E+02    2.49425E-01    7.79249E-01
    2.13300E+02    2.49424E-01    7.79249E-01
    2.13400E+02    2.49429E-01    7.79246E-01
    2.13500E+02    2.49438E-01    7.79239E-01
    2.13600E+02    2.49453E-01    7.79227E-01
    2.13700E+02    2.49473E-01    7.79211E-01
    2.13800E+02    2.49515E-01    7.79178E-01
    2.13900E+02    2.49557E-01    7.79146E-01
    2.14000E+02    2.49616E-01    7.79100E-01
    2.14100E+02    2.49693E-01    7.79040E-01
    2.14200E+02    2.49800E-01    7.78956E-01
    2.14300E+02    2.49948E-01    7.78841E-01
    2.14400E+02    2.50163E-01    7.78674E-01
    2.14500E+02    2.50507E-01    7.78406E-01
    2.14600E+02    2.51085E-01    7.77956E-01
    2.14700E+02    2.52226E-01    7.77069E-01
    2.14800E+02    2.55069E-01    7.74863E-01
    2.14900E+02    2.66795E-01    7.65830E-01
    2.15000E+02    2.70443E-01    7.63041E-01
    2.15100E+02    2.55736E-01    7.74346E-01
    2.15200E+02    2.52572E-01    7.76800E-01
    2.15300E+02    2.51374E-01    7.77732E-01
    2.15400E+02    2.50812E-01    7.78169E-01
    2.15500E+02    2.50507E-01    7.78406E-01
    2.15600E+02    2.50338E-01    7.78538E-01
    2.15700E+02    2.50248E-01    7.78607E-01
    2.15800E+02    2.50198E-01    7.78647E-01
    2.15900E+02    2.50203E-01    7.78642E-01
    2.16000E+02    2.50536E-01    7.78384E-01
    2.16100E+02    2.50324E-01    7.78548E-01
    2.16200E+02    2.50213E-01    7.78635E-01
    2.16300E+02    2.50212E-01    7.78636E-01
    2.16400E+02    2.50245E-01    7.78610E-01
    2.16500E+02    2.50260E-01    7.78598E-01
    2.16600E+02    2.50297E-01    7.78569E-01
    2.16700E+02    2.50341E-01    7.78535E-01
    2.16800E+02    2.50398E-01    7.78491E-01
    2.16900E+02    2.50480E-01    7.78427E-01
    2.17000E+02    2.50504E-01    7.78408E-01
    2.17100E+02    2.50559E-01    7.78365E-01
    2.17200E+02    2.50631E-01    7.78310E-01
    2.17300E+02    2.50700E-01    7.78256E-01
    2.17400E+02    2.50797E-01    7.78181E-01
    2.17500E+02    2.51081E-01    7.77959E-01
    2.17600E+02    2.50952E-01    7.78060E-01
    2.17700E+02    2.50996E-01    7.78025E-01
    2.17800E+02    2.51072E-01    7.77966E-01
    2.17900E+02    2.51176E-01    7.77886E-01
    2.18000E+02    2.51337E-01    7.77761E-01
    2.18100E+02    2.52100E-01    7.77167E-01
    2.18200E+02    2.51595E-01    7.77559E-01
    2.18300E+02    2.51514E-01    7.77622E-01
    2.18400E+02    2.51551E-01    7.77594E-01
    2.18500E+02    2.51625E-01    7.77536E-01
    2.18600E+02    2.51709E-01    7.77471E-01
    2.18700E+02    2.51788E-01    7.77410E-01
    2.18800E+02    2.51880E-01    7.77338E-01
    2.18900E+02    2.51968E-01    7.77270E-01
    2.19000E+02    2.52074E-01    7.77187E-01
    2.19100E+02    2.52219E-01    7.77075E-01
    2.19200E+02    2.52317E-01    7.76999E-01
    2.19300E+02    2.52582E-01    7.76793E-01
    2.19400E+02    2.52531E-01    7.76832E-01
    2.19500E+02    2.52580E-01    7.76794E-01
    2.19600E+02    2.52678E-01    7.76718E-01
    2.19700E+02    2.52782E-01    7.76637E-01
    2.19800E+02    2.52903E-01    7.76543E-01
    2.19900E+02    2.53083E-01    7.76403E-01
    2.20000E+02    2.53190E-01    7.76320E-01
    2.20100E+02    2.53230E-01    7.76289E-01
    2.20200E+02    2.53329E-01    7.76212E-01
    2.20300E+02    2.53444E-01    7.76123E-01
    2.20400E+02    2.53558E-01    7.76035E-01
    2.20500E+02    2.53680E-01    7.75940E-01
    2.20600E+02    2.53814E-01    7.75836E-01
    2.20700E+02    2.54060E-01    7.75645E-01
    2.20800E+02    2.54089E-01    7.75623E-01
    2.20900E+02    2.54179E-01    7.75553E-01
    2.21000E+02    2.54302E-01    7.75457E-01
    2.21100E+02    2.54427E-01    7.75360E-01
    2.21200E+02    2.54569E-01    7.75250E-01
    2.21300E+02    2.54809E-01    7.75064E-01
    2.21400E+02    2.54861E-01    7.75024E-01
    2.21500E+02    2.54971E-01    7.74939E-01
    2.21600E+02    2.55103E-01    7.74836E-01
    2.21700E+02    2.55243E-01    7.74729E-01
    2.21800E+02    2.55389E-01    7.74615E-01
    2.21900E+02    2.55532E-01    7.74505E-01
    2.22000E+02    2.55682E-01    7.74388E-01
    2.22100E+02    2.55836E-01    7.74269E-01
    2.22200E+02    2.55992E-01    7.74148E-01
    2.22300E+02    2.56156E-01    7.74021E-01
    2.22400E+02    2.56371E-01    7.73854E-01
    2.22500E+02    2.56504E-01    7.73752E-01
    2.22600E+02    2.56645E-01    7.73642E-01
    2.22700E+02    2.56813E-01    7.73513E-01
    2.22800E+02    2.56986E-01    7.73379E-01
    2.22900E+02    2.57170E-01    7.73237E-01
    2.23000E+02    2.57375E-01    7.73078E-01
    2.23100E+02    2.57578E-01    7.72921E-01
    2.23200E+02    2.57827E-01    7.72729E-01
    2.23300E+02    2.58047E-01    7.72559E-01
    2.23400E+02    2.58214E-01    7.72430E-01
    2.23500E+02    2.58368E-01    7.72311E-01
    2.23600E+02    2.58575E-01    7.72151E-01
    2.23700E+02    2.58807E-01    7.71972E-01
    2.23800E+02    2.59056E-01    7.71780E-01
    2.23900E+02    2.59606E-01    7.71355E-01
    2.24000E+02    2.59541E-01    7.71406E-01
    2.24100E+02    2.59772E-01    7.71227E-01
    2.24200E+02    2.60039E-01    7.71022E-01
    2.24300E+02    2.60311E-01    7.70812E-01
    2.24400E+02    2.60603E-01    7.70586E-01
    2.24500E+02    2.60907E-01    7.70353E-01
    2.24600E+02    2.61248E-01    7.70090E-01
    2.24700E+02    2.61663E-01    7.69770E-01
    2.24800E+02    2.62232E-01    7.69333E-01
    2.24900E+02    2.62522E-01    7.69110E-01
    2.25000E+02    2.62691E-01    7.68979E-01
    2.25100E+02    2.62966E-01    7.68768E-01
    2.25200E+02    2.63330E-01    7.68488E-01
    2.25300E+02    2.63686E-01    7.68215E-01
    2.25400E+02    2.64079E-01    7.67913E-01
    2.25500E+02    2.64503E-01    7.67587E-01
    2.25600E+02    2.64968E-01    7.67231E-01
    2.25700E+02    2.65538E-01    7.66793E-01
    2.25800E+02    2.66431E-01    7.66109E-01
    2.25900E+02    2.68049E-01    7.64870E-01
    2.26000E+02    2.73870E-01    7.60431E-01
    2.26100E+02    2.74985E-01    7.59584E-01
    2.26200E+02    2.68273E-01    7.64699E-01
    2.26300E+02    2.66812E-01    7.65817E-01
    2.26400E+02    2.66239E-01    7.66256E-01
    2.26500E+02    2.65953E-01    7.66475E-01
    2.26600E+02    2.65775E-01    7.66612E-01
    2.26700E+02    2.65665E-01    7.66696E-01
    2.26800E+02    2.65589E-01    7.66754E-01
    2.26900E+02    2.65552E-01    7.66783E-01
    2.27000E+02    2.65493E-01    7.66828E-01
    2.27100E+02    2.65475E-01    7.66842E-01
    2.27200E+02    2.65469E-01    7.66846E-01
    2.27300E+02    2.65488E-01    7.66831E-01
    2.27400E+02    2.65514E-01    7.66812E-01
    2.27500E+02    2.65549E-01    7.66785E-01
    2.27600E+02    2.65604E-01    7.66743E-01
    2.27700E+02    2.65672E-01    7.66691E-01
    2.27800E+02    2.65755E-01    7.66627E-01
    2.27900E+02    2.65838E-01    7.66564E-01
    2.28000E+02    2.65921E-01    7.66499E-01
    2.28100E+02    2.66020E-01    7.66423E-01
    2.28200E+02    2.66132E-01    7.66338E-01
    2.28300E+02    2.66259E-01    7.66241E-01
    2.28400E+02    2.66382E-01    7.66147E-01
    2.28500E+02    2.66535E-01    7.66029E-01
    2.28600E+02    2.66677E-01    7.65920E-01
    2.28700E+02    2.66841E-01    7.65795E-01
    2.28800E+02    2.67017E-01    7.65660E-01
    2.28900E+02    2.67208E-01    7.65514E-01
    2.29000E+02    2.67419E-01    7.65352E-01
    2.29100E+02    2.67684E-01    7.65150E-01
    2.29200E+02    2.67973E-01    7.64928E-01
    2.29300E+02    2.68409E-01    7.64595E-01
    2.29400E+02    2.69217E-01    7.63977E-01
    2.29500E+02    2.71729E-01    7.62061E-01
    2.29600E+02    2.77123E-01    7.57961E-01
    2.29700E+02    2.70555E-01    7.62956E-01
    2.29800E+02    2.69673E-01    7.63629E-01
    2.29900E+02    2.69527E-01    7.63741E-01
    2.30000E+02    2.69612E-01    7.63675E-01
    2.30100E+02    2.69770E-01    7.63555E-01
    2.30200E+02    2.69991E-01    7.63387E-01
    2.30300E+02    2.70281E-01    7.63165E-01
    2.30400E+02    2.70606E-01    7.62917E-01
    2.30500E+02    2.70997E-01    7.62619E-01
    2.30600E+02    2.71479E-01    7.62252E-01
    2.30700E+02    2.72104E-01    7.61775E-01
    2.30800E+02    2.72967E-01    7.61118E-01
    2.30900E+02    2.74281E-01    7.60118E-01
    2.31000E+02    2.76615E-01    7.58346E-01
    2.31100E+02    2.81763E-01    7.54452E-01
    2.31200E+02    2.98800E-01    7.41708E-01
    2.31300E+02    3.53724E-01    7.02068E-01
    2.31400E+02    2.90045E-01    7.48230E-01
    2.31500E+02    2.80433E-01    7.55457E-01
    2.31600E+02    2.77290E-01    7.57835E-01
    2.31700E+02    2.75998E-01    7.58815E-01
    2.31800E+02    2.75445E-01    7.59234E-01
    2.31900E+02    2.75271E-01    7.59366E-01
    2.32000E+02    2.75484E-01    7.59205E-01
    2.32100E+02    2.75394E-01    7.59273E-01
    2.32200E+02    2.75601E-01    7.59116E-01
    2.32300E+02    2.75894E-01    7.58894E-01
    2.32400E+02    2.76285E-01    7.58596E-01
    2.32500E+02    2.76881E-01    7.58145E-01
    2.32600E+02    2.77240E-01    7.57872E-01
    2.32700E+02    2.77909E-01    7.57366E-01
    2.32800E+02    2.78352E-01    7.57030E-01
    2.32900E+02    2.78992E-01    7.56546E-01
    2.33000E+02    2.79891E-01    7.55866E-01
    2.33100E+02    2.80614E-01    7.55320E-01
    2.33200E+02    2.81635E-01    7.54549E-01
    2.33300E+02    2.82916E-01    7.53583E-01
    2.33400E+02    2.84335E-01    7.52515E-01
    2.33500E+02    2.85966E-01    7.51288E-01
    2.33600E+02    2.88149E-01    7.49650E-01
    2.33700E+02    2.91113E-01    7.47431E-01
    2.33800E+02    2.95536E-01    7.44132E-01
    2.33900E+02    3.04436E-01    7.37540E-01
    2.34000E+02    3.03723E-01    7.38066E-01
    2.34100E+02    2.96081E-01    7.43727E-01
    2.34200E+02    2.92396E-01    7.46473E-01
    2.34300E+02    2.89995E-01    7.48267E-01
    2.34400E+02    2.88303E-01    7.49534E-01
    2.34500E+02    2.87090E-01    7.50444E-01
    2.34600E+02    2.86188E-01    7.51121E-01
    2.34700E+02    2.85536E-01    7.51611E-01
    2.34800E+02    2.85097E-01    7.51941E-01
    2.34900E+02    2.84910E-01    7.52082E-01
    2.35000E+02    2.84967E-01    7.52039E-01
    2.35100E+02    2.85428E-01    7.51692E-01
    2.35200E+02    2.85813E-01    7.51403E-01
    2.35300E+02    2.86976E-01    7.50530E-01
    2.35400E+02    2.89321E-01    7.48771E-01
    2.35500E+02    2.94580E-01    7.44844E-01
    2.35600E+02    3.10423E-01    7.33137E-01
    2.35700E+02    4.32770E-01    6.48709E-01
    2.35800E+02    3.17855E-01    7.27708E-01
    2.35900E+02    2.97472E-01    7.42693E-01
    2.36000E+02    2.90738E-01    7.47712E-01
    2.36100E+02    2.88110E-01    7.49679E-01
    2.36200E+02    2.86836E-01    7.50635E-01
    2.36300E+02    2.86322E-01    7.51020E-01
    2.36400E+02    2.86199E-01    7.51113E-01
    2.36500E+02    2.86431E-01    7.50939E-01
    2.36600E+02    2.87253E-01    7.50322E-01
    2.36700E+02    2.88103E-01    7.49684E-01
    2.36800E+02    2.90062E-01    7.48217E-01
    2.36900E+02    2.94080E-01    7.45217E-01
    2.37000E+02    3.04234E-01    7.37688E-01
    2.37100E+02    3.50207E-01    7.04542E-01
    2.37200E+02    3.42481E-01    7.10006E-01
    2.37300E+02    3.03546E-01    7.38196E-01
    2.37400E+02    2.94344E-01    7.45020E-01
    2.37500E+02    2.90903E-01    7.47588E-01
    2.37600E+02    2.89560E-01    7.48593E-01
    2.37700E+02    2.88506E-01    7.49383E-01
    2.37800E+02    2.88125E-01    7.49668E-01
    2.37900E+02    2.88008E-01    7.49755E-01
    2.38000E+02    2.88076E-01    7.49705E-01
    2.38100E+02    2.88312E-01    7.49528E-01
    2.38200E+02    2.88743E-01    7.49205E-01
    2.38300E+02    2.89570E-01    7.48585E-01
    2.38400E+02    2.92494E-01    7.46400E-01
    2.38500E+02    2.91744E-01    7.46960E-01
    2.38600E+02    2.91770E-01    7.46940E-01
    2.38700E+02    2.93377E-01    7.45741E-01
    2.38800E+02    2.95968E-01    7.43811E-01
    2.38900E+02    3.02164E-01    7.39217E-01
    2.39000E+02    3.21911E-01    7.24763E-01
    2.39100E+02    4.52919E-01    6.35769E-01
    2.39200E+02    3.18231E-01    7.27435E-01
    2.39300E+02    3.03112E-01    7.38517E-01
    2.39400E+02    2.98324E-01    7.42061E-01
    2.39500E+02    2.96497E-01    7.43418E-01
    2.39600E+02    2.96225E-01    7.43620E-01
    2.39700E+02    2.95171E-01    7.44404E-01
    2.39800E+02    2.95390E-01    7.44241E-01
    2.39900E+02    2.95965E-01    7.43813E-01
    2.40000E+02    2.95815E-01    7.43925E-01
    2.40100E+02    2.95491E-01    7.44166E-01
    2.40200E+02    2.95598E-01    7.44087E-01
    2.40300E+02    2.95794E-01    7.43941E-01
    2.40400E+02    2.95610E-01    7.44078E-01
    2.40500E+02    2.95734E-01    7.43986E-01
    2.40600E+02    2.95618E-01    7.44072E-01
    2.40700E+02    2.95906E-01    7.43858E-01
    2.40800E+02    2.96098E-01    7.43715E-01
    2.40900E+02    2.97088E-01    7.42979E-01
    2.41000E+02    2.96739E-01    7.43238E-01
    2.41100E+02    2.97305E-01    7.42818E-01
    2.41200E+02    3.00257E-01    7.40628E-01
    2.41300E+02    2.99266E-01    7.41362E-01
    2.41400E+02    2.98521E-01    7.41915E-01
    2.41500E+02    2.98933E-01    7.41609E-01
    2.41600E+02    2.99317E-01    7.41324E-01
    2.41700E+02    2.99948E-01    7.40857E-01
    2.41800E+02    3.00838E-01    7.40197E-01
    2.41900E+02    3.02203E-01    7.39188E-01
    2.42000E+02    3.04573E-01    7.37438E-01
    2.42100E+02    3.09519E-01    7.33800E-01
    2.42200E+02    3.23488E-01    7.23621E-01
    2.42300E+02    4.11643E-01    6.62561E-01
    2.42400E+02    3.36929E-01    7.13960E-01
    2.42500E+02    3.13540E-01    7.30855E-01
    2.42600E+02    3.06969E-01    7.35673E-01
    2.42700E+02    3.04384E-01    7.37577E-01
    2.42800E+02    3.03320E-01    7.38363E-01
    2.42900E+02    3.03131E-01    7.38503E-01
    2.43000E+02    3.03810E-01    7.38001E-01
    2.43100E+02    3.05109E-01    7.37043E-01
    2.43200E+02    3.08257E-01    7.34726E-01
    2.43300E+02    3.16878E-01    7.28420E-01
    2.43400E+02    3.53453E-01    7.02259E-01
    2.43500E+02    3.59024E-01    6.98358E-01
    2.43600E+02    3.17906E-01    7.27671E-01
    2.43700E+02    3.08891E-01    7.34261E-01
    2.43800E+02    3.05676E-01    7.36625E-01
    2.43900E+02    3.04589E-01    7.37426E-01
    2.44000E+02    3.05171E-01    7.36998E-01
    2.44100E+02    3.10394E-01    7.33158E-01
    2.44200E+02    3.12725E-01    7.31451E-01
    2.44300E+02    3.04710E-01    7.37337E-01
    2.44400E+02    3.03173E-01    7.38471E-01
    2.44500E+02    3.02246E-01    7.39156E-01
    2.44600E+02    3.01966E-01    7.39363E-01
    2.44700E+02    3.01838E-01    7.39458E-01
    2.44800E+02    3.01919E-01    7.39398E-01
    2.44900E+02    3.01983E-01    7.39351E-01
    2.45000E+02    3.02081E-01    7.39278E-01
    2.45100E+02    3.02171E-01    7.39211E-01
    2.45200E+02    3.02293E-01    7.39121E-01
    2.45300E+02    3.02453E-01    7.39003E-01
    2.45400E+02    3.02625E-01    7.38876E-01
    2.45500E+02    3.02819E-01    7.38733E-01
    2.45600E+02    3.03034E-01    7.38574E-01
    2.45700E+02    3.03285E-01    7.38389E-01
    2.45800E+02    3.03870E-01    7.37957E-01
    2.45900E+02    3.03708E-01    7.38076E-01
    2.46000E+02    3.03916E-01    7.37923E-01
    2.46100E+02    3.04161E-01    7.37742E-01
    2.46200E+02    3.04443E-01    7.37534E-01
    2.46300E+02    3.04794E-01    7.37276E-01
    2.46400E+02    3.05205E-01    7.36972E-01
    2.46500E+02    3.07231E-01    7.35481E-01
    2.46600E+02    3.05950E-01    7.36423E-01
    2.46700E+02    3.05948E-01    7.36425E-01
    2.46800E+02    3.06206E-01    7.36235E-01
    2.46900E+02    3.06532E-01    7.35995E-01
    2.47000E+02    3.06919E-01    7.35710E-01
    2.47100E+02    3.07392E-01    7.35362E-01
    2.47200E+02    3.07861E-01    7.35017E-01
    2.47300E+02    3.08488E-01    7.34557E-01
    2.47400E+02    3.09299E-01    7.33961E-01
    2.47500E+02    3.10527E-01    7.33061E-01
    2.47600E+02    3.12820E-01    7.31381E-01
    2.47700E+02    3.19832E-01    7.26271E-01
    2.47800E+02    3.25877E-01    7.21894E-01
    2.47900E+02    3.19278E-01    7.26673E-01
    2.48000E+02    3.23940E-01    7.23294E-01
    2.48100E+02    3.45312E-01    7.08000E-01
    2.48200E+02    4.26440E-01    6.52829E-01
    2.48300E+02    3.34538E-01    7.15669E-01
    2.48400E+02    3.21131E-01    7.25328E-01
    2.48500E+02    3.16768E-01    7.28500E-01
    2.48600E+02    3.14964E-01    7.29815E-01
    2.48700E+02    3.14286E-01    7.30310E-01
    2.48800E+02    3.13912E-01    7.30583E-01
    2.48900E+02    3.13925E-01    7.30574E-01
    2.49000E+02    3.14209E-01    7.30367E-01
    2.49100E+02    3.14706E-01    7.30003E-01
    2.49200E+02    3.15451E-01    7.29460E-01
    2.49300E+02    3.16595E-01    7.28626E-01
    2.49400E+02    3.18409E-01    7.27305E-01
    2.49500E+02    3.21544E-01    7.25029E-01
    2.49600E+02    3.27991E-01    7.20370E-01
    2.49700E+02    3.46611E-01    7.07080E-01
    2.49800E+02    4.28201E-01    6.51681E-01
    2.49900E+02    3.79878E-01    6.83945E-01
    2.50000E+02    3.91867E-01    6.75794E-01
    2.50100E+02    3.38694E-01    7.12701E-01
    2.50200E+02    3.27425E-01    7.20778E-01
    2.50300E+02    3.23121E-01    7.23887E-01
    2.50400E+02    3.20231E-01    7.25982E-01
    2.50500E+02    3.18995E-01    7.26880E-01
    2.50600E+02    3.18259E-01    7.27414E-01
    2.50700E+02    3.18010E-01    7.27596E-01
    2.50800E+02    3.17690E-01    7.27828E-01
    2.50900E+02    3.17548E-01    7.27932E-01
    2.51000E+02    3.17543E-01    7.27935E-01
    2.51100E+02    3.17608E-01    7.27888E-01
    2.51200E+02    3.17833E-01    7.27724E-01
    2.51300E+02    3.17851E-01    7.27711E-01
    2.51400E+02    3.18008E-01    7.27597E-01
    2.51500E+02    3.18193E-01    7.27462E-01
    2.51600E+02    3.18397E-01    7.27314E-01
    2.51700E+02    3.18618E-01    7.27153E-01
    2.51800E+02    3.18846E-01    7.26987E-01
    2.51900E+02    3.19094E-01    7.26808E-01
    2.52000E+02    3.19369E-01    7.26608E-01
    2.52100E+02    3.19833E-01    7.26271E-01
    2.52200E+02    3.19918E-01    7.26208E-01
    2.52300E+02    3.20250E-01    7.25967E-01
    2.52400E+02    3.20553E-01    7.25748E-01
    2.52500E+02    3.21049E-01    7.25387E-01
    2.52600E+02    3.21330E-01    7.25184E-01
    2.52700E+02    3.22148E-01    7.24591E-01
    2.52800E+02    3.22194E-01    7.24557E-01
    2.52900E+02    3.22075E-01    7.24644E-01
    2.53000E+02    3.22315E-01    7.24470E-01
    2.53100E+02    3.22609E-01    7.24257E-01
    2.53200E+02    3.22926E-01    7.24028E-01
    2.53300E+02    3.23327E-01    7.23737E-01
    2.53400E+02    3.23956E-01    7.23282E-01
    2.53500E+02    3.23931E-01    7.23300E-01
    2.53600E+02    3.24296E-01    7.23036E-01
    2.53700E+02    3.25004E-01    7.22525E-01
    2.53800E+02    3.25231E-01    7.22361E-01
    2.53900E+02    3.25464E-01    7.22192E-01
    2.54000E+02    3.25805E-01    7.21946E-01
    2.54100E+02    3.26236E-01    7.21635E-01
    2.54200E+02    3.26865E-01    7.21181E-01
    2.54300E+02    3.28737E-01    7.19832E-01
    2.54400E+02    3.27590E-01    7.20659E-01
    2.54500E+02    3.27797E-01    7.20509E-01
    2.54600E+02    3.28151E-01    7.20254E-01
    2.54700E+02    3.28654E-01    7.19892E-01
    2.54800E+02    3.28921E-01    7.19700E-01
    2.54900E+02    3.29790E-01    7.19075E-01
    2.55000E+02    3.29570E-01    7.19233E-01
    2.55100E+02    3.29812E-01    7.19059E-01
    2.55200E+02    3.30066E-01    7.18876E-01
    2.55300E+02    3.30258E-01    7.18738E-01
    2.55400E+02    3.30451E-01    7.18599E-01
    2.55500E+02    3.30636E-01    7.18466E-01
    2.55600E+02    3.30811E-01    7.18341E-01
    2.55700E+02    3.30991E-01    7.18211E-01
    2.55800E+02    3.31187E-01    7.18071E-01
    2.55900E+02    3.31346E-01    7.17956E-01
    2.56000E+02    3.31554E-01    7.17808E-01
    2.56100E+02    3.31750E-01    7.17667E-01
    2.56200E+02    3.31888E-01    7.17568E-01
    2.56300E+02    3.32086E-01    7.17426E-01
    2.56400E+02    3.32323E-01    7.17256E-01
    2.56500E+02    3.32561E-01    7.17085E-01
    2.56600E+02    3.32790E-01    7.16921E-01
    2.56700E+02    3.33129E-01    7.16678E-01
    2.56800E+02    3.33323E-01    7.16538E-01
    2.56900E+02    3.33971E-01    7.16074E-01
    2.57000E+02    3.33774E-01    7.16216E-01
    2.57100E+02    3.33999E-01    7.16055E-01
    2.57200E+02    3.34282E-01    7.15852E-01
    2.57300E+02    3.34591E-01    7.15631E-01
    2.57400E+02    3.34951E-01    7.15373E-01
    2.57500E+02    3.35320E-01    7.15109E-01
    2.57600E+02    3.35756E-01    7.14797E-01
    2.57700E+02    3.36212E-01    7.14471E-01
    2.57800E+02    3.36825E-01    7.14033E-01
    2.57900E+02    3.37501E-01    7.13551E-01
    2.58000E+02    3.38745E-01    7.12664E-01
    2.58100E+02    3.41439E-01    7.10747E-01
    2.58200E+02    3.62858E-01    6.95685E-01
    2.58300E+02    3.44067E-01    7.08882E-01
    2.58400E+02    3.43857E-01    7.09030E-01
    2.58500E+02    3.47531E-01    7.06430E-01
    2.58600E+02    3.59340E-01    6.98137E-01
    2.58700E+02    4.37346E-01    6.45748E-01
    2.58800E+02    3.68922E-01    6.91480E-01
    2.58900E+02    3.50435E-01    7.04382E-01
    2.59000E+02    3.45139E-01    7.08122E-01
    2.59100E+02    3.43005E-01    7.09634E-01
    2.59200E+02    3.42047E-01    7.10315E-01
    2.59300E+02    3.41563E-01    7.10658E-01
    2.59400E+02    3.41382E-01    7.10787E-01
    2.59500E+02    3.41508E-01    7.10698E-01
    2.59600E+02    3.41361E-01    7.10802E-01
    2.59700E+02    3.41452E-01    7.10738E-01
    2.59800E+02    3.41605E-01    7.10629E-01
    2.59900E+02    3.41803E-01    7.10488E-01
    2.60000E+02    3.42087E-01    7.10286E-01
    2.60100E+02    3.42287E-01    7.10144E-01
    2.60200E+02    3.42480E-01    7.10007E-01
    2.60300E+02    3.42726E-01    7.09833E-01
    2.60400E+02    3.43001E-01    7.09638E-01
    2.60500E+02    3.43311E-01    7.09417E-01
    2.60600E+02    3.43628E-01    7.09193E-01
    2.60700E+02    3.43978E-01    7.08944E-01
    2.60800E+02    3.44975E-01    7.08238E-01
    2.60900E+02    3.44634E-01    7.08479E-01
    2.61000E+02    3.44793E-01    7.08367E-01
    2.61100E+02    3.45125E-01    7.08132E-01
    2.61200E+02    3.45386E-01    7.07947E-01
    2.61300E+02    3.45705E-01    7.07721E-01
    2.61400E+02    3.46029E-01    7.07492E-01
    2.61500E+02    3.46359E-01    7.07258E-01
    2.61600E+02    3.46710E-01    7.07011E-01
    2.61700E+02    3.47090E-01    7.06742E-01
    2.61800E+02    3.47457E-01    7.06483E-01
    2.61900E+02    3.47820E-01    7.06226E-01
    2.62000E+02    3.48236E-01    7.05932E-01
    2.62100E+02    3.48649E-01    7.05641E-01
    2.62200E+02    3.49090E-01    7.05330E-01
    2.62300E+02    3.49605E-01    7.04967E-01
    2.62400E+02    3.50230E-01    7.04526E-01
    2.62500E+02    3.51081E-01    7.03927E-01
    2.62600E+02    3.52124E-01    7.03193E-01
    2.62700E+02    3.54342E-01    7.01635E-01
    2.62800E+02    3.62200E-01    6.96143E-01
    2.62900E+02    3.66181E-01    6.93377E-01
    2.63000E+02    3.56745E-01    6.99951E-01
    2.63100E+02    3.55724E-01    7.00666E-01
    2.63200E+02    3.57782E-01    6.99225E-01
    2.63300E+02    3.57300E-01    6.99563E-01
    2.63400E+02    3.59675E-01    6.97903E-01
    2.63500E+02    3.65379E-01    6.93934E-01
    2.63600E+02    3.83745E-01    6.81305E-01
    2.63700E+02    5.03819E-01    6.04219E-01
    2.63800E+02    3.81281E-01    6.82986E-01
    2.63900E+02    3.72409E-01    6.89072E-01
    2.64000E+02    3.62187E-01    6.96152E-01
    2.64100E+02    3.59718E-01    6.97873E-01
    2.64200E+02    3.58752E-01    6.98548E-01
    2.64300E+02    3.58418E-01    6.98781E-01
    2.64400E+02    3.58402E-01    6.98792E-01
    2.64500E+02    3.58665E-01    6.98608E-01
    2.64600E+02    3.59198E-01    6.98236E-01
    2.64700E+02    3.60128E-01    6.97587E-01
    2.64800E+02    3.62296E-01    6.96077E-01
    2.64900E+02    3.73536E-01    6.88296E-01
    2.65000E+02    3.65828E-01    6.93622E-01
    2.65100E+02    3.62162E-01    6.96169E-01
    2.65200E+02    3.61462E-01    6.96657E-01
    2.65300E+02    3.61409E-01    6.96694E-01
    2.65400E+02    3.61610E-01    6.96554E-01
    2.65500E+02    3.61932E-01    6.96330E-01
    2.65600E+02    3.62327E-01    6.96055E-01
    2.65700E+02    3.62720E-01    6.95781E-01
    2.65800E+02    3.63155E-01    6.95479E-01
    2.65900E+02    3.63582E-01    6.95182E-01
    2.66000E+02    3.64006E-01    6.94887E-01
    2.66100E+02    3.64445E-01    6.94582E-01
    2.66200E+02    3.64888E-01    6.94274E-01
    2.66300E+02    3.65178E-01    6.94073E-01
    2.66400E+02    3.65528E-01    6.93830E-01
    2.66500E+02    3.65920E-01    6.93558E-01
    2.66600E+02    3.66373E-01    6.93244E-01
    2.66700E+02    3.66959E-01    6.92838E-01
    2.66800E+02    3.67779E-01    6.92270E-01
    2.66900E+02    3.69092E-01    6.91361E-01
    2.67000E+02    3.71428E-01    6.89748E-01
    2.67100E+02    3.76918E-01    6.85972E-01
    2.67200E+02    3.97162E-01    6.72225E-01
    2.67300E+02    4.20055E-01    6.57011E-01
    2.67400E+02    3.81060E-01    6.83137E-01
    2.67500E+02    3.73544E-01    6.88291E-01
    2.67600E+02    3.70886E-01    6.90122E-01
    2.67700E+02    3.69705E-01    6.90938E-01
    2.67800E+02    3.69149E-01    6.91322E-01
    2.67900E+02    3.68896E-01    6.91497E-01
    2.68000E+02    3.68817E-01    6.91552E-01
    2.68100E+02    3.68877E-01    6.91511E-01
    2.68200E+02    3.69303E-01    6.91216E-01
    2.68300E+02    3.69118E-01    6.91344E-01
    2.68400E+02    3.69287E-01    6.91227E-01
    2.68500E+02    3.69571E-01    6.91031E-01
    2.68600E+02    3.70208E-01    6.90591E-01
    2.68700E+02    3.70775E-01    6.90199E-01
    2.68800E+02    3.70252E-01    6.90561E-01
    2.68900E+02    3.70385E-01    6.90469E-01
    2.69000E+02    3.70603E-01    6.90318E-01
    2.69100E+02    3.70858E-01    6.90142E-01
    2.69200E+02    3.71119E-01    6.89962E-01
    2.69300E+02    3.71396E-01    6.89771E-01
    2.69400E+02    3.71682E-01    6.89573E-01
    2.69500E+02    3.71988E-01    6.89363E-01
    2.69600E+02    3.72278E-01    6.89163E-01
    2.69700E+02    3.72574E-01    6.88958E-01
    2.69800E+02    3.72893E-01    6.88739E-01
    2.69900E+02    3.73206E-01    6.88523E-01
    2.70000E+02    3.73526E-01    6.88303E-01
    2.70100E+02    3.73877E-01    6.88062E-01
    2.70200E+02    3.74173E-01    6.87858E-01
    2.70300E+02    3.74517E-01    6.87622E-01
    2.70400E+02    3.74884E-01    6.87369E-01
    2.70500E+02    3.75272E-01    6.87103E-01
    2.70600E+02    3.75561E-01    6.86904E-01
    2.70700E+02    3.76007E-01    6.86598E-01
    2.70800E+02    3.76374E-01    6.86345E-01
    2.70900E+02    3.76879E-01    6.85999E-01
    2.71000E+02    3.77387E-01    6.85651E-01
    2.71100E+02    3.80063E-01    6.83819E-01
    2.71200E+02    3.77993E-01    6.85235E-01
    2.71300E+02    3.78254E-01    6.85056E-01
    2.71400E+02    3.78421E-01    6.84942E-01
    2.71500E+02    3.78754E-01    6.84714E-01
    2.71600E+02    3.79133E-01    6.84455E-01
    2.71700E+02    3.79555E-01    6.84166E-01
    2.71800E+02    3.80057E-01    6.83823E-01
    2.71900E+02    3.81153E-01    6.83073E-01
    2.72000E+02    3.81096E-01    6.83113E-01
    2.72100E+02    3.81360E-01    6.82932E-01
    2.72200E+02    3.81843E-01    6.82602E-01
    2.72300E+02    3.82421E-01    6.82208E-01
    2.72400E+02    3.83129E-01    6.81725E-01
    2.72500E+02    3.84024E-01    6.81115E-01
    2.72600E+02    3.85218E-01    6.80302E-01
    2.72700E+02    3.87079E-01    6.79037E-01
    2.72800E+02    3.90392E-01    6.76791E-01
    2.72900E+02    3.98319E-01    6.71448E-01
    2.73000E+02    4.31701E-01    6.49404E-01
    2.73100E+02    4.33573E-01    6.48189E-01
    2.73200E+02    3.99724E-01    6.70505E-01
    2.73300E+02    3.92457E-01    6.75395E-01
    2.73400E+02    3.89798E-01    6.77194E-01
    2.73500E+02    3.88737E-01    6.77913E-01
    2.73600E+02    3.88352E-01    6.78174E-01
    2.73700E+02    3.88303E-01    6.78207E-01
    2.73800E+02    3.88531E-01    6.78053E-01
    2.73900E+02    3.89046E-01    6.77703E-01
    2.74000E+02    3.89598E-01    6.77329E-01
    2.74100E+02    3.90466E-01    6.76741E-01
    2.74200E+02    3.92095E-01    6.75640E-01
    2.74300E+02    3.95635E-01    6.73252E-01
    2.74400E+02    4.07353E-01    6.65409E-01
    2.74500E+02    4.37558E-01    6.45611E-01
    2.74600E+02    4.00931E-01    6.69696E-01
    2.74700E+02    3.95058E-01    6.73641E-01
    2.74800E+02    3.93190E-01    6.74901E-01
    2.74900E+02    3.92512E-01    6.75358E-01
    2.75000E+02    3.92343E-01    6.75472E-01
    2.75100E+02    3.92320E-01    6.75488E-01
    2.75200E+02    3.92525E-01    6.75349E-01
    2.75300E+02    3.92608E-01    6.75293E-01
    2.75400E+02    3.92838E-01    6.75138E-01
    2.75500E+02    3.93095E-01    6.74965E-01
    2.75600E+02    3.93382E-01    6.74771E-01
    2.75700E+02    3.93713E-01    6.74548E-01
    2.75800E+02    3.94056E-01    6.74316E-01
    2.75900E+02    3.94431E-01    6.74063E-01
    2.76000E+02    3.94778E-01    6.73830E-01
    2.76100E+02    3.95170E-01    6.73565E-01
    2.76200E+02    3.95593E-01    6.73280E-01
    2.76300E+02    3.96062E-01    6.72965E-01
    2.76400E+02    3.96579E-01    6.72617E-01
    2.76500E+02    3.97205E-01    6.72196E-01
    2.76600E+02    3.98043E-01    6.71633E-01
    2.76700E+02    3.99424E-01    6.70707E-01
    2.76800E+02    4.02660E-01    6.68539E-01
    2.76900E+02    4.20150E-01    6.56948E-01
    2.77000E+02    4.07303E-01    6.65442E-01
    2.77100E+02    4.01981E-01    6.68993E-01
    2.77200E+02    4.00675E-01    6.69868E-01
    2.77300E+02    4.00363E-01    6.70077E-01
    2.77400E+02    4.00431E-01    6.70031E-01
    2.77500E+02    4.00638E-01    6.69892E-01
    2.77600E+02    4.00853E-01    6.69749E-01
    2.77700E+02    4.01140E-01    6.69556E-01
    2.77800E+02    4.01492E-01    6.69320E-01
    2.77900E+02    4.01988E-01    6.68989E-01
    2.78000E+02    4.02263E-01    6.68805E-01
    2.78100E+02    4.02648E-01    6.68547E-01
    2.78200E+02    4.02964E-01    6.68336E-01
    2.78300E+02    4.03398E-01    6.68046E-01
    2.78400E+02    4.04014E-01    6.67635E-01
    2.78500E+02    4.05401E-01    6.66709E-01
    2.78600E+02    4.04912E-01    6.67036E-01
    2.78700E+02    4.05078E-01    6.66925E-01
    2.78800E+02    4.05467E-01    6.66665E-01
    2.78900E+02    4.05953E-01    6.66341E-01
    2.79000E+02    4.06532E-01    6.65956E-01
    2.79100E+02    4.07258E-01    6.65472E-01
    2.79200E+02    4.08366E-01    6.64736E-01
    2.79300E+02    4.10732E-01    6.63165E-01
    2.79400E+02    4.14881E-01    6.60419E-01
    2.79500E+02    4.33046E-01    6.48531E-01
    2.79600E+02    4.13842E-01    6.61105E-01
    2.79700E+02    4.11708E-01    6.62518E-01
    2.79800E+02    4.12481E-01    6.62006E-01
    2.79900E+02    4.22528E-01    6.55388E-01
    2.80000E+02    4.12263E-01    6.62150E-01
    2.80100E+02    4.11316E-01    6.62778E-01
    2.80200E+02    4.11251E-01    6.62821E-01
    2.80300E+02    4.11424E-01    6.62706E-01
    2.80400E+02    4.11702E-01    6.62521E-01
    2.80500E+02    4.12021E-01    6.62310E-01
    2.80600E+02    4.12384E-01    6.62070E-01
    2.80700E+02    4.12790E-01    6.61801E-01
    2.80800E+02    4.13274E-01    6.61481E-01
    2.80900E+02    4.14162E-01    6.60894E-01
    2.81000E+02    4.17005E-01    6.59018E-01
    2.81100E+02    4.14721E-01    6.60525E-01
    2.81200E+02    4.15036E-01    6.60316E-01
    2.81300E+02    4.15235E-01    6.60185E-01
    2.81400E+02    4.15726E-01    6.59861E-01
    2.81500E+02    4.16780E-01    6.59166E-01
    2.81600E+02    4.16664E-01    6.59243E-01
    2.81700E+02    4.16842E-01    6.59125E-01
    2.81800E+02    4.17242E-01    6.58861E-01
    2.81900E+02    4.17800E-01    6.58494E-01
    2.82000E+02    4.18431E-01    6.58078E-01
    2.82100E+02    4.18639E-01    6.57941E-01
    2.82200E+02    4.19075E-01    6.57655E-01
    2.82300E+02    4.19621E-01    6.57296E-01
    2.82400E+02    4.20084E-01    6.56991E-01
    2.82500E+02    4.20780E-01    6.56534E-01
    2.82600E+02    4.21795E-01    6.55868E-01
    2.82700E+02    4.23874E-01    6.54506E-01
    2.82800E+02    4.32833E-01    6.48669E-01
    2.82900E+02    4.29068E-01    6.51115E-01
    2.83000E+02    4.24534E-01    6.54075E-01
    2.83100E+02    4.23743E-01    6.54592E-01
    2.83200E+02    4.23689E-01    6.54628E-01
    2.83300E+02    4.23856E-01    6.54518E-01
    2.83400E+02    4.24184E-01    6.54304E-01
    2.83500E+02    4.24510E-01    6.54090E-01
    2.83600E+02    4.24880E-01    6.53848E-01
    2.83700E+02    4.25287E-01    6.53582E-01
    2.83800E+02    4.25714E-01    6.53303E-01
    2.83900E+02    4.26153E-01    6.53016E-01
    2.84000E+02    4.26624E-01    6.52709E-01
    2.84100E+02    4.27068E-01    6.52419E-01
    2.84200E+02    4.27538E-01    6.52113E-01
    2.84300E+02    4.28065E-01    6.51769E-01
    2.84400E+02    4.29020E-01    6.51147E-01
    2.84500E+02    4.29070E-01    6.51114E-01
    2.84600E+02    4.29672E-01    6.50722E-01
    2.84700E+02    4.30079E-01    6.50458E-01
    2.84800E+02    4.30671E-01    6.50073E-01
    2.84900E+02    4.31242E-01    6.49702E-01
    2.85000E+02    4.31823E-01    6.49325E-01
    2.85100E+02    4.32493E-01    6.48889E-01
    2.85200E+02    4.33241E-01    6.48404E-01
    2.85300E+02    4.34089E-01    6.47854E-01
    2.85400E+02    4.35089E-01    6.47207E-01
    2.85500E+02    4.36326E-01    6.46407E-01
    2.85600E+02    4.38027E-01    6.45308E-01
    2.85700E+02    4.40268E-01    6.43864E-01
    2.85800E+02    4.44085E-01    6.41411E-01
    2.85900E+02    4.51690E-01    6.36551E-01
    2.86000E+02    4.73006E-01    6.23126E-01
    2.86100E+02    5.66684E-01    5.67404E-01
    2.86200E+02    5.21148E-01    5.93839E-01
    2.86300E+02    5.17261E-01    5.96151E-01
    2.86400E+02    4.58832E-01    6.32021E-01
    2.86500E+02    4.48953E-01    6.38296E-01
    2.86600E+02    4.45183E-01    6.40707E-01
    2.86700E+02    4.43442E-01    6.41823E-01
    2.86800E+02    4.42598E-01    6.42366E-01
    2.86900E+02    4.42243E-01    6.42594E-01
    2.87000E+02    4.42218E-01    6.42610E-01
    2.87100E+02    4.42165E-01    6.42644E-01
    2.87200E+02    4.42319E-01    6.42545E-01
    2.87300E+02    4.42572E-01    6.42382E-01
    2.87400E+02    4.42891E-01    6.42177E-01
    2.87500E+02    4.43264E-01    6.41938E-01
    2.87600E+02    4.43680E-01    6.41671E-01
    2.87700E+02    4.44135E-01    6.41379E-01
    2.87800E+02    4.44638E-01    6.41056E-01
    2.87900E+02    4.45189E-01    6.40703E-01
    2.88000E+02    4.45803E-01    6.40310E-01
    2.88100E+02    4.46487E-01    6.39872E-01
    2.88200E+02    4.47291E-01    6.39358E-01
    2.88300E+02    4.48336E-01    6.38690E-01
    2.88400E+02    4.49456E-01    6.37975E-01
    2.88500E+02    4.51066E-01    6.36949E-01
    2.88600E+02    4.53586E-01    6.35346E-01
    2.88700E+02    4.58144E-01    6.32456E-01
    2.88800E+02    4.68764E-01    6.25775E-01
    2.88900E+02    5.09671E-01    6.00693E-01
    2.89000E+02    5.34673E-01    5.85861E-01
    2.89100E+02    4.74031E-01    6.22488E-01
    2.89200E+02    4.61797E-01    6.30150E-01
    2.89300E+02    4.57441E-01    6.32901E-01
    2.89400E+02    4.55569E-01    6.34087E-01
    2.89500E+02    4.54731E-01    6.34618E-01
    2.89600E+02    4.54396E-01    6.34831E-01
    2.89700E+02    4.54350E-01    6.34860E-01
    2.89800E+02    4.54551E-01    6.34733E-01
    2.89900E+02    4.54832E-01    6.34555E-01
    2.90000E+02    4.55134E-01    6.34363E-01
    2.90100E+02    4.55310E-01    6.34251E-01
    2.90200E+02    4.55660E-01    6.34030E-01
    2.90300E+02    4.56064E-01    6.33773E-01
    2.90400E+02    4.56522E-01    6.33483E-01
    2.90500E+02    4.57044E-01    6.33152E-01
    2.90600E+02    4.57583E-01    6.32811E-01
    2.90700E+02    4.58227E-01    6.32404E-01
    2.90800E+02    4.59173E-01    6.31806E-01
    2.90900E+02    4.61469E-01    6.30357E-01
    2.91000E+02    4.66265E-01    6.27341E-01
    2.91100E+02    4.61313E-01    6.30455E-01
    2.91200E+02    4.60979E-01    6.30666E-01
    2.91300E+02    4.61363E-01    6.30424E-01
    2.91400E+02    4.61709E-01    6.30205E-01
    2.91500E+02    4.62059E-01    6.29985E-01
    2.91600E+02    4.62672E-01    6.29599E-01
    2.91700E+02    4.65581E-01    6.27770E-01
    2.91800E+02    4.63669E-01    6.28972E-01
    2.91900E+02    4.64059E-01    6.28727E-01
    2.92000E+02    4.64576E-01    6.28402E-01
    2.92100E+02    4.65155E-01    6.28038E-01
    2.92200E+02    4.65775E-01    6.27649E-01
    2.92300E+02    4.66434E-01    6.27235E-01
    2.92400E+02    4.67179E-01    6.26768E-01
    2.92500E+02    4.68197E-01    6.26130E-01
    2.92600E+02    4.69026E-01    6.25611E-01
    2.92700E+02    4.70015E-01    6.24993E-01
    2.92800E+02    4.71554E-01    6.24032E-01
    2.92900E+02    4.74057E-01    6.22472E-01
    2.93000E+02    4.79254E-01    6.19245E-01
    2.93100E+02    4.96526E-01    6.08641E-01
    2.93200E+02    5.24521E-01    5.91839E-01
    2.93300E+02    4.86113E-01    6.15012E-01
    2.93400E+02    4.80764E-01    6.18311E-01
    2.93500E+02    4.84979E-01    6.15710E-01
    2.93600E+02    4.83761E-01    6.16461E-01
    2.93700E+02    4.77677E-01    6.20222E-01
    2.93800E+02    4.76409E-01    6.21009E-01
    2.93900E+02    4.76113E-01    6.21194E-01
    2.94000E+02    4.76197E-01    6.21141E-01
    2.94100E+02    4.76458E-01    6.20979E-01
    2.94200E+02    4.76828E-01    6.20749E-01
    2.94300E+02    4.77251E-01    6.20487E-01
    2.94400E+02    4.77721E-01    6.20195E-01
    2.94500E+02    4.78229E-01    6.19880E-01
    2.94600E+02    4.78839E-01    6.19502E-01
    2.94700E+02    4.79275E-01    6.19232E-01
    2.94800E+02    4.79832E-01    6.18887E-01
    2.94900E+02    4.80384E-01    6.18546E-01
    2.95000E+02    4.80954E-01    6.18193E-01
    2.95100E+02    4.81527E-01    6.17839E-01
    2.95200E+02    4.82144E-01    6.17458E-01
    2.95300E+02    4.82893E-01    6.16996E-01
    2.95400E+02    4.83497E-01    6.16623E-01
    2.95500E+02    4.84051E-01    6.16282E-01
    2.95600E+02    4.84551E-01    6.15974E-01
    2.95700E+02    4.85169E-01    6.15593E-01
    2.95800E+02    4.85902E-01    6.15142E-01
    2.95900E+02    4.86457E-01    6.14801E-01
    2.96000E+02    4.87174E-01    6.14360E-01
    2.96100E+02    4.88014E-01    6.13844E-01
    2.96200E+02    4.88443E-01    6.13581E-01
    2.96300E+02    4.89119E-01    6.13166E-01
    2.96400E+02    4.90118E-01    6.12554E-01
    2.96500E+02    4.90517E-01    6.12310E-01
    2.96600E+02    4.91216E-01    6.11882E-01
    2.96700E+02    4.91963E-01    6.11425E-01
    2.96800E+02    4.92780E-01    6.10926E-01
    2.96900E+02    4.93565E-01    6.10446E-01
    2.97000E+02    4.94486E-01    6.09884E-01
    2.97100E+02    4.95871E-01    6.09040E-01
    2.97200E+02    4.97993E-01    6.07749E-01
    2.97300E+02    4.97227E-01    6.08215E-01
    2.97400E+02    4.98095E-01    6.07687E-01
    2.97500E+02    4.98796E-01    6.07262E-01
    2.97600E+02    4.99755E-01    6.06679E-01
    2.97700E+02    5.00834E-01    6.06025E-01
    2.97800E+02    5.02022E-01    6.05305E-01
    2.97900E+02    5.03346E-01    6.04505E-01
    2.98000E+02    5.04843E-01    6.03600E-01
    2.98100E+02    5.06604E-01    6.02538E-01
    2.98200E+02    5.08770E-01    6.01235E-01
    2.98300E+02    5.11852E-01    5.99385E-01
    2.98400E+02    5.16699E-01    5.96486E-01
    2.98500E+02    5.21024E-01    5.93912E-01
    2.98600E+02    5.15966E-01    5.96924E-01
    2.98700E+02    5.13216E-01    5.98567E-01
    2.98800E+02    5.12644E-01    5.98910E-01
    2.98900E+02    5.11772E-01    5.99432E-01
    2.99000E+02    5.11523E-01    5.99582E-01
    2.99100E+02    5.11527E-01    5.99579E-01
    2.99200E+02    5.11697E-01    5.99477E-01
    2.99300E+02    5.12059E-01    5.99261E-01
    2.99400E+02    5.12837E-01    5.98795E-01
    2.99500E+02    5.15775E-01    5.97038E-01
    2.99600E+02    5.13569E-01    5.98356E-01
    2.99700E+02    5.14022E-01    5.98085E-01
    2.99800E+02    5.14310E-01    5.97913E-01
    2.99900E+02    5.14907E-01    5.97556E-01
    3.00000E+02    5.15597E-01    5.97144E-01
    3.00100E+02    5.16464E-01    5.96626E-01
    3.00200E+02    5.17320E-01    5.96116E-01
    3.00300E+02    5.18353E-01    5.95501E-01
    3.00400E+02    5.19799E-01    5.94640E-01
    3.00500E+02    5.22239E-01    5.93191E-01
    3.00600E+02    5.28690E-01    5.89377E-01
    3.00700E+02    5.52439E-01    5.75544E-01
    3.00800E+02    5.27912E-01    5.89835E-01
    3.00900E+02    5.25356E-01    5.91345E-01
    3.01000E+02    5.25254E-01    5.91405E-01
    3.01100E+02    5.25909E-01    5.91018E-01
    3.01200E+02    5.27088E-01    5.90322E-01
    3.01300E+02    5.28872E-01    5.89269E-01
    3.01400E+02    5.31526E-01    5.87707E-01
    3.01500E+02    5.35898E-01    5.85143E-01
    3.01600E+02    5.44592E-01    5.80078E-01
    3.01700E+02    5.68715E-01    5.66253E-01
    3.01800E+02    7.35159E-01    4.79429E-01
    3.01900E+02    5.84494E-01    5.57388E-01
    3.02000E+02    5.51550E-01    5.76056E-01
    3.02100E+02    5.42335E-01    5.81389E-01
    3.02200E+02    5.38880E-01    5.83402E-01
    3.02300E+02    5.37567E-01    5.84168E-01
    3.02400E+02    5.37282E-01    5.84334E-01
    3.02500E+02    5.37666E-01    5.84110E-01
    3.02600E+02    5.38411E-01    5.83675E-01
    3.02700E+02    5.39581E-01    5.82992E-01
    3.02800E+02    5.41494E-01    5.81878E-01
    3.02900E+02    5.44877E-01    5.79913E-01
    3.03000E+02    5.52375E-01    5.75581E-01
    3.03100E+02    5.78364E-01    5.60815E-01
    3.03200E+02    6.04098E-01    5.46567E-01
    3.03300E+02    5.58527E-01    5.72051E-01
    3.03400E+02    5.50118E-01    5.76882E-01
    3.03500E+02    5.47638E-01    5.78314E-01
    3.03600E+02    5.47133E-01    5.78606E-01
    3.03700E+02    5.46728E-01    5.78841E-01
    3.03800E+02    5.47037E-01    5.78662E-01
    3.03900E+02    5.47626E-01    5.78321E-01
    3.04000E+02    5.48318E-01    5.77921E-01
    3.04100E+02    5.49126E-01    5.77454E-01
    3.04200E+02    5.50021E-01    5.76938E-01
    3.04300E+02    5.50989E-01    5.76379E-01
    3.04400E+02    5.52031E-01    5.75779E-01
    3.04500E+02    5.53158E-01    5.75131E-01
    3.04600E+02    5.54404E-01    5.74415E-01
    3.04700E+02    5.55869E-01    5.73573E-01
    3.04800E+02    5.58260E-01    5.72204E-01
    3.04900E+02    5.58180E-01    5.72250E-01
    3.05000E+02    5.58472E-01    5.72082E-01
    3.05100E+02    5.59125E-01    5.71709E-01
    3.05200E+02    5.59840E-01    5.71301E-01
    3.05300E+02    5.60662E-01    5.70831E-01
    3.05400E+02    5.61542E-01    5.70329E-01
    3.05500E+02    5.62465E-01    5.69803E-01
    3.05600E+02    5.63429E-01    5.69254E-01
    3.05700E+02    5.64417E-01    5.68692E-01
    3.05800E+02    5.65432E-01    5.68114E-01
    3.05900E+02    5.66486E-01    5.67516E-01
    3.06000E+02    5.67571E-01    5.66901E-01
    3.06100E+02    5.68619E-01    5.66307E-01
    3.06200E+02    5.69723E-01    5.65682E-01
    3.06300E+02    5.70839E-01    5.65051E-01
    3.06400E+02    5.71983E-01    5.64405E-01
    3.06500E+02    5.73126E-01    5.63760E-01
    3.06600E+02    5.74300E-01    5.63099E-01
    3.06700E+02    5.75492E-01    5.62428E-01
    3.06800E+02    5.76712E-01    5.61742E-01
    3.06900E+02    5.78023E-01    5.61006E-01
    3.07000E+02    5.79216E-01    5.60338E-01
    3.07100E+02    5.80439E-01    5.59653E-01
    3.07200E+02    5.81727E-01    5.58932E-01
    3.07300E+02    5.83391E-01    5.58003E-01
    3.07400E+02    5.84793E-01    5.57221E-01
    3.07500E+02    5.86301E-01    5.56382E-01
    3.07600E+02    5.87437E-01    5.55750E-01
    3.07700E+02    5.88749E-01    5.55021E-01
    3.07800E+02    5.90122E-01    5.54259E-01
    3.07900E+02    5.91531E-01    5.53479E-01
    3.08000E+02    5.92956E-01    5.52691E-01
    3.08100E+02    5.94410E-01    5.51888E-01
    3.08200E+02    5.95898E-01    5.51067E-01
    3.08300E+02    5.97419E-01    5.50230E-01
    3.08400E+02    5.99009E-01    5.49356E-01
    3.08500E+02    6.00880E-01    5.48329E-01
    3.08600E+02    6.02865E-01    5.47241E-01
    3.08700E+02    6.03816E-01    5.46722E-01
    3.08800E+02    6.05466E-01    5.45820E-01
    3.08900E+02    6.07158E-01    5.44897E-01
    3.09000E+02    6.08647E-01    5.44086E-01
    3.09100E+02    6.10341E-01    5.43166E-01
    3.09200E+02    6.12139E-01    5.42190E-01
    3.09300E+02    6.13962E-01    5.41202E-01
    3.09400E+02    6.15948E-01    5.40129E-01
    3.09500E+02    6.17663E-01    5.39203E-01
    3.09600E+02    6.19652E-01    5.38131E-01
    3.09700E+02    6.21829E-01    5.36961E-01
    3.09800E+02    6.24393E-01    5.35586E-01
    3.09900E+02    6.27868E-01    5.33728E-01
    3.10000E+02    6.35978E-01    5.29417E-01
    3.10100E+02    6.43487E-01    5.25457E-01
    3.10200E+02    6.34589E-01    5.30153E-01
    3.10300E+02    6.34550E-01    5.30174E-01
    3.10400E+02    6.35684E-01    5.29573E-01
    3.10500E+02    6.37323E-01    5.28706E-01
    3.10600E+02    6.39121E-01    5.27756E-01
    3.10700E+02    6.41019E-01    5.26756E-01
    3.10800E+02    6.42977E-01    5.25725E-01
    3.10900E+02    6.44983E-01    5.24671E-01
    3.11000E+02    6.47043E-01    5.23592E-01
    3.11100E+02    6.49201E-01    5.22463E-01
    3.11200E+02    6.51304E-01    5.21365E-01
    3.11300E+02    6.53447E-01    5.20249E-01
    3.11400E+02    6.55664E-01    5.19097E-01
    3.11500E+02    6.57951E-01    5.17912E-01
    3.11600E+02    6.60372E-01    5.16659E-01
    3.11700E+02    6.62743E-01    5.15435E-01
    3.11800E+02    6.65110E-01    5.14217E-01
    3.11900E+02    6.67565E-01    5.12956E-01
    3.12000E+02    6.70114E-01    5.11650E-01
    3.12100E+02    6.72731E-01    5.10313E-01
    3.12200E+02    6.75410E-01    5.08948E-01
    3.12300E+02    6.78162E-01    5.07549E-01
    3.12400E+02    6.80983E-01    5.06119E-01
    3.12500E+02    6.83927E-01    5.04631E-01
    3.12600E+02    6.86901E-01    5.03133E-01
    3.12700E+02    6.89846E-01    5.01653E-01
    3.12800E+02    6.92942E-01    5.00103E-01
    3.12900E+02    6.96379E-01    4.98387E-01
    3.13000E+02    6.99339E-01    4.96914E-01
    3.13100E+02    7.02609E-01    4.95291E-01
    3.13200E+02    7.05903E-01    4.93663E-01
    3.13300E+02    7.09325E-01    4.91976E-01
    3.13400E+02    7.12835E-01    4.90253E-01
    3.13500E+02    7.16457E-01    4.88480E-01
    3.13600E+02    7.20276E-01    4.86618E-01
    3.13700E+02    7.23649E-01    4.84979E-01
    3.13800E+02    7.27339E-01    4.83193E-01
    3.13900E+02    7.31151E-01    4.81354E-01
    3.14000E+02    7.35565E-01    4.79234E-01
    3.14100E+02    7.38773E-01    4.77700E-01
    3.14200E+02    7.42665E-01    4.75844E-01
    3.14300E+02    7.46696E-01    4.73930E-01
    3.14400E+02    7.50843E-01    4.71968E-01
    3.14500E+02    7.55108E-01    4.69960E-01
    3.14600E+02    7.59507E-01    4.67897E-01
    3.14700E+02    7.64044E-01    4.65779E-01
    3.14800E+02    7.68739E-01    4.63597E-01
    3.14900E+02    7.73602E-01    4.61349E-01
    3.15000E+02    7.78661E-01    4.59020E-01
    3.15100E+02    7.83973E-01    4.56589E-01
    3.15200E+02    7.89473E-01    4.54084E-01
    3.15300E+02    7.95326E-01    4.51434E-01
    3.15400E+02    8.01648E-01    4.48589E-01
    3.15500E+02    8.08713E-01    4.45431E-01
    3.15600E+02    8.17195E-01    4.41669E-01
    3.15700E+02    8.29348E-01    4.36334E-01
    3.15800E+02    8.57412E-01    4.24259E-01
    3.15900E+02    9.13227E-01    4.01227E-01
    3.16000E+02    8.59259E-01    4.23476E-01
    3.16100E+02    8.60400E-01    4.22993E-01
    3.16200E+02    8.76502E-01    4.16236E-01
    3.16300E+02    9.52170E-01    3.85903E-01
    3.16400E+02    9.08940E-01    4.02951E-01
    3.16500E+02    8.89181E-01    4.10992E-01
    3.16600E+02    8.91189E-01    4.10168E-01
    3.16700E+02    9.03708E-01    4.05065E-01
    3.16800E+02    9.01612E-01    4.05915E-01
    3.16900E+02    9.08365E-01    4.03183E-01
    3.17000E+02    9.17045E-01    3.99698E-01
    3.17100E+02    9.28137E-01    3.95290E-01
    3.17200E+02    9.54619E-01    3.84959E-01
    3.17300E+02    9.46606E-01    3.88056E-01
    3.17400E+02    9.54604E-01    3.84965E-01
    3.17500E+02    9.64478E-01    3.81182E-01
    3.17600E+02    9.75222E-01    3.77109E-01
    3.17700E+02    9.86610E-01    3.72839E-01
    3.17800E+02    9.98533E-01    3.68420E-01
    3.17900E+02    1.01099E+00    3.63859E-01
    3.18000E+02    1.02401E+00    3.59151E-01
    3.18100E+02    1.03771E+00    3.54267E-01
    3.18200E+02    1.05190E+00    3.49274E-01
    3.18300E+02    1.06681E+00    3.44106E-01
    3.18400E+02    1.08241E+00    3.38780E-01
    3.18500E+02    1.09880E+00    3.33270E-01
    3.18600E+02    1.11584E+00    3.27639E-01
    3.18700E+02    1.13381E+00    3.21805E-01
    3.18800E+02    1.15267E+00    3.15794E-01
    3.18900E+02    1.17250E+00    3.09593E-01
    3.19000E+02    1.19334E+00    3.03208E-01
    3.19100E+02    1.21529E+00    2.96623E-01
    3.19200E+02    1.23859E+00    2.89792E-01
    3.19300E+02    1.26307E+00    2.82785E-01
    3.19400E+02    1.28915E+00    2.75505E-01
    3.19500E+02    1.31664E+00    2.68034E-01
    3.19600E+02    1.34623E+00    2.60219E-01
    3.19700E+02    1.37856E+00    2.51940E-01
    3.19800E+02    1.41550E+00    2.42804E-01
    3.19900E+02    1.46567E+00    2.30924E-01
    3.20000E+02    1.63755E+00    1.94455E-01
    3.20100E+02    1.53703E+00    2.15020E-01
    3.20200E+02    1.56188E+00    2.09742E-01
    3.20300E+02    1.59917E+00    2.02065E-01
    3.20400E+02    1.64144E+00    1.93701E-01
    3.20500E+02    1.68684E+00    1.85103E-01
    3.20600E+02    1.73504E+00    1.76393E-01
    3.20700E+02    1.78551E+00    1.67711E-01
    3.20800E+02    1.83808E+00    1.59122E-01
    3.20900E+02    1.89235E+00    1.50717E-01
    3.21000E+02    1.94804E+00    1.42553E-01
    3.21100E+02    2.00487E+00    1.34678E-01
    3.21200E+02    2.06240E+00    1.27148E-01
    3.21300E+02    2.12063E+00    1.19956E-01
    3.21400E+02    2.18033E+00    1.13005E-01
    3.21500E+02    2.24231E+00    1.06213E-01
    3.21600E+02    2.30718E+00    9.95420E-02
    3.21700E+02    2.37606E+00    9.29155E-02
    3.21800E+02    2.44977E+00    8.63138E-02
    3.21900E+02    2.52929E+00    7.97160E-02
    3.22000E+02    2.61758E+00    7.29789E-02
    3.22100E+02    2.70835E+00    6.66465E-02
    3.22200E+02    2.80834E+00    6.03049E-02
    3.22300E+02    2.91706E+00    5.40925E-02
    3.22400E+02    3.03533E+00    4.80587E-02
    3.22500E+02    3.16373E+00    4.22677E-02
    3.22600E+02    3.30306E+00    3.67706E-02
    3.22700E+02    3.45452E+00    3.16025E-02
    3.22800E+02    3.61856E+00    2.68212E-02
    3.22900E+02    3.79699E+00    2.24383E-02
    3.23000E+02    3.99077E+00    1.84856E-02
    3.23100E+02    4.20120E+00    1.49776E-02
    3.23200E+02    4.42968E+00    1.19184E-02
    3.23300E+02    4.67751E+00    9.30215E-03
    3.23400E+02    4.94623E+00    7.11020E-03
    3.23500E+02    5.23724E+00    5.31490E-03
    3.23600E+02    5.55192E+00    3.88001E-03
    3.23700E+02    5.89660E+00    2.74878E-03
    3.23800E+02    6.25567E+00    1.91954E-03
    3.23900E+02    6.64568E+00    1.29963E-03
    3.24000E+02    7.06156E+00    8.57439E-04
    3.24100E+02    7.50208E+00    5.51937E-04
    3.24200E+02    7.96570E+00    3.47168E-04
    3.24300E+02    8.44737E+00    2.14464E-04
    3.24400E+02    8.94235E+00    1.30734E-04
    3.24500E+02    9.44197E+00    7.93236E-05
    3.24600E+02    9.93566E+00    4.84170E-05
    3.24700E+02    1.04089E+01    3.01631E-05
    3.24800E+02    1.08437E+01    1.95270E-05
    3.24900E+02    1.12195E+01    1.34099E-05
    3.25000E+02    1.15108E+01    1.00216E-05
    3.25100E+02    1.16886E+01    8.38870E-06
    3.25200E+02    1.17005E+01    8.28946E-06
    3.25300E+02    1.15425E+01    9.70884E-06
    3.25400E+02    1.12690E+01    1.27622E-05
    3.25500E+02    1.09080E+01    1.83114E-05
    3.25600E+02    1.04856E+01    2.79371E-05
    3.25700E+02    1.00217E+01    4.44257E-05
    3.25800E+02    9.53591E+00    7.22117E-05
    3.25900E+02    9.04175E+00    1.18364E-04
    3.26000E+02    8.55077E+00    1.93396E-04
    3.26100E+02    8.07127E+00    3.12388E-04
    3.26200E+02    7.60893E+00    4.96004E-04
    3.26300E+02    7.16858E+00    7.70415E-04
    3.26400E+02    6.75350E+00    1.16678E-03
    3.26500E+02    6.36473E+00    1.72120E-03
    3.26600E+02    5.99909E+00    2.48101E-03
    3.26700E+02    5.66615E+00    3.46115E-03
    3.26800E+02    5.37801E+00    4.61700E-03
    3.26900E+02    5.35384E+00    4.72996E-03
    3.27000E+02    4.81034E+00    8.14507E-03
    3.27100E+02    4.52652E+00    1.08182E-02
    3.27200E+02    4.28276E+00    1.38046E-02
    3.27300E+02    4.06222E+00    1.72108E-02
    3.27400E+02    3.86018E+00    2.10643E-02
    3.27500E+02    3.67434E+00    2.53662E-02
    3.27600E+02    3.50345E+00    3.00932E-02
    3.27700E+02    3.34798E+00    3.51552E-02
    3.27800E+02    3.21348E+00    4.02164E-02
    3.27900E+02    3.07392E+00    4.62396E-02
    3.28000E+02    2.93668E+00    5.30414E-02
    3.28100E+02    2.81660E+00    5.98088E-02
    3.28200E+02    2.70646E+00    6.67725E-02
    3.28300E+02    2.60438E+00    7.39490E-02
    3.28400E+02    2.50945E+00    8.13126E-02
    3.28500E+02    2.42117E+00    8.88178E-02
    3.28600E+02    2.33863E+00    9.64599E-02
    3.28700E+02    2.26156E+00    1.04187E-01
    3.28800E+02    2.18959E+00    1.11963E-01
    3.28900E+02    2.12217E+00    1.19771E-01
    3.29000E+02    2.05905E+00    1.27576E-01
    3.29100E+02    1.99988E+00    1.35352E-01
    3.29200E+02    1.94421E+00    1.43101E-01
    3.29300E+02    1.89203E+00    1.50765E-01
    3.29400E+02    1.84271E+00    1.58388E-01
    3.29500E+02    1.79641E+00    1.65893E-01
    3.29600E+02    1.75291E+00    1.73269E-01
    3.29700E+02    1.71181E+00    1.80539E-01
    3.29800E+02    1.67383E+00    1.87528E-01
    3.29900E+02    1.63612E+00    1.94733E-01
    3.30000E+02    1.60126E+00    2.01643E-01
    3.30100E+02    1.56838E+00    2.08382E-01
    3.30200E+02    1.53728E+00    2.14965E-01
    3.30300E+02    1.50778E+00    2.21400E-01
    3.30400E+02    1.47985E+00    2.27672E-01
    3.30500E+02    1.45328E+00    2.33803E-01
    3.30600E+02    1.42812E+00    2.39760E-01
    3.30700E+02    1.40420E+00    2.45563E-01
    3.30800E+02    1.38141E+00    2.51224E-01
    3.30900E+02    1.35978E+00    2.56717E-01
    3.31000E+02    1.33924E+00    2.62045E-01
    3.31100E+02    1.31963E+00    2.67234E-01
    3.31200E+02    1.30094E+00    2.72277E-01
    3.31300E+02    1.28315E+00    2.77163E-01
    3.31400E+02    1.26620E+00    2.81902E-01
    3.31500E+02    1.25009E+00    2.86479E-01
    3.31600E+02    1.23473E+00    2.90912E-01
    3.31700E+02    1.22018E+00    2.95177E-01
    3.31800E+02    1.20699E+00    2.99096E-01
    3.31900E+02    1.19305E+00    3.03296E-01
    3.32000E+02    1.18050E+00    3.07126E-01
    3.32100E+02    1.16894E+00    3.10695E-01
    3.32200E+02    1.15801E+00    3.14109E-01
    3.32300E+02    1.14842E+00    3.17138E-01
    3.32400E+02    1.14085E+00    3.19548E-01
    3.32500E+02    1.13763E+00    3.20579E-01
    3.32600E+02    1.14870E+00    3.17049E-01
    3.32700E+02    1.31121E+00    2.69494E-01
    3.32800E+02    1.14877E+00    3.17027E-01
    3.32900E+02    1.15408E+00    3.15346E-01
    3.33000E+02    1.09527E+00    3.34448E-01
    3.33100E+02    1.07709E+00    3.40584E-01
    3.33200E+02    1.06515E+00    3.44677E-01
    3.33300E+02    1.05544E+00    3.48041E-01
    3.33400E+02    1.04694E+00    3.51009E-01
    3.33500E+02    1.03910E+00    3.53773E-01
    3.33600E+02    1.03188E+00    3.56337E-01
    3.33700E+02    1.02503E+00    3.58785E-01
    3.33800E+02    1.01861E+00    3.61097E-01
    3.33900E+02    1.01255E+00    3.63292E-01
    3.34000E+02    1.00673E+00    3.65412E-01
    3.34100E+02    1.00095E+00    3.67531E-01
    3.34200E+02    9.95541E-01    3.69523E-01
    3.34300E+02    9.90448E-01    3.71410E-01
    3.34400E+02    9.85495E-01    3.73254E-01
    3.34500E+02    9.80835E-01    3.74998E-01
    3.34600E+02    9.76368E-01    3.76677E-01
    3.34700E+02    9.72152E-01    3.78268E-01
    3.34800E+02    9.68121E-01    3.79796E-01
    3.34900E+02    9.64449E-01    3.81193E-01
    3.35000E+02    9.61284E-01    3.82401E-01
    3.35100E+02    9.59349E-01    3.83142E-01
    3.35200E+02    9.62283E-01    3.82020E-01
    3.35300E+02    9.69925E-01    3.79111E-01
    3.35400E+02    9.50328E-01    3.86614E-01
    3.35500E+02    9.44198E-01    3.88992E-01
    3.35600E+02    9.40064E-01    3.90603E-01
    3.35700E+02    9.36852E-01    3.91860E-01
    3.35800E+02    9.33073E-01    3.93343E-01
    3.35900E+02    9.30349E-01    3.94416E-01
    3.36000E+02    9.26927E-01    3.95768E-01
    3.36100E+02    9.24032E-01    3.96915E-01
    3.36200E+02    9.21690E-01    3.97846E-01
    3.36300E+02    9.18628E-01    3.99066E-01
    3.36400E+02    9.16063E-01    4.00091E-01
    3.36500E+02    9.13612E-01    4.01073E-01
    3.36600E+02    9.11283E-01    4.02008E-01
    3.36700E+02    9.09022E-01    4.02918E-01
    3.36800E+02    9.06870E-01    4.03786E-01
    3.36900E+02    9.04833E-01    4.04609E-01
    3.37000E+02    9.02854E-01    4.05411E-01
    3.37100E+02    9.01102E-01    4.06122E-01
    3.37200E+02    8.99287E-01    4.06859E-01
    3.37300E+02    8.97525E-01    4.07577E-01
    3.37400E+02    8.95870E-01    4.08252E-01
    3.37500E+02    8.94415E-01    4.08847E-01
    3.37600E+02    8.93222E-01    4.09335E-01
    3.37700E+02    8.91528E-01    4.10029E-01
    3.37800E+02    8.89909E-01    4.10693E-01
    3.37900E+02    8.88523E-01    4.11263E-01
    3.38000E+02    8.87239E-01    4.11791E-01
    3.38100E+02    8.86065E-01    4.12275E-01
    3.38200E+02    8.84912E-01    4.12751E-01
    3.38300E+02    8.83918E-01    4.13161E-01
    3.38400E+02    8.82891E-01    4.13586E-01
    3.38500E+02    8.81920E-01    4.13987E-01
    3.38600E+02    8.81165E-01    4.14300E-01
    3.38700E+02    8.81666E-01    4.14092E-01
    3.38800E+02    8.79695E-01    4.14910E-01
    3.38900E+02    8.78603E-01    4.15363E-01
    3.39000E+02    8.77747E-01    4.15718E-01
    3.39100E+02    8.77013E-01    4.16024E-01
    3.39200E+02    8.76355E-01    4.16297E-01
    3.39300E+02    8.75741E-01    4.16553E-01
    3.39400E+02    8.75180E-01    4.16787E-01
    3.39500E+02    8.74659E-01    4.17004E-01
    3.39600E+02    8.74182E-01    4.17203E-01
    3.39700E+02    8.73747E-01    4.17385E-01
    3.39800E+02    8.73365E-01    4.17544E-01
    3.39900E+02    8.73032E-01    4.17683E-01
    3.40000E+02    8.72673E-01    4.17833E-01
    3.40100E+02    8.72380E-01    4.17955E-01
    3.40200E+02    8.72132E-01    4.18059E-01
    3.40300E+02    8.71914E-01    4.18150E-01
    3.40400E+02    8.71740E-01    4.18223E-01
    3.40500E+02    8.71609E-01    4.18278E-01
    3.40600E+02    8.71595E-01    4.18284E-01
    3.40700E+02    8.71824E-01    4.18188E-01
    3.40800E+02    8.71389E-01    4.18370E-01
    3.40900E+02    8.71320E-01    4.18399E-01
    3.41000E+02    8.71311E-01    4.18402E-01
    3.41100E+02    8.71342E-01    4.18390E-01
    3.41200E+02    8.71409E-01    4.18362E-01
    3.41300E+02    8.71506E-01    4.18321E-01
    3.41400E+02    8.71635E-01    4.18267E-01
    3.41500E+02    8.71797E-01    4.18199E-01
    3.41600E+02    8.71988E-01    4.18119E-01
    3.41700E+02    8.72217E-01    4.18024E-01
    3.41800E+02    8.72514E-01    4.17900E-01
    3.41900E+02    8.72996E-01    4.17698E-01
    3.42000E+02    8.73158E-01    4.17630E-01
    3.42100E+02    8.73969E-01    4.17292E-01
    3.42200E+02    8.73867E-01    4.17335E-01
    3.42300E+02    8.74268E-01    4.17167E-01
    3.42400E+02    8.74745E-01    4.16968E-01
    3.42500E+02    8.75323E-01    4.16727E-01
    3.42600E+02    8.75897E-01    4.16488E-01
    3.42700E+02    8.76657E-01    4.16172E-01
    3.42800E+02    8.77657E-01    4.15756E-01
    3.42900E+02    8.79080E-01    4.15165E-01
    3.43000E+02    8.81658E-01    4.14096E-01
    3.43100E+02    8.88506E-01    4.11270E-01
    3.43200E+02    9.16027E-01    4.00105E-01
    3.43300E+02    8.97718E-01    4.07499E-01
    3.43400E+02    8.88004E-01    4.11476E-01
    3.43500E+02    8.98198E-01    4.07303E-01
    3.43600E+02    8.85314E-01    4.12585E-01
    3.43700E+02    8.83539E-01    4.13318E-01
    3.43800E+02    8.83285E-01    4.13423E-01
    3.43900E+02    8.83518E-01    4.13326E-01
    3.44000E+02    8.83914E-01    4.13163E-01
    3.44100E+02    8.84443E-01    4.12944E-01
    3.44200E+02    8.85052E-01    4.12693E-01
    3.44300E+02    8.85716E-01    4.12419E-01
    3.44400E+02    8.86430E-01    4.12125E-01
    3.44500E+02    8.87185E-01    4.11813E-01
    3.44600E+02    8.87999E-01    4.11478E-01
    3.44700E+02    8.88805E-01    4.11147E-01
    3.44800E+02    8.89695E-01    4.10781E-01
    3.44900E+02    8.90566E-01    4.10423E-01
    3.45000E+02    8.91384E-01    4.10088E-01
    3.45100E+02    8.92274E-01    4.09723E-01
    3.45200E+02    8.93201E-01    4.09343E-01
    3.45300E+02    8.94143E-01    4.08958E-01
    3.45400E+02    8.95115E-01    4.08560E-01
    3.45500E+02    8.96104E-01    4.08157E-01
    3.45600E+02    8.97120E-01    4.07742E-01
    3.45700E+02    8.98149E-01    4.07323E-01
    3.45800E+02    8.99199E-01    4.06896E-01
    3.45900E+02    9.00275E-01    4.06458E-01
    3.46000E+02    9.01362E-01    4.06016E-01
    3.46100E+02    9.02478E-01    4.05564E-01
    3.46200E+02    9.03616E-01    4.05102E-01
    3.46300E+02    9.04741E-01    4.04647E-01
    3.46400E+02    9.05935E-01    4.04164E-01
    3.46500E+02    9.07076E-01    4.03703E-01
    3.46600E+02    9.08329E-01    4.03197E-01
    3.46700E+02    9.09528E-01    4.02714E-01
    3.46800E+02    9.10816E-01    4.02196E-01
    3.46900E+02    9.12132E-01    4.01667E-01
    3.47000E+02    9.13345E-01    4.01180E-01
    3.47100E+02    9.14671E-01    4.00648E-01
    3.47200E+02    9.16212E-01    4.00031E-01
    3.47300E+02    9.17380E-01    3.99564E-01
    3.47400E+02    9.18629E-01    3.99066E-01
    3.47500E+02    9.19961E-01    3.98535E-01
    3.47600E+02    9.21372E-01    3.97973E-01
    3.47700E+02    9.22827E-01    3.97394E-01
    3.47800E+02    9.24646E-01    3.96672E-01
    3.47900E+02    9.25708E-01    3.96251E-01
    3.48000E+02    9.27230E-01    3.95648E-01
    3.48100E+02    9.28616E-01    3.95100E-01
    3.48200E+02    9.30110E-01    3.94510E-01
    3.48300E+02    9.31606E-01    3.93921E-01
    3.48400E+02    9.33169E-01    3.93305E-01
    3.48500E+02    9.34755E-01    3.92682E-01
    3.48600E+02    9.36441E-01    3.92021E-01
    3.48700E+02    9.37919E-01    3.91442E-01
    3.48800E+02    9.39578E-01    3.90793E-01
    3.48900E+02    9.41211E-01    3.90155E-01
    3.49000E+02    9.43157E-01    3.89397E-01
    3.49100E+02    9.44573E-01    3.88846E-01
    3.49200E+02    9.46296E-01    3.88176E-01
    3.49300E+02    9.48062E-01    3.87491E-01
    3.49400E+02    9.49939E-01    3.86765E-01
    3.49500E+02    9.52013E-01    3.85963E-01
    3.49600E+02    9.54189E-01    3.85124E-01
    3.49700E+02    9.57726E-01    3.83765E-01
    3.49800E+02    9.59089E-01    3.83242E-01
    3.49900E+02    9.59475E-01    3.83094E-01
