    1.49900E+02    2.46979E-01    7.81157E-01
    1.50000E+02    2.47493E-01    7.80756E-01
    1.50100E+02    2.48007E-01    7.80354E-01
    1.50200E+02    2.48473E-01    7.79991E-01
    1.50300E+02    2.48987E-01    7.79590E-01
    1.50400E+02    2.49485E-01    7.79202E-01
    1.50500E+02    2.49994E-01    7.78805E-01
    1.50600E+02    2.50510E-01    7.78404E-01
    1.50700E+02    2.51039E-01    7.77992E-01
    1.50800E+02    2.51563E-01    7.77585E-01
    1.50900E+02    2.52091E-01    7.77174E-01
    1.51000E+02    2.52620E-01    7.76763E-01
    1.51100E+02    2.53165E-01    7.76340E-01
    1.51200E+02    2.53697E-01    7.75927E-01
    1.51300E+02    2.54242E-01    7.75504E-01
    1.51400E+02    2.54778E-01    7.75088E-01
    1.51500E+02    2.55315E-01    7.74672E-01
    1.51600E+02    2.55862E-01    7.74249E-01
    1.51700E+02    2.56396E-01    7.73836E-01
    1.51800E+02    2.56928E-01    7.73424E-01
    1.51900E+02    2.57473E-01    7.73003E-01
    1.52000E+02    2.58006E-01    7.72590E-01
    1.52100E+02    2.58552E-01    7.72169E-01
    1.52200E+02    2.59086E-01    7.71757E-01
    1.52300E+02    2.59636E-01    7.71332E-01
    1.52400E+02    2.60182E-01    7.70911E-01
    1.52500E+02    2.60744E-01    7.70478E-01
    1.52600E+02    2.61295E-01    7.70054E-01
    1.52700E+02    2.61864E-01    7.69615E-01
    1.52800E+02    2.62430E-01    7.69181E-01
    1.52900E+02    2.63013E-01    7.68732E-01
    1.53000E+02    2.63600E-01    7.68281E-01
    1.53100E+02    2.64201E-01    7.67819E-01
    1.53200E+02    2.64802E-01    7.67358E-01
    1.53300E+02    2.65432E-01    7.66875E-01
    1.53400E+02    2.66087E-01    7.66373E-01
    1.53500E+02    2.66810E-01    7.65818E-01
    1.53600E+02    2.67658E-01    7.65170E-01
    1.53700E+02    2.69311E-01    7.63905E-01
    1.53800E+02    2.69850E-01    7.63494E-01
    1.53900E+02    2.72200E-01    7.61702E-01
    1.54000E+02    2.76549E-01    7.58396E-01
    1.54100E+02    2.75200E-01    7.59420E-01
    1.54200E+02    2.72417E-01    7.61537E-01
    1.54300E+02    2.72187E-01    7.61712E-01
    1.54400E+02    2.72449E-01    7.61512E-01
    1.54500E+02    2.72893E-01    7.61175E-01
    1.54600E+02    2.73429E-01    7.60767E-01
    1.54700E+02    2.74151E-01    7.60218E-01
    1.54800E+02    2.74756E-01    7.59757E-01
    1.54900E+02    2.75367E-01    7.59294E-01
    1.55000E+02    2.76006E-01    7.58808E-01
    1.55100E+02    2.76651E-01    7.58319E-01
    1.55200E+02    2.77307E-01    7.57822E-01
    1.55300E+02    2.77960E-01    7.57327E-01
    1.55400E+02    2.78630E-01    7.56820E-01
    1.55500E+02    2.79311E-01    7.56305E-01
    1.55600E+02    2.79997E-01    7.55786E-01
    1.55700E+02    2.80698E-01    7.55256E-01
    1.55800E+02    2.81405E-01    7.54722E-01
    1.55900E+02    2.82175E-01    7.54142E-01
    1.56000E+02    2.83031E-01    7.53496E-01
    1.56100E+02    2.85344E-01    7.51756E-01
    1.56200E+02    2.84497E-01    7.52393E-01
    1.56300E+02    2.85014E-01    7.52004E-01
    1.56400E+02    2.85706E-01    7.51483E-01
    1.56500E+02    2.86523E-01    7.50870E-01
    1.56600E+02    2.87131E-01    7.50413E-01
    1.56700E+02    2.87856E-01    7.49870E-01
    1.56800E+02    2.88588E-01    7.49321E-01
    1.56900E+02    2.89328E-01    7.48767E-01
    1.57000E+02    2.90104E-01    7.48185E-01
    1.57100E+02    2.90861E-01    7.47619E-01
    1.57200E+02    2.91650E-01    7.47030E-01
    1.57300E+02    2.92499E-01    7.46396E-01
    1.57400E+02    2.93199E-01    7.45874E-01
    1.57500E+02    2.93973E-01    7.45297E-01
    1.57600E+02    2.94767E-01    7.44705E-01
    1.57700E+02    2.95572E-01    7.44106E-01
    1.57800E+02    2.96379E-01    7.43505E-01
    1.57900E+02    2.97196E-01    7.42898E-01
    1.58000E+02    2.98025E-01    7.42283E-01
    1.58100E+02    2.98864E-01    7.41660E-01
    1.58200E+02    2.99696E-01    7.41043E-01
    1.58300E+02    3.00552E-01    7.40410E-01
    1.58400E+02    3.01414E-01    7.39772E-01
    1.58500E+02    3.02365E-01    7.39068E-01
    1.58600E+02    3.03203E-01    7.38449E-01
    1.58700E+02    3.04006E-01    7.37856E-01
    1.58800E+02    3.04888E-01    7.37206E-01
    1.58900E+02    3.05773E-01    7.36554E-01
    1.59000E+02    3.06663E-01    7.35899E-01
    1.59100E+02    3.07582E-01    7.35222E-01
    1.59200E+02    3.08504E-01    7.34545E-01
    1.59300E+02    3.09417E-01    7.33875E-01
    1.59400E+02    3.10347E-01    7.33192E-01
    1.59500E+02    3.11302E-01    7.32493E-01
    1.59600E+02    3.12236E-01    7.31809E-01
    1.59700E+02    3.13174E-01    7.31122E-01
    1.59800E+02    3.14155E-01    7.30406E-01
    1.59900E+02    3.15140E-01    7.29687E-01
    1.60000E+02    3.16119E-01    7.28973E-01
    1.60100E+02    3.17111E-01    7.28250E-01
    1.60200E+02    3.18113E-01    7.27521E-01
    1.60300E+02    3.19109E-01    7.26796E-01
    1.60400E+02    3.20153E-01    7.26038E-01
    1.60500E+02    3.21178E-01    7.25294E-01
    1.60600E+02    3.22214E-01    7.24543E-01
    1.60700E+02    3.23275E-01    7.23775E-01
    1.60800E+02    3.24328E-01    7.23013E-01
    1.60900E+02    3.25400E-01    7.22239E-01
    1.61000E+02    3.26494E-01    7.21449E-01
    1.61100E+02    3.27599E-01    7.20652E-01
    1.61200E+02    3.28716E-01    7.19848E-01
    1.61300E+02    3.29839E-01    7.19039E-01
    1.61400E+02    3.30961E-01    7.18233E-01
    1.61500E+02    3.32104E-01    7.17413E-01
    1.61600E+02    3.33258E-01    7.16586E-01
    1.61700E+02    3.34442E-01    7.15737E-01
    1.61800E+02    3.35618E-01    7.14896E-01
    1.61900E+02    3.36824E-01    7.14034E-01
    1.62000E+02    3.38030E-01    7.13174E-01
    1.62100E+02    3.39256E-01    7.12300E-01
    1.62200E+02    3.40494E-01    7.11419E-01
    1.62300E+02    3.41758E-01    7.10520E-01
    1.62400E+02    3.43011E-01    7.09631E-01
    1.62500E+02    3.44298E-01    7.08718E-01
    1.62600E+02    3.45598E-01    7.07797E-01
    1.62700E+02    3.46908E-01    7.06870E-01
    1.62800E+02    3.48240E-01    7.05930E-01
    1.62900E+02    3.49583E-01    7.04982E-01
    1.63000E+02    3.50959E-01    7.04013E-01
    1.63100E+02    3.52351E-01    7.03033E-01
    1.63200E+02    3.53780E-01    7.02029E-01
    1.63300E+02    3.55221E-01    7.01019E-01
    1.63400E+02    3.56607E-01    7.00048E-01
    1.63500E+02    3.58051E-01    6.99037E-01
    1.63600E+02    3.59527E-01    6.98006E-01
    1.63700E+02    3.61022E-01    6.96964E-01
    1.63800E+02    3.62546E-01    6.95902E-01
    1.63900E+02    3.64098E-01    6.94823E-01
    1.64000E+02    3.65683E-01    6.93723E-01
    1.64100E+02    3.67281E-01    6.92615E-01
    1.64200E+02    3.68933E-01    6.91472E-01
    1.64300E+02    3.70632E-01    6.90298E-01
    1.64400E+02    3.72394E-01    6.89082E-01
    1.64500E+02    3.74253E-01    6.87803E-01
    1.64600E+02    3.76284E-01    6.86407E-01
    1.64700E+02    3.78715E-01    6.84741E-01
    1.64800E+02    3.82204E-01    6.82356E-01
    1.64900E+02    3.90450E-01    6.76752E-01
    1.65000E+02    3.92796E-01    6.75166E-01
    1.65100E+02    3.87739E-01    6.78589E-01
    1.65200E+02    3.88214E-01    6.78267E-01
    1.65300E+02    3.89851E-01    6.77158E-01
    1.65400E+02    3.92110E-01    6.75629E-01
    1.65500E+02    3.95208E-01    6.73540E-01
    1.65600E+02    4.00246E-01    6.70155E-01
    1.65700E+02    4.13083E-01    6.61607E-01
    1.65800E+02    4.57246E-01    6.33025E-01
    1.65900E+02    4.11704E-01    6.62520E-01
    1.66000E+02    4.06626E-01    6.65893E-01
    1.66100E+02    4.06263E-01    6.66135E-01
    1.66200E+02    4.07504E-01    6.65309E-01
    1.66300E+02    4.08694E-01    6.64518E-01
    1.66400E+02    4.10413E-01    6.63376E-01
    1.66500E+02    4.12355E-01    6.62089E-01
    1.66600E+02    4.14549E-01    6.60638E-01
    1.66700E+02    4.16507E-01    6.59346E-01
    1.66800E+02    4.18680E-01    6.57915E-01
    1.66900E+02    4.20936E-01    6.56432E-01
    1.67000E+02    4.23253E-01    6.54913E-01
    1.67100E+02    4.25655E-01    6.53342E-01
    1.67200E+02    4.28126E-01    6.51729E-01
    1.67300E+02    4.30710E-01    6.50048E-01
    1.67400E+02    4.33523E-01    6.48221E-01
    1.67500E+02    4.37234E-01    6.45820E-01
    1.67600E+02    4.41955E-01    6.42778E-01
    1.67700E+02    4.41603E-01    6.43005E-01
    1.67800E+02    4.43740E-01    6.41632E-01
    1.67900E+02    4.46274E-01    6.40008E-01
    1.68000E+02    4.48971E-01    6.38284E-01
    1.68100E+02    4.51755E-01    6.36510E-01
    1.68200E+02    4.54598E-01    6.34703E-01
    1.68300E+02    4.57517E-01    6.32853E-01
    1.68400E+02    4.60502E-01    6.30967E-01
    1.68500E+02    4.63545E-01    6.29050E-01
    1.68600E+02    4.66654E-01    6.27097E-01
    1.68700E+02    4.69833E-01    6.25107E-01
    1.68800E+02    4.73089E-01    6.23075E-01
    1.68900E+02    4.76558E-01    6.20917E-01
    1.69000E+02    4.80179E-01    6.18673E-01
    1.69100E+02    4.83202E-01    6.16805E-01
    1.69200E+02    4.86601E-01    6.14712E-01
    1.69300E+02    4.90132E-01    6.12545E-01
    1.69400E+02    4.93741E-01    6.10339E-01
    1.69500E+02    4.97433E-01    6.08090E-01
    1.69600E+02    5.01217E-01    6.05793E-01
    1.69700E+02    5.05072E-01    6.03462E-01
    1.69800E+02    5.09039E-01    6.01073E-01
    1.69900E+02    5.13075E-01    5.98652E-01
    1.70000E+02    5.17232E-01    5.96168E-01
    1.70100E+02    5.21282E-01    5.93759E-01
    1.70200E+02    5.25550E-01    5.91230E-01
    1.70300E+02    5.30025E-01    5.88590E-01
    1.70400E+02    5.34352E-01    5.86049E-01
    1.70500E+02    5.38908E-01    5.83385E-01
    1.70600E+02    5.43551E-01    5.80683E-01
    1.70700E+02    5.48318E-01    5.77921E-01
    1.70800E+02    5.53184E-01    5.75116E-01
    1.70900E+02    5.58177E-01    5.72251E-01
    1.71000E+02    5.63285E-01    5.69335E-01
    1.71100E+02    5.68521E-01    5.66363E-01
    1.71200E+02    5.73889E-01    5.63330E-01
    1.71300E+02    5.79455E-01    5.60204E-01
    1.71400E+02    5.85994E-01    5.56553E-01
    1.71500E+02    5.90791E-01    5.53889E-01
    1.71600E+02    5.96488E-01    5.50742E-01
    1.71700E+02    6.02425E-01    5.47482E-01
    1.71800E+02    6.08550E-01    5.44139E-01
    1.71900E+02    6.14846E-01    5.40724E-01
    1.72000E+02    6.21296E-01    5.37247E-01
    1.72100E+02    6.27908E-01    5.33707E-01
    1.72200E+02    6.34703E-01    5.30093E-01
    1.72300E+02    6.41659E-01    5.26418E-01
    1.72400E+02    6.48807E-01    5.22669E-01
    1.72500E+02    6.56146E-01    5.18847E-01
    1.72600E+02    6.63678E-01    5.14954E-01
    1.72700E+02    6.71425E-01    5.10980E-01
    1.72800E+02    6.79400E-01    5.06921E-01
    1.72900E+02    6.87550E-01    5.02806E-01
    1.73000E+02    6.95962E-01    4.98595E-01
    1.73100E+02    7.04629E-01    4.94292E-01
    1.73200E+02    7.13589E-01    4.89883E-01
    1.73300E+02    7.23009E-01    4.85290E-01
    1.73400E+02    7.33039E-01    4.80447E-01
    1.73500E+02    7.45635E-01    4.74433E-01
    1.73600E+02    7.52264E-01    4.71298E-01
    1.73700E+02    7.62000E-01    4.66732E-01
    1.73800E+02    7.72369E-01    4.61917E-01
    1.73900E+02    7.83150E-01    4.56965E-01
    1.74000E+02    7.94301E-01    4.51897E-01
    1.74100E+02    8.05799E-01    4.46731E-01
    1.74200E+02    8.17693E-01    4.41449E-01
    1.74300E+02    8.29954E-01    4.36069E-01
    1.74400E+02    8.42620E-01    4.30581E-01
    1.74500E+02    8.55726E-01    4.24975E-01
    1.74600E+02    8.69248E-01    4.19267E-01
    1.74700E+02    8.83218E-01    4.13450E-01
    1.74800E+02    8.97719E-01    4.07498E-01
    1.74900E+02    9.12774E-01    4.01409E-01
    1.75000E+02    9.28518E-01    3.95139E-01
    1.75100E+02    9.45542E-01    3.88469E-01
    1.75200E+02    9.66788E-01    3.80303E-01
    1.75300E+02    9.79840E-01    3.75371E-01
    1.75400E+02    1.00076E+00    3.67600E-01
    1.75500E+02    1.01813E+00    3.61269E-01
    1.75600E+02    1.03378E+00    3.55662E-01
    1.75700E+02    1.05266E+00    3.49008E-01
    1.75800E+02    1.07275E+00    3.42065E-01
    1.75900E+02    1.09380E+00    3.34940E-01
    1.76000E+02    1.11572E+00    3.27679E-01
    1.76100E+02    1.13854E+00    3.20287E-01
    1.76200E+02    1.16230E+00    3.12767E-01
    1.76300E+02    1.18701E+00    3.05131E-01
    1.76400E+02    1.21291E+00    2.97330E-01
    1.76500E+02    1.23948E+00    2.89535E-01
    1.76600E+02    1.26737E+00    2.81573E-01
    1.76700E+02    1.29637E+00    2.73522E-01
    1.76800E+02    1.32669E+00    2.65353E-01
    1.76900E+02    1.35832E+00    2.57092E-01
    1.77000E+02    1.39134E+00    2.48741E-01
    1.77100E+02    1.42584E+00    2.40306E-01
    1.77200E+02    1.46185E+00    2.31806E-01
    1.77300E+02    1.49947E+00    2.23249E-01
    1.77400E+02    1.53889E+00    2.14620E-01
    1.77500E+02    1.58009E+00    2.05956E-01
    1.77600E+02    1.62331E+00    1.97245E-01
    1.77700E+02    1.66862E+00    1.88507E-01
    1.77800E+02    1.71613E+00    1.79760E-01
    1.77900E+02    1.76595E+00    1.71025E-01
    1.78000E+02    1.81835E+00    1.62294E-01
    1.78100E+02    1.87345E+00    1.53594E-01
    1.78200E+02    1.93135E+00    1.44953E-01
    1.78300E+02    1.99225E+00    1.36388E-01
    1.78400E+02    2.05647E+00    1.27905E-01
    1.78500E+02    2.12424E+00    1.19524E-01
    1.78600E+02    2.19584E+00    1.11265E-01
    1.78700E+02    2.27102E+00    1.03207E-01
    1.78800E+02    2.35061E+00    9.53110E-02
    1.78900E+02    2.43486E+00    8.76099E-02
    1.79000E+02    2.52403E+00    8.01360E-02
    1.79100E+02    2.61849E+00    7.29129E-02
    1.79200E+02    2.71865E+00    6.59640E-02
    1.79300E+02    2.82501E+00    5.93083E-02
    1.79400E+02    2.93785E+00    5.29794E-02
    1.79500E+02    3.05799E+00    4.69819E-02
    1.79600E+02    3.18574E+00    4.13477E-02
    1.79700E+02    3.32187E+00    3.60852E-02
    1.79800E+02    3.46692E+00    3.12130E-02
    1.79900E+02    3.62182E+00    2.67341E-02
    1.80000E+02    3.78832E+00    2.26335E-02
    1.80100E+02    3.96400E+00    1.89869E-02
    1.80200E+02    4.15308E+00    1.57159E-02
    1.80300E+02    4.35562E+00    1.28345E-02
    1.80400E+02    4.57276E+00    1.03295E-02
    1.80500E+02    4.80568E+00    8.18310E-03
    1.80600E+02    5.05579E+00    6.37231E-03
    1.80700E+02    5.32449E+00    4.87083E-03
    1.80800E+02    5.61327E+00    3.64911E-03
    1.80900E+02    5.92393E+00    2.67467E-03
    1.81000E+02    6.25821E+00    1.91467E-03
    1.81100E+02    6.61799E+00    1.33611E-03
    1.81200E+02    7.00535E+00    9.07018E-04
    1.81300E+02    7.42219E+00    5.97836E-04
    1.81400E+02    7.87083E+00    3.81716E-04
    1.81500E+02    8.35321E+00    2.35638E-04
    1.81600E+02    8.87135E+00    1.40352E-04
    1.81700E+02    9.42718E+00    8.05062E-05
    1.81800E+02    1.00224E+01    4.43960E-05
    1.81900E+02    1.06575E+01    2.35236E-05
    1.82000E+02    1.13341E+01    1.19577E-05
    1.82100E+02    1.20508E+01    5.83975E-06
    1.82200E+02    1.28078E+01    2.73930E-06
    1.82300E+02    1.35988E+01    1.24203E-06
    1.82400E+02    1.44202E+01    5.46250E-07
    1.82500E+02    1.52636E+01    2.35027E-07
    1.82600E+02    1.61190E+01    9.99113E-08
    1.82700E+02    1.69704E+01    4.26424E-08
    1.82800E+02    1.77989E+01    1.86228E-08
    1.82900E+02    1.85804E+01    8.52394E-09
    1.83000E+02    1.92840E+01    4.21765E-09
    1.83100E+02    1.98747E+01    2.33627E-09
    1.83200E+02    2.03096E+01    1.51235E-09
    1.83300E+02    2.05237E+01    1.22085E-09
    1.83400E+02    2.04132E+01    1.36354E-09
    1.83500E+02    2.00599E+01    1.94127E-09
    1.83600E+02    1.95369E+01    3.27526E-09
    1.83700E+02    1.88890E+01    6.26044E-09
    1.83800E+02    1.81545E+01    1.30500E-08
    1.83900E+02    1.73630E+01    2.87976E-08
    1.84000E+02    1.65398E+01    6.55955E-08
    1.84100E+02    1.57062E+01    1.50964E-07
    1.84200E+02    1.48806E+01    3.44704E-07
    1.84300E+02    1.40801E+01    7.67528E-07
    1.84400E+02    1.33220E+01    1.63799E-06
    1.84500E+02    1.25327E+01    3.60685E-06
    1.84600E+02    1.18097E+01    7.43213E-06
    1.84700E+02    1.11323E+01    1.46324E-05
    1.84800E+02    1.04909E+01    2.77883E-05
    1.84900E+02    9.88391E+00    5.09887E-05
    1.85000E+02    9.31949E+00    8.96596E-05
    1.85100E+02    8.79280E+00    1.51822E-04
    1.85200E+02    8.30173E+00    2.48086E-04
    1.85300E+02    7.84446E+00    3.91916E-04
    1.85400E+02    7.41868E+00    5.99940E-04
    1.85500E+02    7.02314E+00    8.91021E-04
    1.85600E+02    6.65486E+00    1.28775E-03
    1.85700E+02    6.31117E+00    1.81592E-03
    1.85800E+02    5.99195E+00    2.49878E-03
    1.85900E+02    5.69491E+00    3.36304E-03
    1.86000E+02    5.41820E+00    4.43512E-03
    1.86100E+02    5.16050E+00    5.73883E-03
    1.86200E+02    4.92009E+00    7.29850E-03
    1.86300E+02    4.69587E+00    9.13293E-03
    1.86400E+02    4.48645E+00    1.12605E-02
    1.86500E+02    4.29072E+00    1.36950E-02
    1.86600E+02    4.10754E+00    1.64481E-02
    1.86700E+02    3.93608E+00    1.95246E-02
    1.86800E+02    3.77553E+00    2.29250E-02
    1.86900E+02    3.62487E+00    2.66525E-02
    1.87000E+02    3.48344E+00    3.07015E-02
    1.87100E+02    3.35090E+00    3.50527E-02
    1.87200E+02    3.22590E+00    3.97198E-02
    1.87300E+02    3.10804E+00    4.46883E-02
    1.87400E+02    2.99719E+00    4.99271E-02
    1.87500E+02    2.89267E+00    5.54280E-02
    1.87600E+02    2.79410E+00    6.11699E-02
    1.87700E+02    2.70097E+00    6.71402E-02
    1.87800E+02    2.61302E+00    7.33128E-02
    1.87900E+02    2.53009E+00    7.96522E-02
    1.88000E+02    2.45081E+00    8.62239E-02
    1.88100E+02    2.37601E+00    9.29206E-02
    1.88200E+02    2.30515E+00    9.97439E-02
    1.88300E+02    2.23791E+00    1.06681E-01
    1.88400E+02    2.17406E+00    1.13715E-01
    1.88500E+02    2.11331E+00    1.20838E-01
    1.88600E+02    2.05556E+00    1.28020E-01
    1.88700E+02    2.00062E+00    1.35252E-01
    1.88800E+02    1.94840E+00    1.42502E-01
    1.88900E+02    1.89870E+00    1.49764E-01
    1.89000E+02    1.85092E+00    1.57092E-01
    1.89100E+02    1.80554E+00    1.64385E-01
    1.89200E+02    1.76217E+00    1.71672E-01
    1.89300E+02    1.72084E+00    1.78916E-01
    1.89400E+02    1.68116E+00    1.86158E-01
    1.89500E+02    1.64331E+00    1.93339E-01
    1.89600E+02    1.60715E+00    2.00457E-01
    1.89700E+02    1.57242E+00    2.07542E-01
    1.89800E+02    1.53916E+00    2.14561E-01
    1.89900E+02    1.50732E+00    2.21504E-01
    1.90000E+02    1.47677E+00    2.28375E-01
    1.90100E+02    1.44743E+00    2.35173E-01
    1.90200E+02    1.41929E+00    2.41885E-01
    1.90300E+02    1.39237E+00    2.48486E-01
    1.90400E+02    1.36637E+00    2.55031E-01
    1.90500E+02    1.34155E+00    2.61440E-01
    1.90600E+02    1.31779E+00    2.67725E-01
    1.90700E+02    1.29441E+00    2.74059E-01
    1.90800E+02    1.27215E+00    2.80229E-01
    1.90900E+02    1.25069E+00    2.86307E-01
    1.91000E+02    1.23007E+00    2.92272E-01
    1.91100E+02    1.21022E+00    2.98131E-01
    1.91200E+02    1.19109E+00    3.03891E-01
    1.91300E+02    1.17263E+00    3.09551E-01
    1.91400E+02    1.15486E+00    3.15101E-01
    1.91500E+02    1.13771E+00    3.20553E-01
    1.91600E+02    1.12116E+00    3.25901E-01
    1.91700E+02    1.10521E+00    3.31142E-01
    1.91800E+02    1.08991E+00    3.36246E-01
    1.91900E+02    1.07491E+00    3.41327E-01
    1.92000E+02    1.06052E+00    3.46276E-01
    1.92100E+02    1.04664E+00    3.51116E-01
    1.92200E+02    1.03327E+00    3.55841E-01
    1.92300E+02    1.02035E+00    3.60470E-01
    1.92400E+02    1.00781E+00    3.65017E-01
    1.92500E+02    9.95739E-01    3.69450E-01
    1.92600E+02    9.84102E-01    3.73775E-01
    1.92700E+02    9.72893E-01    3.77988E-01
    1.92800E+02    9.62042E-01    3.82112E-01
    1.92900E+02    9.51627E-01    3.86112E-01
    1.93000E+02    9.41645E-01    3.89986E-01
    1.93100E+02    9.32233E-01    3.93674E-01
    1.93200E+02    9.23687E-01    3.97052E-01
    1.93300E+02    9.18850E-01    3.98978E-01
    1.93400E+02    9.10198E-01    4.02445E-01
    1.93500E+02    8.97010E-01    4.07787E-01
    1.93600E+02    8.87596E-01    4.11644E-01
    1.93700E+02    8.79033E-01    4.15184E-01
    1.93800E+02    8.70860E-01    4.18592E-01
    1.93900E+02    8.62915E-01    4.21930E-01
    1.94000E+02    8.55100E-01    4.25241E-01
    1.94100E+02    8.47329E-01    4.28558E-01
    1.94200E+02    8.39672E-01    4.31852E-01
    1.94300E+02    8.32146E-01    4.35115E-01
    1.94400E+02    8.24758E-01    4.38341E-01
    1.94500E+02    8.17568E-01    4.41504E-01
    1.94600E+02    8.10590E-01    4.44596E-01
    1.94700E+02    8.03837E-01    4.47608E-01
    1.94800E+02    7.97349E-01    4.50522E-01
    1.94900E+02    7.91193E-01    4.53304E-01
    1.95000E+02    7.85506E-01    4.55889E-01
    1.95100E+02    7.80567E-01    4.58146E-01
    1.95200E+02    7.77217E-01    4.59684E-01
    1.95300E+02    7.78648E-01    4.59026E-01
    1.95400E+02    8.11812E-01    4.44053E-01
    1.95500E+02    7.81612E-01    4.57668E-01
    1.95600E+02    7.60515E-01    4.67426E-01
    1.95700E+02    7.60448E-01    4.67457E-01
    1.95800E+02    7.45370E-01    4.74559E-01
    1.95900E+02    7.36462E-01    4.78805E-01
    1.96000E+02    7.30195E-01    4.81815E-01
    1.96100E+02    7.24756E-01    4.84443E-01
    1.96200E+02    7.19745E-01    4.86876E-01
    1.96300E+02    7.15006E-01    4.89189E-01
    1.96400E+02    7.10496E-01    4.91401E-01
    1.96500E+02    7.06079E-01    4.93576E-01
    1.96600E+02    7.01838E-01    4.95673E-01
    1.96700E+02    6.97748E-01    4.97705E-01
    1.96800E+02    6.93772E-01    4.99688E-01
    1.96900E+02    6.89921E-01    5.01615E-01
    1.97000E+02    6.86161E-01    5.03505E-01
    1.97100E+02    6.82520E-01    5.05342E-01
    1.97200E+02    6.78969E-01    5.07140E-01
    1.97300E+02    6.75502E-01    5.08901E-01
    1.97400E+02    6.72161E-01    5.10604E-01
    1.97500E+02    6.68953E-01    5.12245E-01
    1.97600E+02    6.65799E-01    5.13863E-01
    1.97700E+02    6.62626E-01    5.15496E-01
    1.97800E+02    6.59565E-01    5.17076E-01
    1.97900E+02    6.56623E-01    5.18600E-01
    1.98000E+02    6.53985E-01    5.19970E-01
    1.98100E+02    6.50941E-01    5.21555E-01
    1.98200E+02    6.48205E-01    5.22984E-01
    1.98300E+02    6.45540E-01    5.24379E-01
    1.98400E+02    6.42961E-01    5.25733E-01
    1.98500E+02    6.40446E-01    5.27057E-01
    1.98600E+02    6.38018E-01    5.28339E-01
    1.98700E+02    6.35644E-01    5.29594E-01
    1.98800E+02    6.33362E-01    5.30804E-01
    1.98900E+02    6.31152E-01    5.31978E-01
    1.99000E+02    6.29068E-01    5.33089E-01
    1.99100E+02    6.27139E-01    5.34118E-01
    1.99200E+02    6.25956E-01    5.34750E-01
    1.99300E+02    6.24717E-01    5.35413E-01
    1.99400E+02    6.26748E-01    5.34327E-01
    1.99500E+02    6.20019E-01    5.37934E-01
    1.99600E+02    6.17549E-01    5.39265E-01
    1.99700E+02    6.15544E-01    5.40347E-01
    1.99800E+02    6.13753E-01    5.41315E-01
    1.99900E+02    6.12075E-01    5.42224E-01
    2.00000E+02    6.10491E-01    5.43084E-01
    2.00100E+02    6.08977E-01    5.43907E-01
    2.00200E+02    6.07543E-01    5.44687E-01
    2.00300E+02    6.06189E-01    5.45426E-01
    2.00400E+02    6.04903E-01    5.46127E-01
    2.00500E+02    6.03699E-01    5.46785E-01
    2.00600E+02    6.02579E-01    5.47398E-01
    2.00700E+02    6.01538E-01    5.47968E-01
    2.00800E+02    6.00592E-01    5.48487E-01
    2.00900E+02    5.99725E-01    5.48962E-01
    2.01000E+02    5.98970E-01    5.49377E-01
    2.01100E+02    5.98306E-01    5.49742E-01
    2.01200E+02    5.97751E-01    5.50047E-01
    2.01300E+02    5.97317E-01    5.50286E-01
    2.01400E+02    5.97044E-01    5.50437E-01
    2.01500E+02    5.96886E-01    5.50523E-01
    2.01600E+02    5.96782E-01    5.50580E-01
    2.01700E+02    5.96886E-01    5.50523E-01
    2.01800E+02    5.97162E-01    5.50372E-01
    2.01900E+02    5.97616E-01    5.50122E-01
    2.02000E+02    5.98249E-01    5.49774E-01
    2.02100E+02    5.99079E-01    5.49317E-01
    2.02200E+02    6.00104E-01    5.48754E-01
    2.02300E+02    6.01334E-01    5.48080E-01
    2.02400E+02    6.02772E-01    5.47293E-01
    2.02500E+02    6.04394E-01    5.46405E-01
    2.02600E+02    6.06210E-01    5.45414E-01
    2.02700E+02    6.08163E-01    5.44350E-01
    2.02800E+02    6.10211E-01    5.43236E-01
    2.02900E+02    6.12283E-01    5.42112E-01
    2.03000E+02    6.14264E-01    5.41039E-01
    2.03100E+02    6.16045E-01    5.40076E-01
    2.03200E+02    6.17455E-01    5.39315E-01
    2.03300E+02    6.18332E-01    5.38842E-01
    2.03400E+02    6.18679E-01    5.38655E-01
    2.03500E+02    6.17318E-01    5.39389E-01
    2.03600E+02    6.14410E-01    5.40960E-01
    2.03700E+02    6.11287E-01    5.42652E-01
    2.03800E+02    6.07796E-01    5.44550E-01
    2.03900E+02    6.04078E-01    5.46578E-01
    2.04000E+02    6.00271E-01    5.48663E-01
    2.04100E+02    5.96368E-01    5.50809E-01
    2.04200E+02    5.92577E-01    5.52901E-01
    2.04300E+02    5.88918E-01    5.54928E-01
    2.04400E+02    5.85421E-01    5.56871E-01
    2.04500E+02    5.82099E-01    5.58724E-01
    2.04600E+02    5.78973E-01    5.60474E-01
    2.04700E+02    5.76033E-01    5.62124E-01
    2.04800E+02    5.73291E-01    5.63668E-01
    2.04900E+02    5.70747E-01    5.65103E-01
    2.05000E+02    5.68345E-01    5.66462E-01
    2.05100E+02    5.66145E-01    5.67710E-01
    2.05200E+02    5.64264E-01    5.68779E-01
    2.05300E+02    5.62141E-01    5.69987E-01
    2.05400E+02    5.60317E-01    5.71028E-01
    2.05500E+02    5.58676E-01    5.71966E-01
    2.05600E+02    5.57119E-01    5.72857E-01
    2.05700E+02    5.55664E-01    5.73691E-01
    2.05800E+02    5.54381E-01    5.74428E-01
    2.05900E+02    5.53335E-01    5.75029E-01
    2.06000E+02    5.52839E-01    5.75314E-01
    2.06100E+02    5.55859E-01    5.73579E-01
    2.06200E+02    5.52148E-01    5.75712E-01
    2.06300E+02    5.49186E-01    5.77420E-01
    2.06400E+02    5.47718E-01    5.78268E-01
    2.06500E+02    5.46948E-01    5.78713E-01
    2.06600E+02    5.45595E-01    5.79497E-01
    2.06700E+02    5.44673E-01    5.80031E-01
    2.06800E+02    5.43826E-01    5.80523E-01
    2.06900E+02    5.43053E-01    5.80972E-01
    2.07000E+02    5.42306E-01    5.81406E-01
    2.07100E+02    5.41609E-01    5.81811E-01
    2.07200E+02    5.40951E-01    5.82195E-01
    2.07300E+02    5.40333E-01    5.82554E-01
    2.07400E+02    5.39781E-01    5.82876E-01
    2.07500E+02    5.39452E-01    5.83068E-01
    2.07600E+02    5.38643E-01    5.83540E-01
    2.07700E+02    5.38126E-01    5.83841E-01
    2.07800E+02    5.37656E-01    5.84116E-01
    2.07900E+02    5.37256E-01    5.84350E-01
    2.08000E+02    5.36933E-01    5.84538E-01
    2.08100E+02    5.36721E-01    5.84662E-01
    2.08200E+02    5.36678E-01    5.84687E-01
    2.08300E+02    5.36987E-01    5.84507E-01
    2.08400E+02    5.38104E-01    5.83854E-01
    2.08500E+02    5.41726E-01    5.81743E-01
    2.08600E+02    5.59886E-01    5.71274E-01
    2.08700E+02    5.53720E-01    5.74808E-01
    2.08800E+02    5.39648E-01    5.82954E-01
    2.08900E+02    5.35884E-01    5.85152E-01
    2.09000E+02    5.34187E-01    5.86146E-01
    2.09100E+02    5.33175E-01    5.86739E-01
    2.09200E+02    5.32477E-01    5.87149E-01
    2.09300E+02    5.31949E-01    5.87459E-01
    2.09400E+02    5.31557E-01    5.87689E-01
    2.09500E+02    5.31530E-01    5.87705E-01
    2.09600E+02    5.30927E-01    5.88060E-01
    2.09700E+02    5.30508E-01    5.88306E-01
    2.09800E+02    5.30220E-01    5.88475E-01
    2.09900E+02    5.29973E-01    5.88621E-01
    2.10000E+02    5.29806E-01    5.88719E-01
    2.10100E+02    5.29724E-01    5.88767E-01
    2.10200E+02    5.30358E-01    5.88394E-01
    2.10300E+02    5.29919E-01    5.88653E-01
    2.10400E+02    5.31971E-01    5.87446E-01
    2.10500E+02    5.30471E-01    5.88328E-01
    2.10600E+02    5.30556E-01    5.88278E-01
    2.10700E+02    5.33089E-01    5.86790E-01
    2.10800E+02    5.52814E-01    5.75328E-01
    2.10900E+02    5.32366E-01    5.87214E-01
    2.11000E+02    5.29557E-01    5.88866E-01
    2.11100E+02    5.28570E-01    5.89447E-01
    2.11200E+02    5.28054E-01    5.89752E-01
    2.11300E+02    5.27707E-01    5.89956E-01
    2.11400E+02    5.27471E-01    5.90096E-01
    2.11500E+02    5.27292E-01    5.90201E-01
    2.11600E+02    5.27142E-01    5.90290E-01
    2.11700E+02    5.27011E-01    5.90367E-01
    2.11800E+02    5.26902E-01    5.90431E-01
    2.11900E+02    5.26793E-01    5.90496E-01
    2.12000E+02    5.26711E-01    5.90544E-01
    2.12100E+02    5.26649E-01    5.90581E-01
    2.12200E+02    5.26583E-01    5.90619E-01
    2.12300E+02    5.26525E-01    5.90654E-01
    2.12400E+02    5.26481E-01    5.90680E-01
    2.12500E+02    5.26452E-01    5.90697E-01
    2.12600E+02    5.26426E-01    5.90712E-01
    2.12700E+02    5.26423E-01    5.90714E-01
    2.12800E+02    5.26424E-01    5.90713E-01
    2.12900E+02    5.26438E-01    5.90705E-01
    2.13000E+02    5.26385E-01    5.90737E-01
    2.13100E+02    5.26377E-01    5.90741E-01
    2.13200E+02    5.26381E-01    5.90739E-01
    2.13300E+02    5.26401E-01    5.90727E-01
    2.13400E+02    5.26432E-01    5.90709E-01
    2.13500E+02    5.26467E-01    5.90688E-01
    2.13600E+02    5.26509E-01    5.90663E-01
    2.13700E+02    5.26556E-01    5.90635E-01
    2.13800E+02    5.26642E-01    5.90585E-01
    2.13900E+02    5.26716E-01    5.90541E-01
    2.14000E+02    5.26813E-01    5.90484E-01
    2.14100E+02    5.26930E-01    5.90415E-01
    2.14200E+02    5.27081E-01    5.90326E-01
    2.14300E+02    5.27273E-01    5.90213E-01
    2.14400E+02    5.27532E-01    5.90059E-01
    2.14500E+02    5.27930E-01    5.89824E-01
    2.14600E+02    5.28559E-01    5.89454E-01
    2.14700E+02    5.29756E-01    5.88749E-01
    2.14800E+02    5.32649E-01    5.87048E-01
    2.14900E+02    5.44436E-01    5.80169E-01
    2.15000E+02    5.48145E-01    5.78021E-01
    2.15100E+02    5.33500E-01    5.86549E-01
    2.15200E+02    5.30397E-01    5.88371E-01
    2.15300E+02    5.29265E-01    5.89038E-01
    2.15400E+02    5.28775E-01    5.89326E-01
    2.15500E+02    5.28538E-01    5.89466E-01
    2.15600E+02    5.28442E-01    5.89523E-01
    2.15700E+02    5.28430E-01    5.89530E-01
    2.15800E+02    5.28452E-01    5.89517E-01
    2.15900E+02    5.28531E-01    5.89470E-01
    2.16000E+02    5.28946E-01    5.89226E-01
    2.16100E+02    5.28814E-01    5.89303E-01
    2.16200E+02    5.28787E-01    5.89319E-01
    2.16300E+02    5.28875E-01    5.89268E-01
    2.16400E+02    5.28993E-01    5.89198E-01
    2.16500E+02    5.29097E-01    5.89137E-01
    2.16600E+02    5.29224E-01    5.89062E-01
    2.16700E+02    5.29358E-01    5.88983E-01
    2.16800E+02    5.29510E-01    5.88894E-01
    2.16900E+02    5.29687E-01    5.88789E-01
    2.17000E+02    5.29807E-01    5.88719E-01
    2.17100E+02    5.29958E-01    5.88630E-01
    2.17200E+02    5.30135E-01    5.88525E-01
    2.17300E+02    5.30300E-01    5.88428E-01
    2.17400E+02    5.30503E-01    5.88309E-01
    2.17500E+02    5.30889E-01    5.88082E-01
    2.17600E+02    5.30873E-01    5.88092E-01
    2.17700E+02    5.31023E-01    5.88003E-01
    2.17800E+02    5.31207E-01    5.87895E-01
    2.17900E+02    5.31423E-01    5.87768E-01
    2.18000E+02    5.31696E-01    5.87607E-01
    2.18100E+02    5.32573E-01    5.87093E-01
    2.18200E+02    5.32186E-01    5.87320E-01
    2.18300E+02    5.32224E-01    5.87297E-01
    2.18400E+02    5.32375E-01    5.87209E-01
    2.18500E+02    5.32573E-01    5.87092E-01
    2.18600E+02    5.32776E-01    5.86973E-01
    2.18700E+02    5.32979E-01    5.86854E-01
    2.18800E+02    5.33201E-01    5.86724E-01
    2.18900E+02    5.33410E-01    5.86601E-01
    2.19000E+02    5.33646E-01    5.86463E-01
    2.19100E+02    5.33922E-01    5.86301E-01
    2.19200E+02    5.34146E-01    5.86170E-01
    2.19300E+02    5.34548E-01    5.85934E-01
    2.19400E+02    5.34633E-01    5.85884E-01
    2.19500E+02    5.34815E-01    5.85778E-01
    2.19600E+02    5.35050E-01    5.85640E-01
    2.19700E+02    5.35292E-01    5.85498E-01
    2.19800E+02    5.35557E-01    5.85343E-01
    2.19900E+02    5.35876E-01    5.85157E-01
    2.20000E+02    5.36126E-01    5.85010E-01
    2.20100E+02    5.36311E-01    5.84902E-01
    2.20200E+02    5.36556E-01    5.84759E-01
    2.20300E+02    5.36821E-01    5.84603E-01
    2.20400E+02    5.37081E-01    5.84452E-01
    2.20500E+02    5.37356E-01    5.84291E-01
    2.20600E+02    5.37643E-01    5.84124E-01
    2.20700E+02    5.38041E-01    5.83891E-01
    2.20800E+02    5.38229E-01    5.83781E-01
    2.20900E+02    5.38479E-01    5.83635E-01
    2.21000E+02    5.38763E-01    5.83470E-01
    2.21100E+02    5.39044E-01    5.83306E-01
    2.21200E+02    5.39348E-01    5.83128E-01
    2.21300E+02    5.39756E-01    5.82890E-01
    2.21400E+02    5.39977E-01    5.82762E-01
    2.21500E+02    5.40256E-01    5.82599E-01
    2.21600E+02    5.40561E-01    5.82422E-01
    2.21700E+02    5.40872E-01    5.82240E-01
    2.21800E+02    5.41197E-01    5.82051E-01
    2.21900E+02    5.41515E-01    5.81866E-01
    2.22000E+02    5.41848E-01    5.81673E-01
    2.22100E+02    5.42185E-01    5.81476E-01
    2.22200E+02    5.42526E-01    5.81278E-01
    2.22300E+02    5.42877E-01    5.81074E-01
    2.22400E+02    5.43286E-01    5.80836E-01
    2.22500E+02    5.43615E-01    5.80645E-01
    2.22600E+02    5.43950E-01    5.80451E-01
    2.22700E+02    5.44319E-01    5.80237E-01
    2.22800E+02    5.44696E-01    5.80018E-01
    2.22900E+02    5.45092E-01    5.79789E-01
    2.23000E+02    5.45512E-01    5.79545E-01
    2.23100E+02    5.45934E-01    5.79301E-01
    2.23200E+02    5.46405E-01    5.79028E-01
    2.23300E+02    5.46851E-01    5.78770E-01
    2.23400E+02    5.47249E-01    5.78539E-01
    2.23500E+02    5.47639E-01    5.78313E-01
    2.23600E+02    5.48088E-01    5.78054E-01
    2.23700E+02    5.48577E-01    5.77771E-01
    2.23800E+02    5.49079E-01    5.77482E-01
    2.23900E+02    5.49894E-01    5.77011E-01
    2.24000E+02    5.50100E-01    5.76892E-01
    2.24100E+02    5.50611E-01    5.76598E-01
    2.24200E+02    5.51174E-01    5.76273E-01
    2.24300E+02    5.51742E-01    5.75945E-01
    2.24400E+02    5.52345E-01    5.75599E-01
    2.24500E+02    5.52961E-01    5.75244E-01
    2.24600E+02    5.53635E-01    5.74857E-01
    2.24700E+02    5.54387E-01    5.74425E-01
    2.24800E+02    5.55300E-01    5.73900E-01
    2.24900E+02    5.55948E-01    5.73529E-01
    2.25000E+02    5.56482E-01    5.73222E-01
    2.25100E+02    5.57120E-01    5.72856E-01
    2.25200E+02    5.57856E-01    5.72435E-01
    2.25300E+02    5.58587E-01    5.72017E-01
    2.25400E+02    5.59345E-01    5.71584E-01
    2.25500E+02    5.60127E-01    5.71137E-01
    2.25600E+02    5.60926E-01    5.70680E-01
    2.25700E+02    5.61806E-01    5.70179E-01
    2.25800E+02    5.62981E-01    5.69509E-01
    2.25900E+02    5.64824E-01    5.68460E-01
    2.26000E+02    5.70797E-01    5.65075E-01
    2.26100E+02    5.72015E-01    5.64387E-01
    2.26200E+02    5.65369E-01    5.68150E-01
    2.26300E+02    5.63953E-01    5.68955E-01
    2.26400E+02    5.63403E-01    5.69268E-01
    2.26500E+02    5.63138E-01    5.69419E-01
    2.26600E+02    5.62966E-01    5.69518E-01
    2.26700E+02    5.62869E-01    5.69572E-01
    2.26800E+02    5.62800E-01    5.69612E-01
    2.26900E+02    5.62783E-01    5.69621E-01
    2.27000E+02    5.62747E-01    5.69642E-01
    2.27100E+02    5.62763E-01    5.69633E-01
    2.27200E+02    5.62795E-01    5.69615E-01
    2.27300E+02    5.62872E-01    5.69571E-01
    2.27400E+02    5.62959E-01    5.69521E-01
    2.27500E+02    5.63059E-01    5.69464E-01
    2.27600E+02    5.63197E-01    5.69386E-01
    2.27700E+02    5.63352E-01    5.69298E-01
    2.27800E+02    5.63535E-01    5.69194E-01
    2.27900E+02    5.63724E-01    5.69086E-01
    2.28000E+02    5.63917E-01    5.68976E-01
    2.28100E+02    5.64137E-01    5.68851E-01
    2.28200E+02    5.64374E-01    5.68716E-01
    2.28300E+02    5.64635E-01    5.68568E-01
    2.28400E+02    5.64895E-01    5.68420E-01
    2.28500E+02    5.65195E-01    5.68249E-01
    2.28600E+02    5.65480E-01    5.68087E-01
    2.28700E+02    5.65799E-01    5.67906E-01
    2.28800E+02    5.66134E-01    5.67716E-01
    2.28900E+02    5.66489E-01    5.67514E-01
    2.29000E+02    5.66862E-01    5.67303E-01
    2.29100E+02    5.67301E-01    5.67054E-01
    2.29200E+02    5.67763E-01    5.66792E-01
    2.29300E+02    5.68374E-01    5.66446E-01
    2.29400E+02    5.69359E-01    5.65888E-01
    2.29500E+02    5.72056E-01    5.64364E-01
    2.29600E+02    5.77631E-01    5.61226E-01
    2.29700E+02    5.71251E-01    5.64818E-01
    2.29800E+02    5.70559E-01    5.65209E-01
    2.29900E+02    5.70605E-01    5.65184E-01
    2.30000E+02    5.70879E-01    5.65029E-01
    2.30100E+02    5.71236E-01    5.64827E-01
    2.30200E+02    5.71652E-01    5.64592E-01
    2.30300E+02    5.72145E-01    5.64313E-01
    2.30400E+02    5.72669E-01    5.64018E-01
    2.30500E+02    5.73264E-01    5.63682E-01
    2.30600E+02    5.73946E-01    5.63298E-01
    2.30700E+02    5.74778E-01    5.62830E-01
    2.30800E+02    5.75849E-01    5.62227E-01
    2.30900E+02    5.77371E-01    5.61372E-01
    2.31000E+02    5.79919E-01    5.59944E-01
    2.31100E+02    5.85277E-01    5.56952E-01
    2.31200E+02    6.02524E-01    5.47428E-01
    2.31300E+02    6.57665E-01    5.18060E-01
    2.31400E+02    5.94197E-01    5.52006E-01
    2.31500E+02    5.84802E-01    5.57216E-01
    2.31600E+02    5.81878E-01    5.58848E-01
    2.31700E+02    5.80803E-01    5.59449E-01
    2.31800E+02    5.80470E-01    5.59635E-01
    2.31900E+02    5.80515E-01    5.59610E-01
    2.32000E+02    5.80948E-01    5.59368E-01
    2.32100E+02    5.81079E-01    5.59295E-01
    2.32200E+02    5.81512E-01    5.59053E-01
    2.32300E+02    5.82025E-01    5.58765E-01
    2.32400E+02    5.82644E-01    5.58420E-01
    2.32500E+02    5.83462E-01    5.57964E-01
    2.32600E+02    5.84048E-01    5.57636E-01
    2.32700E+02    5.84951E-01    5.57133E-01
    2.32800E+02    5.85622E-01    5.56760E-01
    2.32900E+02    5.86486E-01    5.56279E-01
    2.33000E+02    5.87613E-01    5.55652E-01
    2.33100E+02    5.88566E-01    5.55123E-01
    2.33200E+02    5.89822E-01    5.54426E-01
    2.33300E+02    5.91332E-01    5.53589E-01
    2.33400E+02    5.92982E-01    5.52677E-01
    2.33500E+02    5.94843E-01    5.51649E-01
    2.33600E+02    5.97258E-01    5.50318E-01
    2.33700E+02    6.00458E-01    5.48561E-01
    2.33800E+02    6.05113E-01    5.46013E-01
    2.33900E+02    6.14249E-01    5.41047E-01
    2.34000E+02    6.13773E-01    5.41304E-01
    2.34100E+02    6.06369E-01    5.45327E-01
    2.34200E+02    6.02917E-01    5.47213E-01
    2.34300E+02    6.00755E-01    5.48398E-01
    2.34400E+02    5.99306E-01    5.49192E-01
    2.34500E+02    5.98332E-01    5.49728E-01
    2.34600E+02    5.97670E-01    5.50092E-01
    2.34700E+02    5.97262E-01    5.50316E-01
    2.34800E+02    5.97063E-01    5.50426E-01
    2.34900E+02    5.97121E-01    5.50394E-01
    2.35000E+02    5.97419E-01    5.50230E-01
    2.35100E+02    5.98126E-01    5.49841E-01
    2.35200E+02    5.98758E-01    5.49494E-01
    2.35300E+02    6.00167E-01    5.48720E-01
    2.35400E+02    6.02766E-01    5.47296E-01
    2.35500E+02    6.08266E-01    5.44294E-01
    2.35600E+02    6.24363E-01    5.35603E-01
    2.35700E+02    7.46959E-01    4.73805E-01
    2.35800E+02    6.32297E-01    5.31370E-01
    2.35900E+02    6.12164E-01    5.42176E-01
    2.36000E+02    6.05685E-01    5.45700E-01
    2.36100E+02    6.03313E-01    5.46996E-01
    2.36200E+02    6.02295E-01    5.47553E-01
    2.36300E+02    6.02034E-01    5.47697E-01
    2.36400E+02    6.02173E-01    5.47620E-01
    2.36500E+02    6.02658E-01    5.47355E-01
    2.36600E+02    6.03744E-01    5.46761E-01
    2.36700E+02    6.04849E-01    5.46157E-01
    2.36800E+02    6.07074E-01    5.44943E-01
    2.36900E+02    6.11359E-01    5.42613E-01
    2.37000E+02    6.21775E-01    5.36991E-01
    2.37100E+02    6.68016E-01    5.12725E-01
    2.37200E+02    6.60555E-01    5.16565E-01
    2.37300E+02    6.21889E-01    5.36929E-01
    2.37400E+02    6.12959E-01    5.41745E-01
    2.37500E+02    6.09786E-01    5.43467E-01
    2.37600E+02    6.08722E-01    5.44046E-01
    2.37700E+02    6.07943E-01    5.44470E-01
    2.37800E+02    6.07840E-01    5.44526E-01
    2.37900E+02    6.08002E-01    5.44438E-01
    2.38000E+02    6.08350E-01    5.44248E-01
    2.38100E+02    6.08874E-01    5.43963E-01
    2.38200E+02    6.09589E-01    5.43574E-01
    2.38300E+02    6.10709E-01    5.42966E-01
    2.38400E+02    6.13922E-01    5.41224E-01
    2.38500E+02    6.13469E-01    5.41469E-01
    2.38600E+02    6.13796E-01    5.41292E-01
    2.38700E+02    6.15701E-01    5.40262E-01
    2.38800E+02    6.18598E-01    5.38699E-01
    2.38900E+02    6.25109E-01    5.35203E-01
    2.39000E+02    6.45170E-01    5.24574E-01
    2.39100E+02    7.76497E-01    4.60015E-01
    2.39200E+02    6.42131E-01    5.26170E-01
    2.39300E+02    6.27340E-01    5.34010E-01
    2.39400E+02    6.22891E-01    5.36392E-01
    2.39500E+02    6.21403E-01    5.37190E-01
    2.39600E+02    6.21481E-01    5.37148E-01
    2.39700E+02    6.20780E-01    5.37525E-01
    2.39800E+02    6.21363E-01    5.37212E-01
    2.39900E+02    6.22311E-01    5.36703E-01
    2.40000E+02    6.22540E-01    5.36580E-01
    2.40100E+02    6.22605E-01    5.36545E-01
    2.40200E+02    6.23108E-01    5.36275E-01
    2.40300E+02    6.23710E-01    5.35952E-01
    2.40400E+02    6.23940E-01    5.35829E-01
    2.40500E+02    6.24487E-01    5.35536E-01
    2.40600E+02    6.24806E-01    5.35365E-01
    2.40700E+02    6.25530E-01    5.34978E-01
    2.40800E+02    6.26163E-01    5.34639E-01
    2.40900E+02    6.27602E-01    5.33871E-01
    2.41000E+02    6.27696E-01    5.33820E-01
    2.41100E+02    6.28704E-01    5.33283E-01
    2.41200E+02    6.32090E-01    5.31480E-01
    2.41300E+02    6.31509E-01    5.31789E-01
    2.41400E+02    6.31156E-01    5.31976E-01
    2.41500E+02    6.31925E-01    5.31568E-01
    2.41600E+02    6.32612E-01    5.31202E-01
    2.41700E+02    6.33488E-01    5.30738E-01
    2.41800E+02    6.34582E-01    5.30157E-01
    2.41900E+02    6.36126E-01    5.29339E-01
    2.42000E+02    6.38637E-01    5.28012E-01
    2.42100E+02    6.43709E-01    5.25341E-01
    2.42200E+02    6.57794E-01    5.17993E-01
    2.42300E+02    7.46053E-01    4.74235E-01
    2.42400E+02    6.71431E-01    5.10977E-01
    2.42500E+02    6.48150E-01    5.23012E-01
    2.42600E+02    6.41681E-01    5.26407E-01
    2.42700E+02    6.39207E-01    5.27711E-01
    2.42800E+02    6.38251E-01    5.28215E-01
    2.42900E+02    6.38186E-01    5.28250E-01
    2.43000E+02    6.38997E-01    5.27822E-01
    2.43100E+02    6.40435E-01    5.27063E-01
    2.43200E+02    6.43724E-01    5.25332E-01
    2.43300E+02    6.52506E-01    5.20739E-01
    2.43400E+02    6.89244E-01    5.01956E-01
    2.43500E+02    6.94986E-01    4.99081E-01
    2.43600E+02    6.54044E-01    5.19939E-01
    2.43700E+02    6.45215E-01    5.24550E-01
    2.43800E+02    6.42192E-01    5.26138E-01
    2.43900E+02    6.41313E-01    5.26600E-01
    2.44000E+02    6.42098E-01    5.26187E-01
    2.44100E+02    6.47517E-01    5.23344E-01
    2.44200E+02    6.50072E-01    5.22008E-01
    2.44300E+02    6.42275E-01    5.26094E-01
    2.44400E+02    6.40970E-01    5.26781E-01
    2.44500E+02    6.40274E-01    5.27148E-01
    2.44600E+02    6.40216E-01    5.27178E-01
    2.44700E+02    6.40331E-01    5.27118E-01
    2.44800E+02    6.40654E-01    5.26948E-01
    2.44900E+02    6.40965E-01    5.26784E-01
    2.45000E+02    6.41310E-01    5.26602E-01
    2.45100E+02    6.41654E-01    5.26421E-01
    2.45200E+02    6.42019E-01    5.26229E-01
    2.45300E+02    6.42437E-01    5.26009E-01
    2.45400E+02    6.42864E-01    5.25784E-01
    2.45500E+02    6.43320E-01    5.25545E-01
    2.45600E+02    6.43798E-01    5.25294E-01
    2.45700E+02    6.44313E-01    5.25023E-01
    2.45800E+02    6.45165E-01    5.24576E-01
    2.45900E+02    6.45263E-01    5.24525E-01
    2.46000E+02    6.45739E-01    5.24275E-01
    2.46100E+02    6.46254E-01    5.24005E-01
    2.46200E+02    6.46812E-01    5.23712E-01
    2.46300E+02    6.47435E-01    5.23387E-01
    2.46400E+02    6.48119E-01    5.23029E-01
    2.46500E+02    6.50424E-01    5.21825E-01
    2.46600E+02    6.49418E-01    5.22350E-01
    2.46700E+02    6.49696E-01    5.22204E-01
    2.46800E+02    6.50235E-01    5.21923E-01
    2.46900E+02    6.50831E-01    5.21612E-01
    2.47000E+02    6.51500E-01    5.21263E-01
    2.47100E+02    6.52257E-01    5.20869E-01
    2.47200E+02    6.53010E-01    5.20477E-01
    2.47300E+02    6.53916E-01    5.20005E-01
    2.47400E+02    6.55017E-01    5.19433E-01
    2.47500E+02    6.56530E-01    5.18648E-01
    2.47600E+02    6.59115E-01    5.17309E-01
    2.47700E+02    6.66408E-01    5.13550E-01
    2.47800E+02    6.72745E-01    5.10306E-01
    2.47900E+02    6.66434E-01    5.13536E-01
    2.48000E+02    6.71389E-01    5.10998E-01
    2.48100E+02    6.93049E-01    5.00049E-01
    2.48200E+02    7.74466E-01    4.60950E-01
    2.48300E+02    6.82859E-01    5.05170E-01
    2.48400E+02    6.69747E-01    5.11838E-01
    2.48500E+02    6.65679E-01    5.13924E-01
    2.48600E+02    6.64172E-01    5.14700E-01
    2.48700E+02    6.63790E-01    5.14896E-01
    2.48800E+02    6.63707E-01    5.14939E-01
    2.48900E+02    6.64017E-01    5.14779E-01
    2.49000E+02    6.64598E-01    5.14480E-01
    2.49100E+02    6.65399E-01    5.14068E-01
    2.49200E+02    6.66442E-01    5.13532E-01
    2.49300E+02    6.67884E-01    5.12792E-01
    2.49400E+02    6.70003E-01    5.11707E-01
    2.49500E+02    6.73438E-01    5.09952E-01
    2.49600E+02    6.80190E-01    5.06521E-01
    2.49700E+02    6.99116E-01    4.97025E-01
    2.49800E+02    7.81007E-01    4.57945E-01
    2.49900E+02    7.32991E-01    4.80470E-01
    2.50000E+02    7.45287E-01    4.74598E-01
    2.50100E+02    6.92422E-01    5.00363E-01
    2.50200E+02    6.81456E-01    5.05880E-01
    2.50300E+02    6.77462E-01    5.07905E-01
    2.50400E+02    6.74889E-01    5.09213E-01
    2.50500E+02    6.73963E-01    5.09684E-01
    2.50600E+02    6.73545E-01    5.09898E-01
    2.50700E+02    6.73607E-01    5.09866E-01
    2.50800E+02    6.73606E-01    5.09867E-01
    2.50900E+02    6.73777E-01    5.09779E-01
    2.51000E+02    6.74092E-01    5.09619E-01
    2.51100E+02    6.74473E-01    5.09425E-01
    2.51200E+02    6.75015E-01    5.09149E-01
    2.51300E+02    6.75356E-01    5.08975E-01
    2.51400E+02    6.75846E-01    5.08726E-01
    2.51500E+02    6.76356E-01    5.08466E-01
    2.51600E+02    6.76888E-01    5.08196E-01
    2.51700E+02    6.77437E-01    5.07917E-01
    2.51800E+02    6.77991E-01    5.07636E-01
    2.51900E+02    6.78570E-01    5.07342E-01
    2.52000E+02    6.79185E-01    5.07030E-01
    2.52100E+02    6.79985E-01    5.06625E-01
    2.52200E+02    6.80417E-01    5.06406E-01
    2.52300E+02    6.81090E-01    5.06065E-01
    2.52400E+02    6.81742E-01    5.05735E-01
    2.52500E+02    6.82585E-01    5.05309E-01
    2.52600E+02    6.83220E-01    5.04988E-01
    2.52700E+02    6.84396E-01    5.04395E-01
    2.52800E+02    6.84807E-01    5.04187E-01
    2.52900E+02    6.85054E-01    5.04063E-01
    2.53000E+02    6.85665E-01    5.03755E-01
    2.53100E+02    6.86333E-01    5.03419E-01
    2.53200E+02    6.87024E-01    5.03071E-01
    2.53300E+02    6.87823E-01    5.02669E-01
    2.53400E+02    6.88842E-01    5.02157E-01
    2.53500E+02    6.89176E-01    5.01990E-01
    2.53600E+02    6.89948E-01    5.01602E-01
    2.53700E+02    6.91063E-01    5.01043E-01
    2.53800E+02    6.91715E-01    5.00716E-01
    2.53900E+02    6.92368E-01    5.00390E-01
    2.54000E+02    6.93138E-01    5.00005E-01
    2.54100E+02    6.93998E-01    4.99575E-01
    2.54200E+02    6.95071E-01    4.99039E-01
    2.54300E+02    6.97377E-01    4.97890E-01
    2.54400E+02    6.96668E-01    4.98243E-01
    2.54500E+02    6.97311E-01    4.97923E-01
    2.54600E+02    6.98102E-01    4.97529E-01
    2.54700E+02    6.99024E-01    4.97070E-01
    2.54800E+02    6.99696E-01    4.96736E-01
    2.54900E+02    7.00948E-01    4.96115E-01
    2.55000E+02    7.01093E-01    4.96043E-01
    2.55100E+02    7.01654E-01    4.95764E-01
    2.55200E+02    7.02193E-01    4.95497E-01
    2.55300E+02    7.02640E-01    4.95276E-01
    2.55400E+02    7.03071E-01    4.95063E-01
    2.55500E+02    7.03478E-01    4.94861E-01
    2.55600E+02    7.03859E-01    4.94673E-01
    2.55700E+02    7.04252E-01    4.94478E-01
    2.55800E+02    7.04650E-01    4.94282E-01
    2.55900E+02    7.05005E-01    4.94106E-01
    2.56000E+02    7.05423E-01    4.93900E-01
    2.56100E+02    7.05825E-01    4.93701E-01
    2.56200E+02    7.06174E-01    4.93529E-01
    2.56300E+02    7.06595E-01    4.93321E-01
    2.56400E+02    7.07054E-01    4.93095E-01
    2.56500E+02    7.07519E-01    4.92865E-01
    2.56600E+02    7.07988E-01    4.92634E-01
    2.56700E+02    7.08570E-01    4.92348E-01
    2.56800E+02    7.09014E-01    4.92129E-01
    2.56900E+02    7.09914E-01    4.91686E-01
    2.57000E+02    7.09977E-01    4.91656E-01
    2.57100E+02    7.10473E-01    4.91412E-01
    2.57200E+02    7.11026E-01    4.91140E-01
    2.57300E+02    7.11608E-01    4.90854E-01
    2.57400E+02    7.12247E-01    4.90541E-01
    2.57500E+02    7.12897E-01    4.90222E-01
    2.57600E+02    7.13626E-01    4.89865E-01
    2.57700E+02    7.14369E-01    4.89501E-01
    2.57800E+02    7.15273E-01    4.89059E-01
    2.57900E+02    7.16249E-01    4.88581E-01
    2.58000E+02    7.17794E-01    4.87827E-01
    2.58100E+02    7.20788E-01    4.86369E-01
    2.58200E+02    7.42508E-01    4.75919E-01
    2.58300E+02    7.24024E-01    4.84797E-01
    2.58400E+02    7.24126E-01    4.84748E-01
    2.58500E+02    7.28111E-01    4.82820E-01
    2.58600E+02    7.40240E-01    4.76999E-01
    2.58700E+02    8.18555E-01    4.41068E-01
    2.58800E+02    7.50454E-01    4.72152E-01
    2.58900E+02    7.32284E-01    4.80809E-01
    2.59000E+02    7.27306E-01    4.83209E-01
    2.59100E+02    7.25500E-01    4.84083E-01
    2.59200E+02    7.24862E-01    4.84391E-01
    2.59300E+02    7.24707E-01    4.84466E-01
    2.59400E+02    7.24848E-01    4.84398E-01
    2.59500E+02    7.25310E-01    4.84174E-01
    2.59600E+02    7.25488E-01    4.84088E-01
    2.59700E+02    7.25912E-01    4.83883E-01
    2.59800E+02    7.26396E-01    4.83649E-01
    2.59900E+02    7.26929E-01    4.83391E-01
    2.60000E+02    7.27546E-01    4.83093E-01
    2.60100E+02    7.28088E-01    4.82831E-01
    2.60200E+02    7.28615E-01    4.82577E-01
    2.60300E+02    7.29198E-01    4.82295E-01
    2.60400E+02    7.29809E-01    4.82001E-01
    2.60500E+02    7.30464E-01    4.81685E-01
    2.60600E+02    7.31119E-01    4.81370E-01
    2.60700E+02    7.31815E-01    4.81035E-01
    2.60800E+02    7.33156E-01    4.80391E-01
    2.60900E+02    7.33163E-01    4.80387E-01
    2.61000E+02    7.33670E-01    4.80144E-01
    2.61100E+02    7.34343E-01    4.79821E-01
    2.61200E+02    7.34959E-01    4.79525E-01
    2.61300E+02    7.35626E-01    4.79205E-01
    2.61400E+02    7.36301E-01    4.78882E-01
    2.61500E+02    7.36982E-01    4.78556E-01
    2.61600E+02    7.37691E-01    4.78217E-01
    2.61700E+02    7.38430E-01    4.77863E-01
    2.61800E+02    7.39145E-01    4.77522E-01
    2.61900E+02    7.39870E-01    4.77176E-01
    2.62000E+02    7.40646E-01    4.76806E-01
    2.62100E+02    7.41423E-01    4.76435E-01
    2.62200E+02    7.42222E-01    4.76055E-01
    2.62300E+02    7.43104E-01    4.75635E-01
    2.62400E+02    7.44098E-01    4.75163E-01
    2.62500E+02    7.45315E-01    4.74585E-01
    2.62600E+02    7.46735E-01    4.73911E-01
    2.62700E+02    7.49327E-01    4.72685E-01
    2.62800E+02    7.57557E-01    4.68810E-01
    2.62900E+02    7.61916E-01    4.66771E-01
    2.63000E+02    7.52857E-01    4.71019E-01
    2.63100E+02    7.52223E-01    4.71318E-01
    2.63200E+02    7.54671E-01    4.70165E-01
    2.63300E+02    7.54574E-01    4.70211E-01
    2.63400E+02    7.57345E-01    4.68910E-01
    2.63500E+02    7.63452E-01    4.66055E-01
    2.63600E+02    7.82214E-01    4.57392E-01
    2.63700E+02    9.02695E-01    4.05475E-01
    2.63800E+02    7.80569E-01    4.58145E-01
    2.63900E+02    7.72109E-01    4.62037E-01
    2.64000E+02    7.62308E-01    4.66588E-01
    2.64100E+02    7.60274E-01    4.67538E-01
    2.64200E+02    7.59732E-01    4.67792E-01
    2.64300E+02    7.59841E-01    4.67741E-01
    2.64400E+02    7.60274E-01    4.67538E-01
    2.64500E+02    7.60994E-01    4.67202E-01
    2.64600E+02    7.61982E-01    4.66741E-01
    2.64700E+02    7.63383E-01    4.66087E-01
    2.64800E+02    7.66029E-01    4.64856E-01
    2.64900E+02    7.77753E-01    4.59437E-01
    2.65000E+02    7.70538E-01    4.62764E-01
    2.65100E+02    7.67373E-01    4.64231E-01
    2.65200E+02    7.67184E-01    4.64319E-01
    2.65300E+02    7.67635E-01    4.64109E-01
    2.65400E+02    7.68356E-01    4.63775E-01
    2.65500E+02    7.69199E-01    4.63384E-01
    2.65600E+02    7.70108E-01    4.62963E-01
    2.65700E+02    7.71006E-01    4.62547E-01
    2.65800E+02    7.71947E-01    4.62113E-01
    2.65900E+02    7.72853E-01    4.61694E-01
    2.66000E+02    7.73735E-01    4.61287E-01
    2.66100E+02    7.74594E-01    4.60891E-01
    2.66200E+02    7.75415E-01    4.60513E-01
    2.66300E+02    7.76019E-01    4.60235E-01
    2.66400E+02    7.76646E-01    4.59946E-01
    2.66500E+02    7.77293E-01    4.59648E-01
    2.66600E+02    7.77969E-01    4.59338E-01
    2.66700E+02    7.78779E-01    4.58966E-01
    2.66800E+02    7.79814E-01    4.58491E-01
    2.66900E+02    7.81334E-01    4.57795E-01
    2.67000E+02    7.83881E-01    4.56630E-01
    2.67100E+02    7.89583E-01    4.54034E-01
    2.67200E+02    8.10047E-01    4.44837E-01
    2.67300E+02    8.33165E-01    4.34672E-01
    2.67400E+02    7.94406E-01    4.51849E-01
    2.67500E+02    7.87129E-01    4.55150E-01
    2.67600E+02    7.84722E-01    4.56246E-01
    2.67700E+02    7.83788E-01    4.56673E-01
    2.67800E+02    7.83498E-01    4.56805E-01
    2.67900E+02    7.83513E-01    4.56799E-01
    2.68000E+02    7.83710E-01    4.56709E-01
    2.68100E+02    7.84055E-01    4.56551E-01
    2.68200E+02    7.84774E-01    4.56223E-01
    2.68300E+02    7.84888E-01    4.56171E-01
    2.68400E+02    7.85366E-01    4.55953E-01
    2.68500E+02    7.85951E-01    4.55686E-01
    2.68600E+02    7.86902E-01    4.55253E-01
    2.68700E+02    7.87786E-01    4.54851E-01
    2.68800E+02    7.87595E-01    4.54938E-01
    2.68900E+02    7.88053E-01    4.54729E-01
    2.69000E+02    7.88605E-01    4.54479E-01
    2.69100E+02    7.89196E-01    4.54210E-01
    2.69200E+02    7.89792E-01    4.53939E-01
    2.69300E+02    7.90411E-01    4.53658E-01
    2.69400E+02    7.91042E-01    4.53372E-01
    2.69500E+02    7.91687E-01    4.53080E-01
    2.69600E+02    7.92325E-01    4.52791E-01
    2.69700E+02    7.92973E-01    4.52498E-01
    2.69800E+02    7.93654E-01    4.52190E-01
    2.69900E+02    7.94321E-01    4.51888E-01
    2.70000E+02    7.94997E-01    4.51583E-01
    2.70100E+02    7.95709E-01    4.51261E-01
    2.70200E+02    7.96364E-01    4.50966E-01
    2.70300E+02    7.97077E-01    4.50644E-01
    2.70400E+02    7.97805E-01    4.50316E-01
    2.70500E+02    7.98559E-01    4.49977E-01
    2.70600E+02    7.99216E-01    4.49681E-01
    2.70700E+02    8.00036E-01    4.49313E-01
    2.70800E+02    8.00772E-01    4.48982E-01
    2.70900E+02    8.01647E-01    4.48590E-01
    2.71000E+02    8.02526E-01    4.48196E-01
    2.71100E+02    8.05583E-01    4.46827E-01
    2.71200E+02    8.03886E-01    4.47586E-01
    2.71300E+02    8.04520E-01    4.47303E-01
    2.71400E+02    8.05069E-01    4.47057E-01
    2.71500E+02    8.05776E-01    4.46741E-01
    2.71600E+02    8.06534E-01    4.46403E-01
    2.71700E+02    8.07341E-01    4.46042E-01
    2.71800E+02    8.08223E-01    4.45649E-01
    2.71900E+02    8.09700E-01    4.44991E-01
    2.72000E+02    8.10029E-01    4.44845E-01
    2.72100E+02    8.10674E-01    4.44558E-01
    2.72200E+02    8.11544E-01    4.44172E-01
    2.72300E+02    8.12504E-01    4.43745E-01
    2.72400E+02    8.13612E-01    4.43254E-01
    2.72500E+02    8.14908E-01    4.42680E-01
    2.72600E+02    8.16486E-01    4.41982E-01
    2.72700E+02    8.18740E-01    4.40987E-01
    2.72800E+02    8.22441E-01    4.39358E-01
    2.72900E+02    8.30761E-01    4.35717E-01
    2.73000E+02    8.64532E-01    4.21249E-01
    2.73100E+02    8.66793E-01    4.20297E-01
    2.73200E+02    8.33339E-01    4.34596E-01
    2.73300E+02    8.26466E-01    4.37593E-01
    2.73400E+02    8.24201E-01    4.38585E-01
    2.73500E+02    8.23538E-01    4.38876E-01
    2.73600E+02    8.23553E-01    4.38870E-01
    2.73700E+02    8.23894E-01    4.38720E-01
    2.73800E+02    8.24522E-01    4.38445E-01
    2.73900E+02    8.25432E-01    4.38046E-01
    2.74000E+02    8.26384E-01    4.37629E-01
    2.74100E+02    8.27653E-01    4.37074E-01
    2.74200E+02    8.29678E-01    4.36190E-01
    2.74300E+02    8.33627E-01    4.34471E-01
    2.74400E+02    8.45745E-01    4.29237E-01
    2.74500E+02    8.76347E-01    4.16301E-01
    2.74600E+02    8.40125E-01    4.31656E-01
    2.74700E+02    8.34654E-01    4.34025E-01
    2.74800E+02    8.33187E-01    4.34662E-01
    2.74900E+02    8.32918E-01    4.34779E-01
    2.75000E+02    8.33156E-01    4.34675E-01
    2.75100E+02    8.33540E-01    4.34509E-01
    2.75200E+02    8.34147E-01    4.34245E-01
    2.75300E+02    8.34637E-01    4.34032E-01
    2.75400E+02    8.35281E-01    4.33753E-01
    2.75500E+02    8.35945E-01    4.33465E-01
    2.75600E+02    8.36634E-01    4.33166E-01
    2.75700E+02    8.37377E-01    4.32844E-01
    2.75800E+02    8.38127E-01    4.32520E-01
    2.75900E+02    8.38917E-01    4.32178E-01
    2.76000E+02    8.39676E-01    4.31850E-01
    2.76100E+02    8.40470E-01    4.31507E-01
    2.76200E+02    8.41306E-01    4.31147E-01
    2.76300E+02    8.42195E-01    4.30764E-01
    2.76400E+02    8.43124E-01    4.30364E-01
    2.76500E+02    8.44168E-01    4.29915E-01
    2.76600E+02    8.45418E-01    4.29378E-01
    2.76700E+02    8.47219E-01    4.28605E-01
    2.76800E+02    8.50874E-01    4.27042E-01
    2.76900E+02    8.68781E-01    4.19463E-01
    2.77000E+02    8.56342E-01    4.24713E-01
    2.77100E+02    8.51445E-01    4.26798E-01
    2.77200E+02    8.50557E-01    4.27177E-01
    2.77300E+02    8.50663E-01    4.27132E-01
    2.77400E+02    8.51156E-01    4.26921E-01
    2.77500E+02    8.51786E-01    4.26652E-01
    2.77600E+02    8.52419E-01    4.26382E-01
    2.77700E+02    8.53137E-01    4.26076E-01
    2.77800E+02    8.53907E-01    4.25748E-01
    2.77900E+02    8.54826E-01    4.25357E-01
    2.78000E+02    8.55532E-01    4.25057E-01
    2.78100E+02    8.56345E-01    4.24712E-01
    2.78200E+02    8.57084E-01    4.24398E-01
    2.78300E+02    8.57949E-01    4.24031E-01
    2.78400E+02    8.58988E-01    4.23591E-01
    2.78500E+02    8.60803E-01    4.22822E-01
    2.78600E+02    8.60745E-01    4.22847E-01
    2.78700E+02    8.61339E-01    4.22596E-01
    2.78800E+02    8.62152E-01    4.22253E-01
    2.78900E+02    8.63074E-01    4.21863E-01
    2.79000E+02    8.64085E-01    4.21437E-01
    2.79100E+02    8.65240E-01    4.20950E-01
    2.79200E+02    8.66789E-01    4.20299E-01
    2.79300E+02    8.69583E-01    4.19126E-01
    2.79400E+02    8.74168E-01    4.17209E-01
    2.79500E+02    8.92767E-01    4.09521E-01
    2.79600E+02    8.74001E-01    4.17278E-01
    2.79700E+02    8.72303E-01    4.17988E-01
    2.79800E+02    8.73509E-01    4.17484E-01
    2.79900E+02    8.83998E-01    4.13128E-01
    2.80000E+02    8.74176E-01    4.17205E-01
    2.80100E+02    8.73663E-01    4.17420E-01
    2.80200E+02    8.74039E-01    4.17263E-01
    2.80300E+02    8.74651E-01    4.17008E-01
    2.80400E+02    8.75380E-01    4.16704E-01
    2.80500E+02    8.76133E-01    4.16390E-01
    2.80600E+02    8.76942E-01    4.16053E-01
    2.80700E+02    8.77791E-01    4.15700E-01
    2.80800E+02    8.78719E-01    4.15315E-01
    2.80900E+02    8.80053E-01    4.14761E-01
    2.81000E+02    8.83340E-01    4.13400E-01
    2.81100E+02    8.81507E-01    4.14158E-01
    2.81200E+02    8.82271E-01    4.13842E-01
    2.81300E+02    8.82921E-01    4.13573E-01
    2.81400E+02    8.83856E-01    4.13186E-01
    2.81500E+02    8.85366E-01    4.12563E-01
    2.81600E+02    8.85694E-01    4.12428E-01
    2.81700E+02    8.86328E-01    4.12166E-01
    2.81800E+02    8.87178E-01    4.11816E-01
    2.81900E+02    8.88197E-01    4.11397E-01
    2.82000E+02    8.89271E-01    4.10955E-01
    2.82100E+02    8.89941E-01    4.10680E-01
    2.82200E+02    8.90825E-01    4.10317E-01
    2.82300E+02    8.91838E-01    4.09902E-01
    2.82400E+02    8.92750E-01    4.09528E-01
    2.82500E+02    8.93912E-01    4.09052E-01
    2.82600E+02    8.95376E-01    4.08454E-01
    2.82700E+02    8.97921E-01    4.07416E-01
    2.82800E+02    9.07341E-01    4.03596E-01
    2.82900E+02    9.04036E-01    4.04932E-01
    2.83000E+02    8.99968E-01    4.06583E-01
    2.83100E+02    8.99636E-01    4.06718E-01
    2.83200E+02    9.00048E-01    4.06550E-01
    2.83300E+02    9.00674E-01    4.06296E-01
    2.83400E+02    9.01474E-01    4.05971E-01
    2.83500E+02    9.02271E-01    4.05647E-01
    2.83600E+02    9.03101E-01    4.05311E-01
    2.83700E+02    9.03978E-01    4.04955E-01
    2.83800E+02    9.04874E-01    4.04593E-01
    2.83900E+02    9.05785E-01    4.04224E-01
    2.84000E+02    9.06728E-01    4.03843E-01
    2.84100E+02    9.07641E-01    4.03475E-01
    2.84200E+02    9.08582E-01    4.03095E-01
    2.84300E+02    9.09583E-01    4.02692E-01
    2.84400E+02    9.11015E-01    4.02116E-01
    2.84500E+02    9.11546E-01    4.01902E-01
    2.84600E+02    9.12618E-01    4.01472E-01
    2.84700E+02    9.13501E-01    4.01117E-01
    2.84800E+02    9.14579E-01    4.00685E-01
    2.84900E+02    9.15625E-01    4.00266E-01
    2.85000E+02    9.16682E-01    3.99844E-01
    2.85100E+02    9.17831E-01    3.99384E-01
    2.85200E+02    9.19066E-01    3.98892E-01
    2.85300E+02    9.20401E-01    3.98359E-01
    2.85400E+02    9.21888E-01    3.97767E-01
    2.85500E+02    9.23604E-01    3.97085E-01
    2.85600E+02    9.25796E-01    3.96216E-01
    2.85700E+02    9.28519E-01    3.95138E-01
    2.85800E+02    9.32820E-01    3.93442E-01
    2.85900E+02    9.40917E-01    3.90270E-01
    2.86000E+02    9.62724E-01    3.81851E-01
    2.86100E+02    1.05689E+00    3.47534E-01
    2.86200E+02    1.01185E+00    3.63547E-01
    2.86300E+02    1.00846E+00    3.64782E-01
    2.86400E+02    9.50517E-01    3.86541E-01
    2.86500E+02    9.41135E-01    3.90185E-01
    2.86600E+02    9.37862E-01    3.91464E-01
    2.86700E+02    9.36622E-01    3.91950E-01
    2.86800E+02    9.36272E-01    3.92087E-01
    2.86900E+02    9.36419E-01    3.92029E-01
    2.87000E+02    9.36896E-01    3.91842E-01
    2.87100E+02    9.37344E-01    3.91667E-01
    2.87200E+02    9.37993E-01    3.91413E-01
    2.87300E+02    9.38753E-01    3.91115E-01
    2.87400E+02    9.39578E-01    3.90793E-01
    2.87500E+02    9.40458E-01    3.90449E-01
    2.87600E+02    9.41378E-01    3.90090E-01
    2.87700E+02    9.42340E-01    3.89715E-01
    2.87800E+02    9.43355E-01    3.89320E-01
    2.87900E+02    9.44417E-01    3.88906E-01
    2.88000E+02    9.45548E-01    3.88467E-01
    2.88100E+02    9.46737E-01    3.88005E-01
    2.88200E+02    9.48057E-01    3.87493E-01
    2.88300E+02    9.49619E-01    3.86888E-01
    2.88400E+02    9.51256E-01    3.86256E-01
    2.88500E+02    9.53383E-01    3.85435E-01
    2.88600E+02    9.56425E-01    3.84264E-01
    2.88700E+02    9.61497E-01    3.82320E-01
    2.88800E+02    9.72639E-01    3.78084E-01
    2.88900E+02    1.01407E+00    3.62741E-01
    2.89000E+02    1.03960E+00    3.53597E-01
    2.89100E+02    9.79481E-01    3.75506E-01
    2.89200E+02    9.67774E-01    3.79928E-01
    2.89300E+02    9.63937E-01    3.81388E-01
    2.89400E+02    9.62593E-01    3.81901E-01
    2.89500E+02    9.62292E-01    3.82016E-01
    2.89600E+02    9.62489E-01    3.81941E-01
    2.89700E+02    9.62974E-01    3.81756E-01
    2.89800E+02    9.63712E-01    3.81474E-01
    2.89900E+02    9.64530E-01    3.81162E-01
    2.90000E+02    9.65364E-01    3.80844E-01
    2.90100E+02    9.66079E-01    3.80572E-01
    2.90200E+02    9.66966E-01    3.80235E-01
    2.90300E+02    9.67908E-01    3.79877E-01
    2.90400E+02    9.68912E-01    3.79496E-01
    2.90500E+02    9.69976E-01    3.79092E-01
    2.90600E+02    9.71067E-01    3.78679E-01
    2.90700E+02    9.72253E-01    3.78230E-01
    2.90800E+02    9.73746E-01    3.77666E-01
    2.90900E+02    9.76594E-01    3.76592E-01
    2.91000E+02    9.81942E-01    3.74583E-01
    2.91100E+02    9.77547E-01    3.76233E-01
    2.91200E+02    9.77765E-01    3.76151E-01
    2.91300E+02    9.78706E-01    3.75797E-01
    2.91400E+02    9.79605E-01    3.75460E-01
    2.91500E+02    9.80508E-01    3.75120E-01
    2.91600E+02    9.81674E-01    3.74683E-01
    2.91700E+02    9.85151E-01    3.73383E-01
    2.91800E+02    9.83801E-01    3.73887E-01
    2.91900E+02    9.84758E-01    3.73530E-01
    2.92000E+02    9.85836E-01    3.73127E-01
    2.92100E+02    9.86987E-01    3.72698E-01
    2.92200E+02    9.88179E-01    3.72254E-01
    2.92300E+02    9.89406E-01    3.71798E-01
    2.92400E+02    9.90728E-01    3.71306E-01
    2.92500E+02    9.92313E-01    3.70718E-01
    2.92600E+02    9.93724E-01    3.70196E-01
    2.92700E+02    9.95290E-01    3.69616E-01
    2.92800E+02    9.97407E-01    3.68835E-01
    2.92900E+02    1.00049E+00    3.67699E-01
    2.93000E+02    1.00628E+00    3.65575E-01
    2.93100E+02    1.02414E+00    3.59106E-01
    2.93200E+02    1.05272E+00    3.48988E-01
    2.93300E+02    1.01490E+00    3.62437E-01
    2.93400E+02    1.01014E+00    3.64167E-01
    2.93500E+02    1.01495E+00    3.62421E-01
    2.93600E+02    1.01433E+00    3.62646E-01
    2.93700E+02    1.00884E+00    3.64641E-01
    2.93800E+02    1.00817E+00    3.64887E-01
    2.93900E+02    1.00847E+00    3.64776E-01
    2.94000E+02    1.00916E+00    3.64526E-01
    2.94100E+02    1.01002E+00    3.64211E-01
    2.94200E+02    1.01100E+00    3.63855E-01
    2.94300E+02    1.01203E+00    3.63480E-01
    2.94400E+02    1.01311E+00    3.63086E-01
    2.94500E+02    1.01424E+00    3.62680E-01
    2.94600E+02    1.01546E+00    3.62235E-01
    2.94700E+02    1.01652E+00    3.61853E-01
    2.94800E+02    1.01769E+00    3.61429E-01
    2.94900E+02    1.01886E+00    3.61006E-01
    2.95000E+02    1.02005E+00    3.60576E-01
    2.95100E+02    1.02125E+00    3.60145E-01
    2.95200E+02    1.02250E+00    3.59694E-01
    2.95300E+02    1.02388E+00    3.59200E-01
    2.95400E+02    1.02511E+00    3.58756E-01
    2.95500E+02    1.02630E+00    3.58330E-01
    2.95600E+02    1.02743E+00    3.57925E-01
    2.95700E+02    1.02869E+00    3.57476E-01
    2.95800E+02    1.03006E+00    3.56984E-01
    2.95900E+02    1.03126E+00    3.56556E-01
    2.96000E+02    1.03263E+00    3.56070E-01
    2.96100E+02    1.03412E+00    3.55540E-01
    2.96200E+02    1.03519E+00    3.55158E-01
    2.96300E+02    1.03652E+00    3.54686E-01
    2.96400E+02    1.03818E+00    3.54098E-01
    2.96500E+02    1.03924E+00    3.53724E-01
    2.96600E+02    1.04060E+00    3.53244E-01
    2.96700E+02    1.04200E+00    3.52747E-01
    2.96800E+02    1.04348E+00    3.52225E-01
    2.96900E+02    1.04495E+00    3.51711E-01
    2.97000E+02    1.04653E+00    3.51153E-01
    2.97100E+02    1.04859E+00    3.50431E-01
    2.97200E+02    1.05139E+00    3.49451E-01
    2.97300E+02    1.05132E+00    3.49477E-01
    2.97400E+02    1.05286E+00    3.48937E-01
    2.97500E+02    1.05425E+00    3.48455E-01
    2.97600E+02    1.05589E+00    3.47881E-01
    2.97700E+02    1.05767E+00    3.47264E-01
    2.97800E+02    1.05955E+00    3.46612E-01
    2.97900E+02    1.06157E+00    3.45911E-01
    2.98000E+02    1.06377E+00    3.45153E-01
    2.98100E+02    1.06624E+00    3.44301E-01
    2.98200E+02    1.06911E+00    3.43314E-01
    2.98300E+02    1.07293E+00    3.42005E-01
    2.98400E+02    1.07850E+00    3.40104E-01
    2.98500E+02    1.08354E+00    3.38395E-01
    2.98600E+02    1.07920E+00    3.39869E-01
    2.98700E+02    1.07718E+00    3.40553E-01
    2.98800E+02    1.07733E+00    3.40502E-01
    2.98900E+02    1.07719E+00    3.40552E-01
    2.99000E+02    1.07767E+00    3.40387E-01
    2.99100E+02    1.07842E+00    3.40132E-01
    2.99200E+02    1.07933E+00    3.39824E-01
    2.99300E+02    1.08043E+00    3.39449E-01
    2.99400E+02    1.08197E+00    3.38928E-01
    2.99500E+02    1.08565E+00    3.37681E-01
    2.99600E+02    1.08421E+00    3.38169E-01
    2.99700E+02    1.08542E+00    3.37759E-01
    2.99800E+02    1.08647E+00    3.37405E-01
    2.99900E+02    1.08784E+00    3.36942E-01
    3.00000E+02    1.08930E+00    3.36453E-01
    3.00100E+02    1.09095E+00    3.35899E-01
    3.00200E+02    1.09258E+00    3.35349E-01
    3.00300E+02    1.09440E+00    3.34740E-01
    3.00400E+02    1.09664E+00    3.33991E-01
    3.00500E+02    1.09987E+00    3.32914E-01
    3.00600E+02    1.10712E+00    3.30511E-01
    3.00700E+02    1.13167E+00    3.22495E-01
    3.00800E+02    1.10795E+00    3.30234E-01
    3.00900E+02    1.10621E+00    3.30809E-01
    3.01000E+02    1.10692E+00    3.30574E-01
    3.01100E+02    1.10840E+00    3.30087E-01
    3.01200E+02    1.11041E+00    3.29424E-01
    3.01300E+02    1.11302E+00    3.28564E-01
    3.01400E+02    1.11652E+00    3.27418E-01
    3.01500E+02    1.12173E+00    3.25717E-01
    3.01600E+02    1.13127E+00    3.22623E-01
    3.01700E+02    1.15625E+00    3.14665E-01
    3.01800E+02    1.32356E+00    2.66187E-01
    3.01900E+02    1.17375E+00    3.09206E-01
    3.02000E+02    1.14168E+00    3.19282E-01
    3.02100E+02    1.13334E+00    3.21956E-01
    3.02200E+02    1.13077E+00    3.22786E-01
    3.02300E+02    1.13034E+00    3.22924E-01
    3.02400E+02    1.13095E+00    3.22727E-01
    3.02500E+02    1.13222E+00    3.22315E-01
    3.02600E+02    1.13388E+00    3.21781E-01
    3.02700E+02    1.13596E+00    3.21112E-01
    3.02800E+02    1.13880E+00    3.20204E-01
    3.02900E+02    1.14310E+00    3.18828E-01
    3.03000E+02    1.15154E+00    3.16151E-01
    3.03100E+02    1.17846E+00    3.07751E-01
    3.03200E+02    1.20514E+00    2.99649E-01
    3.03300E+02    1.16052E+00    3.13322E-01
    3.03400E+02    1.15308E+00    3.15662E-01
    3.03500E+02    1.15157E+00    3.16141E-01
    3.03600E+02    1.15205E+00    3.15990E-01
    3.03700E+02    1.15261E+00    3.15810E-01
    3.03800E+02    1.15392E+00    3.15398E-01
    3.03900E+02    1.15551E+00    3.14897E-01
    3.04000E+02    1.15721E+00    3.14361E-01
    3.04100E+02    1.15905E+00    3.13785E-01
    3.04200E+02    1.16096E+00    3.13184E-01
    3.04300E+02    1.16297E+00    3.12558E-01
    3.04400E+02    1.16505E+00    3.11908E-01
    3.04500E+02    1.16722E+00    3.11230E-01
    3.04600E+02    1.16953E+00    3.10514E-01
    3.04700E+02    1.17205E+00    3.09730E-01
    3.04800E+02    1.17552E+00    3.08658E-01
    3.04900E+02    1.17652E+00    3.08351E-01
    3.05000E+02    1.17790E+00    3.07926E-01
    3.05100E+02    1.17964E+00    3.07390E-01
    3.05200E+02    1.18145E+00    3.06834E-01
    3.05300E+02    1.18338E+00    3.06243E-01
    3.05400E+02    1.18537E+00    3.05634E-01
    3.05500E+02    1.18741E+00    3.05011E-01
    3.05600E+02    1.18951E+00    3.04371E-01
    3.05700E+02    1.19163E+00    3.03725E-01
    3.05800E+02    1.19380E+00    3.03069E-01
    3.05900E+02    1.19601E+00    3.02399E-01
    3.06000E+02    1.19827E+00    3.01716E-01
    3.06100E+02    1.20050E+00    3.01045E-01
    3.06200E+02    1.20281E+00    3.00350E-01
    3.06300E+02    1.20513E+00    2.99652E-01
    3.06400E+02    1.20749E+00    2.98946E-01
    3.06500E+02    1.20987E+00    2.98235E-01
    3.06600E+02    1.21230E+00    2.97512E-01
    3.06700E+02    1.21475E+00    2.96784E-01
    3.06800E+02    1.21725E+00    2.96042E-01
    3.06900E+02    1.21986E+00    2.95271E-01
    3.07000E+02    1.22237E+00    2.94533E-01
    3.07100E+02    1.22490E+00    2.93786E-01
    3.07200E+02    1.22754E+00    2.93014E-01
    3.07300E+02    1.23087E+00    2.92038E-01
    3.07400E+02    1.23364E+00    2.91229E-01
    3.07500E+02    1.23654E+00    2.90388E-01
    3.07600E+02    1.23908E+00    2.89650E-01
    3.07700E+02    1.24182E+00    2.88858E-01
    3.07800E+02    1.24464E+00    2.88046E-01
    3.07900E+02    1.24751E+00    2.87220E-01
    3.08000E+02    1.25042E+00    2.86385E-01
    3.08100E+02    1.25337E+00    2.85540E-01
    3.08200E+02    1.25639E+00    2.84680E-01
    3.08300E+02    1.25945E+00    2.83810E-01
    3.08400E+02    1.26260E+00    2.82917E-01
    3.08500E+02    1.26607E+00    2.81938E-01
    3.08600E+02    1.26966E+00    2.80926E-01
    3.08700E+02    1.27225E+00    2.80200E-01
    3.08800E+02    1.27556E+00    2.79275E-01
    3.08900E+02    1.27894E+00    2.78333E-01
    3.09000E+02    1.28214E+00    2.77443E-01
    3.09100E+02    1.28558E+00    2.76492E-01
    3.09200E+02    1.28914E+00    2.75508E-01
    3.09300E+02    1.29276E+00    2.74513E-01
    3.09400E+02    1.29656E+00    2.73470E-01
    3.09500E+02    1.30013E+00    2.72496E-01
    3.09600E+02    1.30400E+00    2.71443E-01
    3.09700E+02    1.30809E+00    2.70335E-01
    3.09800E+02    1.31259E+00    2.69121E-01
    3.09900E+02    1.31803E+00    2.67661E-01
    3.10000E+02    1.32813E+00    2.64973E-01
    3.10100E+02    1.33765E+00    2.62462E-01
    3.10200E+02    1.33078E+00    2.64270E-01
    3.10300E+02    1.33280E+00    2.63739E-01
    3.10400E+02    1.33599E+00    2.62898E-01
    3.10500E+02    1.33971E+00    2.61922E-01
    3.10600E+02    1.34358E+00    2.60911E-01
    3.10700E+02    1.34755E+00    2.59875E-01
    3.10800E+02    1.35160E+00    2.58825E-01
    3.10900E+02    1.35572E+00    2.57762E-01
    3.11000E+02    1.35991E+00    2.56683E-01
    3.11100E+02    1.36424E+00    2.55576E-01
    3.11200E+02    1.36854E+00    2.54477E-01
    3.11300E+02    1.37293E+00    2.53362E-01
    3.11400E+02    1.37743E+00    2.52225E-01
    3.11500E+02    1.38205E+00    2.51062E-01
    3.11600E+02    1.38686E+00    2.49858E-01
    3.11700E+02    1.39166E+00    2.48661E-01
    3.11800E+02    1.39652E+00    2.47457E-01
    3.11900E+02    1.40151E+00    2.46224E-01
    3.12000E+02    1.40666E+00    2.44959E-01
    3.12100E+02    1.41194E+00    2.43670E-01
    3.12200E+02    1.41734E+00    2.42358E-01
    3.12300E+02    1.42288E+00    2.41020E-01
    3.12400E+02    1.42854E+00    2.39659E-01
    3.12500E+02    1.43440E+00    2.38259E-01
    3.12600E+02    1.44035E+00    2.36845E-01
    3.12700E+02    1.44634E+00    2.35430E-01
    3.12800E+02    1.45255E+00    2.33972E-01
    3.12900E+02    1.45917E+00    2.32429E-01
    3.13000E+02    1.46538E+00    2.30990E-01
    3.13100E+02    1.47197E+00    2.29473E-01
    3.13200E+02    1.47865E+00    2.27946E-01
    3.13300E+02    1.48552E+00    2.26384E-01
    3.13400E+02    1.49254E+00    2.24802E-01
    3.13500E+02    1.49972E+00    2.23192E-01
    3.13600E+02    1.50716E+00    2.21539E-01
    3.13700E+02    1.51419E+00    2.19986E-01
    3.13800E+02    1.52158E+00    2.18366E-01
    3.13900E+02    1.52914E+00    2.16722E-01
    3.14000E+02    1.53735E+00    2.14950E-01
    3.14100E+02    1.54442E+00    2.13437E-01
    3.14200E+02    1.55225E+00    2.11770E-01
    3.14300E+02    1.56031E+00    2.10071E-01
    3.14400E+02    1.56858E+00    2.08341E-01
    3.14500E+02    1.57706E+00    2.06581E-01
    3.14600E+02    1.58580E+00    2.04785E-01
    3.14700E+02    1.59478E+00    2.02953E-01
    3.14800E+02    1.60405E+00    2.01080E-01
    3.14900E+02    1.61362E+00    1.99165E-01
    3.15000E+02    1.62352E+00    1.97202E-01
    3.15100E+02    1.63383E+00    1.95181E-01
    3.15200E+02    1.64446E+00    1.93116E-01
    3.15300E+02    1.65560E+00    1.90977E-01
    3.15400E+02    1.66737E+00    1.88743E-01
    3.15500E+02    1.68005E+00    1.86365E-01
    3.15600E+02    1.69431E+00    1.83725E-01
    3.15700E+02    1.71243E+00    1.80427E-01
    3.15800E+02    1.74665E+00    1.74356E-01
    3.15900E+02    1.80881E+00    1.63849E-01
    3.16000E+02    1.76139E+00    1.71807E-01
    3.16100E+02    1.76928E+00    1.70456E-01
    3.16200E+02    1.79235E+00    1.66569E-01
    3.16300E+02    1.87524E+00    1.53318E-01
    3.16400E+02    1.83945E+00    1.58905E-01
    3.16500E+02    1.82733E+00    1.60843E-01
    3.16600E+02    1.83727E+00    1.59251E-01
    3.16700E+02    1.85804E+00    1.55978E-01
    3.16800E+02    1.86438E+00    1.54992E-01
    3.16900E+02    1.87993E+00    1.52600E-01
    3.17000E+02    1.89770E+00    1.49914E-01
    3.17100E+02    1.91817E+00    1.46876E-01
    3.17200E+02    1.95431E+00    1.41662E-01
    3.17300E+02    1.95641E+00    1.41365E-01
    3.17400E+02    1.97480E+00    1.38789E-01
    3.17500E+02    1.99547E+00    1.35950E-01
    3.17600E+02    2.01745E+00    1.32995E-01
    3.17700E+02    2.04052E+00    1.29961E-01
    3.17800E+02    2.06459E+00    1.26871E-01
    3.17900E+02    2.08968E+00    1.23727E-01
    3.18000E+02    2.11585E+00    1.20530E-01
    3.18100E+02    2.14330E+00    1.17267E-01
    3.18200E+02    2.17180E+00    1.13973E-01
    3.18300E+02    2.20167E+00    1.10618E-01
    3.18400E+02    2.23290E+00    1.07217E-01
    3.18500E+02    2.26568E+00    1.03760E-01
    3.18600E+02    2.29980E+00    1.00278E-01
    3.18700E+02    2.33573E+00    9.67403E-02
    3.18800E+02    2.37339E+00    9.31642E-02
    3.18900E+02    2.41299E+00    8.95471E-02
    3.19000E+02    2.45456E+00    8.59008E-02
    3.19100E+02    2.49832E+00    8.22234E-02
    3.19200E+02    2.54462E+00    7.85030E-02
    3.19300E+02    2.59326E+00    7.47760E-02
    3.19400E+02    2.64488E+00    7.10140E-02
    3.19500E+02    2.69931E+00    6.72521E-02
    3.19600E+02    2.75732E+00    6.34619E-02
    3.19700E+02    2.81972E+00    5.96228E-02
    3.19800E+02    2.88845E+00    5.56626E-02
    3.19900E+02    2.97228E+00    5.11866E-02
    3.20000E+02    3.17979E+00    4.15944E-02
    3.20100E+02    3.11696E+00    4.42916E-02
    3.20200E+02    3.18164E+00    4.15175E-02
    3.20300E+02    3.26097E+00    3.83510E-02
    3.20400E+02    3.34762E+00    3.51678E-02
    3.20500E+02    3.43962E+00    3.20767E-02
    3.20600E+02    3.53666E+00    2.91105E-02
    3.20700E+02    3.63805E+00    2.63037E-02
    3.20800E+02    3.74346E+00    2.36720E-02
    3.20900E+02    3.85218E+00    2.12334E-02
    3.21000E+02    3.96364E+00    1.89938E-02
    3.21100E+02    4.07729E+00    1.69534E-02
    3.21200E+02    4.19249E+00    1.51087E-02
    3.21300E+02    4.30897E+00    1.34474E-02
    3.21400E+02    4.42836E+00    1.19341E-02
    3.21500E+02    4.55221E+00    1.05438E-02
    3.21600E+02    4.68199E+00    9.26060E-03
    3.21700E+02    4.81969E+00    8.06932E-03
    3.21800E+02    4.96695E+00    6.96434E-03
    3.21900E+02    5.12566E+00    5.94231E-03
    3.22000E+02    5.29946E+00    4.99429E-03
    3.22100E+02    5.48285E+00    4.15744E-03
    3.22200E+02    5.68322E+00    3.40257E-03
    3.22300E+02    5.90092E+00    2.73692E-03
    3.22400E+02    6.13739E+00    2.16055E-03
    3.22500E+02    6.39403E+00    1.67151E-03
    3.22600E+02    6.67245E+00    1.26530E-03
    3.22700E+02    6.97494E+00    9.35023E-04
    3.22800E+02    7.30296E+00    6.73544E-04
    3.22900E+02    7.65952E+00    4.71535E-04
    3.23000E+02    8.04674E+00    3.20144E-04
    3.23100E+02    8.46723E+00    2.10246E-04
    3.23200E+02    8.92376E+00    1.33186E-04
    3.23300E+02    9.41895E+00    8.11714E-05
    3.23400E+02    9.95583E+00    4.74504E-05
    3.23500E+02    1.05372E+01    2.65319E-05
    3.23600E+02    1.11654E+01    1.41552E-05
    3.23700E+02    1.18486E+01    7.14884E-06
    3.23800E+02    1.25715E+01    3.46944E-06
    3.23900E+02    1.33514E+01    1.59067E-06
    3.24000E+02    1.41825E+01    6.92817E-07
    3.24100E+02    1.50627E+01    2.87299E-07
    3.24200E+02    1.59891E+01    1.13773E-07
    3.24300E+02    1.69514E+01    4.34606E-08
    3.24400E+02    1.79406E+01    1.61627E-08
    3.24500E+02    1.89389E+01    5.95595E-09
    3.24600E+02    1.99253E+01    2.22104E-09
    3.24700E+02    2.08708E+01    8.62813E-10
    3.24800E+02    2.17395E+01    3.61940E-10
    3.24900E+02    2.24904E+01    1.70822E-10
    3.25000E+02    2.30724E+01    9.54517E-11
    3.25100E+02    2.34278E+01    6.69042E-11
    3.25200E+02    2.34515E+01    6.53330E-11
    3.25300E+02    2.31357E+01    8.95970E-11
    3.25400E+02    2.25892E+01    1.54747E-10
    3.25500E+02    2.18679E+01    3.18348E-10
    3.25600E+02    2.10238E+01    7.40448E-10
    3.25700E+02    2.00968E+01    1.87093E-09
    3.25800E+02    1.91260E+01    4.93931E-09
    3.25900E+02    1.81384E+01    1.32616E-08
    3.26000E+02    1.71569E+01    3.53860E-08
    3.26100E+02    1.61985E+01    9.22770E-08
    3.26200E+02    1.52741E+01    2.32556E-07
    3.26300E+02    1.43933E+01    5.61159E-07
    3.26400E+02    1.35616E+01    1.28903E-06
    3.26500E+02    1.27807E+01    2.81444E-06
    3.26600E+02    1.20485E+01    5.85355E-06
    3.26700E+02    1.13738E+01    1.14922E-05
    3.26800E+02    1.07682E+01    2.10591E-05
    3.26900E+02    1.04494E+01    2.89659E-05
    3.27000E+02    9.63305E+00    6.55270E-05
    3.27100E+02    9.09680E+00    1.12024E-04
    3.27200E+02    8.61957E+00    1.80537E-04
    3.27300E+02    8.18324E+00    2.79296E-04
    3.27400E+02    7.78167E+00    4.17313E-04
    3.27500E+02    7.41129E+00    6.04388E-04
    3.27600E+02    7.06970E+00    8.50492E-04
    3.27700E+02    6.75619E+00    1.16365E-03
    3.27800E+02    6.47532E+00    1.54100E-03
    3.27900E+02    6.20004E+00    2.02934E-03
    3.28000E+02    5.93687E+00    2.64029E-03
    3.28100E+02    5.69978E+00    3.34669E-03
    3.28200E+02    5.48092E+00    4.16548E-03
    3.28300E+02    5.27766E+00    5.10437E-03
    3.28400E+02    5.08845E+00    6.16759E-03
    3.28500E+02    4.91231E+00    7.35548E-03
    3.28600E+02    4.74771E+00    8.67149E-03
    3.28700E+02    4.59398E+00    1.01125E-02
    3.28800E+02    4.45033E+00    1.16747E-02
    3.28900E+02    4.31578E+00    1.33561E-02
    3.29000E+02    4.18977E+00    1.51498E-02
    3.29100E+02    4.07156E+00    1.70508E-02
    3.29200E+02    3.96049E+00    1.90538E-02
    3.29300E+02    3.85621E+00    2.11479E-02
    3.29400E+02    3.75788E+00    2.33332E-02
    3.29500E+02    3.66547E+00    2.55921E-02
    3.29600E+02    3.57850E+00    2.79174E-02
    3.29700E+02    3.49638E+00    3.03068E-02
    3.29800E+02    3.41968E+00    3.27228E-02
    3.29900E+02    3.34541E+00    3.52457E-02
    3.30000E+02    3.27591E+00    3.77823E-02
    3.30100E+02    3.21031E+00    4.03440E-02
    3.30200E+02    3.14823E+00    4.29280E-02
    3.30300E+02    3.08935E+00    4.55314E-02
    3.30400E+02    3.03358E+00    4.81430E-02
    3.30500E+02    2.98053E+00    5.07662E-02
    3.30600E+02    2.93028E+00    5.33821E-02
    3.30700E+02    2.88253E+00    5.59932E-02
    3.30800E+02    2.83700E+00    5.86014E-02
    3.30900E+02    2.79378E+00    6.11895E-02
    3.31000E+02    2.75270E+00    6.37553E-02
    3.31100E+02    2.71350E+00    6.63044E-02
    3.31200E+02    2.67617E+00    6.88265E-02
    3.31300E+02    2.64059E+00    7.13191E-02
    3.31400E+02    2.60665E+00    7.37814E-02
    3.31500E+02    2.57435E+00    7.62030E-02
    3.31600E+02    2.54350E+00    7.85905E-02
    3.31700E+02    2.51416E+00    8.09305E-02
    3.31800E+02    2.48684E+00    8.31726E-02
    3.31900E+02    2.45940E+00    8.54858E-02
    3.32000E+02    2.43392E+00    8.76926E-02
    3.32100E+02    2.40998E+00    8.98172E-02
    3.32200E+02    2.38722E+00    9.18851E-02
    3.32300E+02    2.36624E+00    9.38331E-02
    3.32400E+02    2.34779E+00    9.55805E-02
    3.32500E+02    2.33418E+00    9.68897E-02
    3.32600E+02    2.33522E+00    9.67887E-02
    3.32700E+02    2.48816E+00    8.30625E-02
    3.32800E+02    2.31655E+00    9.86136E-02
    3.32900E+02    2.31304E+00    9.89596E-02
    3.33000E+02    2.24577E+00    1.05846E-01
    3.33100E+02    2.21947E+00    1.08666E-01
    3.33200E+02    2.19976E+00    1.10829E-01
    3.33300E+02    2.18255E+00    1.12754E-01
    3.33400E+02    2.16690E+00    1.14532E-01
    3.33500E+02    2.15211E+00    1.16238E-01
    3.33600E+02    2.13831E+00    1.17854E-01
    3.33700E+02    2.12508E+00    1.19424E-01
    3.33800E+02    2.11257E+00    1.20926E-01
    3.33900E+02    2.10064E+00    1.22378E-01
    3.34000E+02    2.08915E+00    1.23792E-01
    3.34100E+02    2.07795E+00    1.25186E-01
    3.34200E+02    2.06734E+00    1.26522E-01
    3.34300E+02    2.05730E+00    1.27799E-01
    3.34400E+02    2.04750E+00    1.29058E-01
    3.34500E+02    2.03825E+00    1.30256E-01
    3.34600E+02    2.02935E+00    1.31421E-01
    3.34700E+02    2.02089E+00    1.32537E-01
    3.34800E+02    2.01272E+00    1.33624E-01
    3.34900E+02    2.00511E+00    1.34646E-01
    3.35000E+02    1.99814E+00    1.35588E-01
    3.35100E+02    1.99254E+00    1.36349E-01
    3.35200E+02    1.99194E+00    1.36430E-01
    3.35300E+02    1.99612E+00    1.35861E-01
    3.35400E+02    1.97318E+00    1.39015E-01
    3.35500E+02    1.96380E+00    1.40324E-01
    3.35600E+02    1.95649E+00    1.41354E-01
    3.35700E+02    1.95018E+00    1.42248E-01
    3.35800E+02    1.94343E+00    1.43212E-01
    3.35900E+02    1.93777E+00    1.44025E-01
    3.36000E+02    1.93155E+00    1.44923E-01
    3.36100E+02    1.92596E+00    1.45736E-01
    3.36200E+02    1.92102E+00    1.46457E-01
    3.36300E+02    1.91541E+00    1.47281E-01
    3.36400E+02    1.91045E+00    1.48014E-01
    3.36500E+02    1.90566E+00    1.48725E-01
    3.36600E+02    1.90110E+00    1.49404E-01
    3.36700E+02    1.89666E+00    1.50069E-01
    3.36800E+02    1.89243E+00    1.50705E-01
    3.36900E+02    1.88842E+00    1.51311E-01
    3.37000E+02    1.88454E+00    1.51899E-01
    3.37100E+02    1.88098E+00    1.52441E-01
    3.37200E+02    1.87742E+00    1.52985E-01
    3.37300E+02    1.87401E+00    1.53508E-01
    3.37400E+02    1.87077E+00    1.54005E-01
    3.37500E+02    1.86778E+00    1.54467E-01
    3.37600E+02    1.86510E+00    1.54880E-01
    3.37700E+02    1.86204E+00    1.55355E-01
    3.37800E+02    1.85910E+00    1.55813E-01
    3.37900E+02    1.85644E+00    1.56227E-01
    3.38000E+02    1.85395E+00    1.56617E-01
    3.38100E+02    1.85166E+00    1.56976E-01
    3.38200E+02    1.84940E+00    1.57331E-01
    3.38300E+02    1.84741E+00    1.57645E-01
    3.38400E+02    1.84540E+00    1.57962E-01
    3.38500E+02    1.84351E+00    1.58261E-01
    3.38600E+02    1.84189E+00    1.58517E-01
    3.38700E+02    1.84157E+00    1.58568E-01
    3.38800E+02    1.83883E+00    1.59004E-01
    3.38900E+02    1.83702E+00    1.59291E-01
    3.39000E+02    1.83549E+00    1.59536E-01
    3.39100E+02    1.83411E+00    1.59755E-01
    3.39200E+02    1.83287E+00    1.59953E-01
    3.39300E+02    1.83171E+00    1.60140E-01
    3.39400E+02    1.83065E+00    1.60310E-01
    3.39500E+02    1.82966E+00    1.60468E-01
    3.39600E+02    1.82876E+00    1.60612E-01
    3.39700E+02    1.82794E+00    1.60744E-01
    3.39800E+02    1.82722E+00    1.60861E-01
    3.39900E+02    1.82658E+00    1.60964E-01
    3.40000E+02    1.82594E+00    1.61067E-01
    3.40100E+02    1.82540E+00    1.61152E-01
    3.40200E+02    1.82496E+00    1.61224E-01
    3.40300E+02    1.82457E+00    1.61288E-01
    3.40400E+02    1.82426E+00    1.61337E-01
    3.40500E+02    1.82402E+00    1.61375E-01
    3.40600E+02    1.82394E+00    1.61388E-01
    3.40700E+02    1.82413E+00    1.61358E-01
    3.40800E+02    1.82369E+00    1.61429E-01
    3.40900E+02    1.82364E+00    1.61437E-01
    3.41000E+02    1.82368E+00    1.61430E-01
    3.41100E+02    1.82378E+00    1.61414E-01
    3.41200E+02    1.82396E+00    1.61385E-01
    3.41300E+02    1.82420E+00    1.61347E-01
    3.41400E+02    1.82449E+00    1.61300E-01
    3.41500E+02    1.82484E+00    1.61243E-01
    3.41600E+02    1.82525E+00    1.61177E-01
    3.41700E+02    1.82572E+00    1.61101E-01
    3.41800E+02    1.82630E+00    1.61009E-01
    3.41900E+02    1.82707E+00    1.60884E-01
    3.42000E+02    1.82756E+00    1.60806E-01
    3.42100E+02    1.82871E+00    1.60621E-01
    3.42200E+02    1.82898E+00    1.60577E-01
    3.42300E+02    1.82977E+00    1.60451E-01
    3.42400E+02    1.83067E+00    1.60306E-01
    3.42500E+02    1.83168E+00    1.60144E-01
    3.42600E+02    1.83272E+00    1.59977E-01
    3.42700E+02    1.83397E+00    1.59777E-01
    3.42800E+02    1.83548E+00    1.59537E-01
    3.42900E+02    1.83744E+00    1.59225E-01
    3.43000E+02    1.84056E+00    1.58728E-01
    3.43100E+02    1.84799E+00    1.57553E-01
    3.43200E+02    1.87611E+00    1.53184E-01
    3.43300E+02    1.85842E+00    1.55919E-01
    3.43400E+02    1.84934E+00    1.57340E-01
    3.43500E+02    1.86020E+00    1.55642E-01
    3.43600E+02    1.84800E+00    1.57552E-01
    3.43700E+02    1.84693E+00    1.57721E-01
    3.43800E+02    1.84739E+00    1.57648E-01
    3.43900E+02    1.84837E+00    1.57494E-01
    3.44000E+02    1.84953E+00    1.57311E-01
    3.44100E+02    1.85084E+00    1.57106E-01
    3.44200E+02    1.85225E+00    1.56884E-01
    3.44300E+02    1.85373E+00    1.56651E-01
    3.44400E+02    1.85529E+00    1.56408E-01
    3.44500E+02    1.85690E+00    1.56155E-01
    3.44600E+02    1.85860E+00    1.55891E-01
    3.44700E+02    1.86030E+00    1.55626E-01
    3.44800E+02    1.86211E+00    1.55344E-01
    3.44900E+02    1.86392E+00    1.55064E-01
    3.45000E+02    1.86569E+00    1.54789E-01
    3.45100E+02    1.86755E+00    1.54502E-01
    3.45200E+02    1.86947E+00    1.54205E-01
    3.45300E+02    1.87142E+00    1.53905E-01
    3.45400E+02    1.87342E+00    1.53597E-01
    3.45500E+02    1.87546E+00    1.53284E-01
    3.45600E+02    1.87755E+00    1.52965E-01
    3.45700E+02    1.87966E+00    1.52643E-01
    3.45800E+02    1.88181E+00    1.52315E-01
    3.45900E+02    1.88401E+00    1.51979E-01
    3.46000E+02    1.88623E+00    1.51643E-01
    3.46100E+02    1.88848E+00    1.51301E-01
    3.46200E+02    1.89081E+00    1.50950E-01
    3.46300E+02    1.89312E+00    1.50601E-01
    3.46400E+02    1.89556E+00    1.50235E-01
    3.46500E+02    1.89788E+00    1.49887E-01
    3.46600E+02    1.90042E+00    1.49506E-01
    3.46700E+02    1.90286E+00    1.49142E-01
    3.46800E+02    1.90544E+00    1.48758E-01
    3.46900E+02    1.90803E+00    1.48372E-01
    3.47000E+02    1.91059E+00    1.47994E-01
    3.47100E+02    1.91325E+00    1.47600E-01
    3.47200E+02    1.91613E+00    1.47175E-01
    3.47300E+02    1.91869E+00    1.46800E-01
    3.47400E+02    1.92133E+00    1.46412E-01
    3.47500E+02    1.92404E+00    1.46016E-01
    3.47600E+02    1.92689E+00    1.45600E-01
    3.47700E+02    1.92978E+00    1.45180E-01
    3.47800E+02    1.93310E+00    1.44700E-01
    3.47900E+02    1.93560E+00    1.44338E-01
    3.48000E+02    1.93866E+00    1.43897E-01
    3.48100E+02    1.94154E+00    1.43484E-01
    3.48200E+02    1.94456E+00    1.43050E-01
    3.48300E+02    1.94760E+00    1.42616E-01
    3.48400E+02    1.95075E+00    1.42167E-01
    3.48500E+02    1.95393E+00    1.41716E-01
    3.48600E+02    1.95725E+00    1.41246E-01
    3.48700E+02    1.96032E+00    1.40813E-01
    3.48800E+02    1.96367E+00    1.40342E-01
    3.48900E+02    1.96694E+00    1.39884E-01
    3.49000E+02    1.97058E+00    1.39376E-01
    3.49100E+02    1.97368E+00    1.38944E-01
    3.49200E+02    1.97714E+00    1.38465E-01
    3.49300E+02    1.98065E+00    1.37980E-01
    3.49400E+02    1.98432E+00    1.37474E-01
    3.49500E+02    1.98813E+00    1.36951E-01
    3.49600E+02    1.99215E+00    1.36402E-01
    3.49700E+02    1.99747E+00    1.35677E-01
    3.49800E+02    2.00068E+00    1.35243E-01
    3.49900E+02    2.00296E+00    1.34936E-01
